60
-3.90197266962515
-5.28826703074504
-5.28826703074504
-5.28826703074504
-5.28826703074504
-5.28826703074504
-5.28826703074504
-5.28826703074504
-5.28826703074504
-5.28826703074504
-3.90197266962515
-1.62470538461539
-5.28826703074504
-5.28826703074504
-5.28826703074504
-5.28826703074504
-5.28826703074504
-5.28826703074504
-5.28826703074504
-5.28826703074504
-3.49650756151699
-3.90197266962515
-5.28826703074504
-5.28826703074504
-5.28826703074504
-3.90197266962515
-5.28826703074504
-5.28826703074504
-5.28826703074504
-5.28826703074504
-5.28826703074504
-5.28826703074504
-5.28826703074504
-5.28826703074504
-5.28826703074504
-5.28826703074504
-5.28826703074504
-5.28826703074504
-5.28826703074504
-5.28826703074504
-5.28826703074504
-5.28826703074504
-5.28826703074504
-5.28826703074504
-5.28826703074504
-3.34235688168973
-0.984201937540871
-5.28826703074504
-5.28826703074504
-5.28826703074504
-5.28826703074504
-5.28826703074504
-5.28826703074504
-5.28826703074504
-5.28826703074504
-5.28826703074504
-4.18965474207693
-4.5951198501851
-5.28826703074504
-5.28826703074504
60 60
-19.2282382801495
-3.78418963539553
-4.11087386433725
-4.11087386433725
-4.11087386433725
-4.2341065053219
-4.12713438520638
-4.26267987718216
-4.11087386433725
-4.11087386433725
-4.1896547469182
-4.27276966470458
-4.35670883963831
-4.11087386433725
-4.11087386433725
-4.15888308351592
-4.11087386433725
-4.17438727004948
-4.11087386433725
-4.11087386433725
-6.47697237072045
-5.2040066886702
-4.21950770532316
-4.11087386433725
-4.11087386433725
-3.14031350553818
-4.33073334120738
-4.12713438520638
-4.11087386433725
-4.11087386433725
-4.27666611915495
-4.34380542341213
-4.14313472655026
-4.11087386433725
-4.11087386433725
-3.16758253200697
-4.49980967299693
-4.14313472655026
-4.11087386433725
-4.11087386433725
-4.5538768917058
-4.14313472670899
-4.25797399270202
-4.11087386433725
-4.11087386433725
-5.7071102727223
-4.29848519592309
-4.27666612415494
-4.11087386433725
-4.11087386433725
-4.23410650517697
-4.12713438536767
-4.12713438520638
-4.11087386433725
-4.11087386433725
-3.76120011662379
-5.43807931044493
-4.36309862714505
-4.11087386433725
-4.11087386433725
-3.89859998955546
-20.3330682024463
-4.11087386433725
-4.11087386433725
-4.11087386433725
-4.2341065053219
-4.12713438520638
-4.26267987718216
-4.11087386433725
-4.11087386433725
-5.44241771541357
-4.78359528847057
-4.35670883963831
-4.11087386433725
-4.11087386433725
-4.15888308351592
-4.11087386433725
-4.17438727004948
-4.11087386433725
-4.11087386433725
-5.78382519016051
-5.89715386923015
-4.21950770532316
-4.11087386433725
-4.11087386433725
-3.95124372175451
-3.23212105253928
-4.12713438520638
-4.11087386433725
-4.11087386433725
-3.583518938595
-4.34380542341213
-4.14313472655026
-4.11087386433725
-4.11087386433725
-5.2470240736868
-4.49980967299693
-4.14313472655026
-4.11087386433725
-4.11087386433725
-4.5538768917058
-4.14313472670899
-4.66343910081018
-4.11087386433725
-4.11087386433725
-5.7071102727223
-7.1316985399793
-4.27666612415494
-4.11087386433725
-4.11087386433725
-4.23410650517697
-4.12713438536767
-4.12713438520638
-4.11087386433725
-4.11087386433725
-4.45434729718374
-5.43807931044493
-4.36309862714505
-4.11087386433725
-4.11087386433725
-4.99721227822357
-4.47733681595548
-22.5315546082896
-4.11087386433725
-4.11087386433725
-4.2341065053219
-4.12713438520638
-4.26267987718216
-4.11087386433725
-4.11087386433725
-6.13556489597351
-6.79849830901284
-4.35670883963831
-4.11087386433725
-4.11087386433725
-4.15888308351592
-4.11087386433725
-4.17438727004948
-4.11087386433725
-4.11087386433725
-6.47697237072045
-5.89715386923015
-4.21950770532316
-4.11087386433725
-4.11087386433725
-5.3375380828744
-4.33073334120738
-4.12713438520638
-4.11087386433725
-4.11087386433725
-4.27666611915495
-4.34380542341213
-4.14313472655026
-4.11087386433725
-4.11087386433725
-5.2470240736868
-4.49980967299693
-4.14313472655026
-4.11087386433725
-4.11087386433725
-4.5538768917058
-4.14313472670899
-5.35658628137013
-4.11087386433725
-4.11087386433725
-5.7071102727223
-7.82484572053925
-4.27666612415494
-4.11087386433725
-4.11087386433725
-4.23410650517697
-4.12713438536767
-4.12713438520638
-4.11087386433725
-4.11087386433725
-4.45434729718374
-5.43807931044493
-5.056245807705
-4.11087386433725
-4.11087386433725
-4.99721227822357
-4.47733681595548
-4.11087386433725
-22.5315546082896
-4.11087386433725
-4.2341065053219
-4.12713438520638
-4.26267987718216
-4.11087386433725
-4.11087386433725
-6.13556489597351
-7.49164548957278
-4.35670883963831
-4.11087386433725
-4.11087386433725
-4.15888308351592
-4.11087386433725
-4.17438727004948
-4.11087386433725
-4.11087386433725
-6.47697237072045
-5.89715386923015
-4.21950770532316
-4.11087386433725
-4.11087386433725
-5.3375380828744
-4.33073334120738
-4.12713438520638
-4.11087386433725
-4.11087386433725
-4.27666611915495
-4.34380542341213
-4.14313472655026
-4.11087386433725
-4.11087386433725
-5.2470240736868
-4.49980967299693
-4.14313472655026
-4.11087386433725
-4.11087386433725
-4.5538768917058
-4.14313472670899
-5.35658628137013
-4.11087386433725
-4.11087386433725
-5.7071102727223
-7.82484572053925
-4.27666612415494
-4.11087386433725
-4.11087386433725
-4.23410650517697
-4.12713438536767
-4.12713438520638
-4.11087386433725
-4.11087386433725
-4.45434729718374
-5.43807931044493
-5.056245807705
-4.11087386433725
-4.11087386433725
-4.99721227822357
-4.47733681595548
-4.11087386433725
-4.11087386433725
-22.5315546082896
-4.2341065053219
-4.12713438520638
-4.26267987718216
-4.11087386433725
-4.11087386433725
-6.13556489597351
-7.49164548957278
-4.35670883963831
-4.11087386433725
-4.11087386433725
-4.15888308351592
-4.11087386433725
-4.17438727004948
-4.11087386433725
-4.11087386433725
-6.47697237072045
-5.89715386923015
-4.21950770532316
-4.11087386433725
-4.11087386433725
-5.3375380828744
-4.33073334120738
-4.12713438520638
-4.11087386433725
-4.11087386433725
-4.27666611915495
-4.34380542341213
-4.14313472655026
-4.11087386433725
-4.11087386433725
-5.2470240736868
-4.49980967299693
-4.14313472655026
-4.11087386433725
-4.11087386433725
-4.5538768917058
-4.14313472670899
-5.35658628137013
-4.11087386433725
-4.11087386433725
-5.7071102727223
-7.82484572053925
-4.27666612415494
-4.11087386433725
-4.11087386433725
-4.23410650517697
-4.12713438536767
-4.12713438520638
-4.11087386433725
-4.11087386433725
-4.45434729718374
-5.43807931044493
-5.056245807705
-4.11087386433725
-4.11087386433725
-4.99721227822357
-4.47733681595548
-4.11087386433725
-4.11087386433725
-4.11087386433725
-21.0453493368402
-4.12713438520638
-4.26267987718216
-4.11087386433725
-4.11087386433725
-6.13556489597351
-6.10535112845289
-4.35670883963831
-4.11087386433725
-4.11087386433725
-4.15888308351592
-4.11087386433725
-4.17438727004948
-4.11087386433725
-4.11087386433725
-6.47697237072045
-5.89715386923015
-4.21950770532316
-4.11087386433725
-4.11087386433725
-5.3375380828744
-4.33073334120738
-3.43398720464644
-4.11087386433725
-4.11087386433725
-4.27666611915495
-3.65065824285218
-4.14313472655026
-4.11087386433725
-4.11087386433725
-5.2470240736868
-4.49980967299693
-4.14313472655026
-4.11087386433725
-4.11087386433725
-4.5538768917058
-4.14313472670899
-5.35658628137013
-4.11087386433725
-4.11087386433725
-5.7071102727223
-6.21540780810515
-4.27666612415494
-4.11087386433725
-4.11087386433725
-4.23410650517697
-4.12713438536767
-4.12713438520638
-4.11087386433725
-4.11087386433725
-4.45434729718374
-4.74493212988499
-5.056245807705
-4.11087386433725
-4.11087386433725
-4.99721227822357
-4.47733681595548
-4.11087386433725
-4.11087386433725
-4.11087386433725
-4.2341065053219
-22.5478151291587
-4.26267987718216
-4.11087386433725
-4.11087386433725
-6.13556489597351
-7.49164548957278
-4.35670883963831
-4.11087386433725
-4.11087386433725
-4.15888308351592
-4.11087386433725
-4.17438727004948
-4.11087386433725
-4.11087386433725
-6.47697237072045
-5.89715386923015
-4.21950770532316
-4.11087386433725
-4.11087386433725
-5.3375380828744
-4.33073334120738
-4.12713438520638
-4.11087386433725
-4.11087386433725
-4.27666611915495
-4.34380542341213
-4.14313472655026
-4.11087386433725
-4.11087386433725
-5.2470240736868
-4.49980967299693
-4.14313472655026
-4.11087386433725
-4.11087386433725
-4.5538768917058
-4.14313472670899
-5.35658628137013
-4.11087386433725
-4.11087386433725
-5.7071102727223
-7.82484572053925
-4.27666612415494
-4.11087386433725
-4.11087386433725
-4.23410650517697
-4.12713438536767
-4.12713438520638
-4.11087386433725
-4.11087386433725
-4.45434729718374
-4.74493212988499
-5.056245807705
-4.11087386433725
-4.11087386433725
-4.99721227822357
-4.47733681595548
-4.11087386433725
-4.11087386433725
-4.11087386433725
-4.2341065053219
-4.12713438520638
-22.6833606211345
-4.11087386433725
-4.11087386433725
-4.52612698353941
-5.88220757713868
-4.35670883963831
-4.11087386433725
-4.11087386433725
-4.15888308351592
-4.11087386433725
-4.17438727004948
-4.11087386433725
-4.11087386433725
-6.47697237072045
-5.89715386923015
-4.21950770532316
-4.11087386433725
-4.11087386433725
-5.3375380828744
-4.33073334120738
-4.12713438520638
-4.11087386433725
-4.11087386433725
-4.27666611915495
-4.34380542341213
-4.14313472655026
-4.11087386433725
-4.11087386433725
-5.2470240736868
-3.40119738432882
-4.14313472655026
-4.11087386433725
-4.11087386433725
-4.5538768917058
-4.14313472670899
-5.35658628137013
-4.11087386433725
-4.11087386433725
-5.7071102727223
-7.82484572053925
-4.27666612415494
-4.11087386433725
-4.11087386433725
-4.23410650517697
-4.12713438536767
-4.12713438520638
-4.11087386433725
-4.11087386433725
-4.45434729718374
-5.43807931044493
-5.056245807705
-4.11087386433725
-4.11087386433725
-4.99721227822357
-4.47733681595548
-4.11087386433725
-4.11087386433725
-4.11087386433725
-4.2341065053219
-4.12713438520638
-4.26267987718216
-22.5315546082896
-4.11087386433725
-6.13556489597351
-7.49164548957278
-4.35670883963831
-4.11087386433725
-4.11087386433725
-4.15888308351592
-4.11087386433725
-4.17438727004948
-4.11087386433725
-4.11087386433725
-6.47697237072045
-5.89715386923015
-4.21950770532316
-4.11087386433725
-4.11087386433725
-5.3375380828744
-4.33073334120738
-4.12713438520638
-4.11087386433725
-4.11087386433725
-4.27666611915495
-4.34380542341213
-4.14313472655026
-4.11087386433725
-4.11087386433725
-5.2470240736868
-4.49980967299693
-4.14313472655026
-4.11087386433725
-4.11087386433725
-4.5538768917058
-4.14313472670899
-5.35658628137013
-4.11087386433725
-4.11087386433725
-5.7071102727223
-7.82484572053925
-4.27666612415494
-4.11087386433725
-4.11087386433725
-4.23410650517697
-4.12713438536767
-4.12713438520638
-4.11087386433725
-4.11087386433725
-4.45434729718374
-5.43807931044493
-5.056245807705
-4.11087386433725
-4.11087386433725
-4.99721227822357
-4.47733681595548
-4.11087386433725
-4.11087386433725
-4.11087386433725
-4.2341065053219
-4.12713438520638
-4.26267987718216
-4.11087386433725
-22.5315546082896
-6.13556489597351
-7.49164548957278
-4.35670883963831
-4.11087386433725
-4.11087386433725
-4.15888308351592
-4.11087386433725
-4.17438727004948
-4.11087386433725
-4.11087386433725
-6.47697237072045
-5.89715386923015
-4.21950770532316
-4.11087386433725
-4.11087386433725
-5.3375380828744
-4.33073334120738
-4.12713438520638
-4.11087386433725
-4.11087386433725
-4.27666611915495
-4.34380542341213
-4.14313472655026
-4.11087386433725
-4.11087386433725
-5.2470240736868
-4.49980967299693
-4.14313472655026
-4.11087386433725
-4.11087386433725
-4.5538768917058
-4.14313472670899
-5.35658628137013
-4.11087386433725
-4.11087386433725
-5.7071102727223
-7.82484572053925
-4.27666612415494
-4.11087386433725
-4.11087386433725
-4.23410650517697
-4.12713438536767
-4.12713438520638
-4.11087386433725
-4.11087386433725
-4.45434729718374
-5.43807931044493
-5.056245807705
-4.11087386433725
-4.11087386433725
-3.89859998955546
-3.09104245483559
-4.11087386433725
-4.11087386433725
-4.11087386433725
-4.2341065053219
-4.12713438520638
-2.65324196474806
-4.11087386433725
-4.11087386433725
-19.1357106406536
-2.77314661827769
-4.35670883963831
-4.11087386433725
-4.11087386433725
-4.15888308351592
-4.11087386433725
-4.17438727004948
-4.11087386433725
-4.11087386433725
-3.83791504110519
-3.95124372017483
-3.52636052476322
-4.11087386433725
-4.11087386433725
-5.3375380828744
-4.33073334120738
-4.12713438520638
-4.11087386433725
-4.11087386433725
-4.27666611915495
-2.95751106229224
-4.14313472655026
-4.11087386433725
-4.11087386433725
-2.60796674407154
-3.80666249243699
-4.14313472655026
-4.11087386433725
-4.11087386433725
-4.5538768917058
-4.14313472670899
-3.74714836893603
-4.11087386433725
-4.11087386433725
-2.30591289106014
-2.59373710368466
-3.17805383548683
-4.11087386433725
-4.11087386433725
-4.23410650517697
-4.12713438536767
-4.12713438520638
-4.11087386433725
-4.11087386433725
-3.76120011662379
-3.82864139801083
-3.11033565864968
-4.11087386433725
-4.11087386433725
-2.16399893416736
-2.39789527427564
-4.11087386433725
-4.11087386433725
-4.11087386433725
-3.13549421665379
-4.12713438520638
-2.65324196474806
-4.11087386433725
-4.11087386433725
-1.33977435037677
-17.952700928427
-1.71765151002305
-4.11087386433725
-4.11087386433725
-4.15888308351592
-4.11087386433725
-2.78809290892959
-4.11087386433725
-4.11087386433725
-1.87180218473236
-1.81961642532443
-3.12089541665505
-4.11087386433725
-4.11087386433725
-1.53087559310408
-3.23212105253928
-4.12713438520638
-4.11087386433725
-4.11087386433725
-2.89037175803505
-4.34380542341213
-3.44998754599032
-4.11087386433725
-4.11087386433725
-1.39687647197674
-2.01490302320893
-4.14313472655026
-4.11087386433725
-4.11087386433725
-1.98892753424427
-4.14313472670899
-1.57239664745186
-4.11087386433725
-4.11087386433725
-2.12359133426619
-0.798418911839611
-3.17805383548683
-4.11087386433725
-4.11087386433725
-3.13549421650886
-4.12713438536767
-4.12713438520638
-4.11087386433725
-4.11087386433725
-4.45434729718374
-1.88273124895552
-1.92075159177585
-4.11087386433725
-4.11087386433725
-4.99721227822357
-4.47733681595548
-4.11087386433725
-4.11087386433725
-4.11087386433725
-4.2341065053219
-4.12713438520638
-4.26267987718216
-4.11087386433725
-4.11087386433725
-6.13556489597351
-4.78359528847057
-18.1622690667494
-4.11087386433725
-4.11087386433725
-4.15888308351592
-4.11087386433725
-4.17438727004948
-4.11087386433725
-4.11087386433725
-5.78382519016051
-5.89715386923015
-4.21950770532316
-4.11087386433725
-4.11087386433725
-4.64439090231445
-4.33073334120738
-4.12713438520638
-4.11087386433725
-4.11087386433725
-4.27666611915495
-4.34380542341213
-4.14313472655026
-4.11087386433725
-4.11087386433725
-5.2470240736868
-4.49980967299693
-4.14313472655026
-4.11087386433725
-4.11087386433725
-4.5538768917058
-4.14313472670899
-5.35658628137013
-4.11087386433725
-4.11087386433725
-5.7071102727223
-7.82484572053925
-3.583518943595
-4.11087386433725
-4.11087386433725
-4.23410650517697
-4.12713438536767
-4.12713438520638
-4.11087386433725
-4.11087386433725
-4.45434729718374
-5.43807931044493
-5.056245807705
-4.11087386433725
-4.11087386433725
-4.99721227822357
-4.47733681595548
-4.11087386433725
-4.11087386433725
-4.11087386433725
-4.2341065053219
-4.12713438520638
-4.26267987718216
-4.11087386433725
-4.11087386433725
-6.13556489597351
-7.49164548957278
-4.35670883963831
-22.5315546082896
-4.11087386433725
-4.15888308351592
-4.11087386433725
-4.17438727004948
-4.11087386433725
-4.11087386433725
-6.47697237072045
-5.89715386923015
-4.21950770532316
-4.11087386433725
-4.11087386433725
-5.3375380828744
-4.33073334120738
-4.12713438520638
-4.11087386433725
-4.11087386433725
-4.27666611915495
-4.34380542341213
-4.14313472655026
-4.11087386433725
-4.11087386433725
-5.2470240736868
-4.49980967299693
-4.14313472655026
-4.11087386433725
-4.11087386433725
-4.5538768917058
-4.14313472670899
-5.35658628137013
-4.11087386433725
-4.11087386433725
-5.7071102727223
-7.82484572053925
-4.27666612415494
-4.11087386433725
-4.11087386433725
-4.23410650517697
-4.12713438536767
-4.12713438520638
-4.11087386433725
-4.11087386433725
-4.45434729718374
-5.43807931044493
-5.056245807705
-4.11087386433725
-4.11087386433725
-4.99721227822357
-4.47733681595548
-4.11087386433725
-4.11087386433725
-4.11087386433725
-4.2341065053219
-4.12713438520638
-4.26267987718216
-4.11087386433725
-4.11087386433725
-6.13556489597351
-7.49164548957278
-4.35670883963831
-4.11087386433725
-22.5315546082896
-4.15888308351592
-4.11087386433725
-4.17438727004948
-4.11087386433725
-4.11087386433725
-6.47697237072045
-5.89715386923015
-4.21950770532316
-4.11087386433725
-4.11087386433725
-5.3375380828744
-4.33073334120738
-4.12713438520638
-4.11087386433725
-4.11087386433725
-4.27666611915495
-4.34380542341213
-4.14313472655026
-4.11087386433725
-4.11087386433725
-5.2470240736868
-4.49980967299693
-4.14313472655026
-4.11087386433725
-4.11087386433725
-4.5538768917058
-4.14313472670899
-5.35658628137013
-4.11087386433725
-4.11087386433725
-5.7071102727223
-7.82484572053925
-4.27666612415494
-4.11087386433725
-4.11087386433725
-4.23410650517697
-4.12713438536767
-4.12713438520638
-4.11087386433725
-4.11087386433725
-4.45434729718374
-5.43807931044493
-5.056245807705
-4.11087386433725
-4.11087386433725
-4.99721227822357
-4.47733681595548
-4.11087386433725
-4.11087386433725
-4.11087386433725
-4.2341065053219
-4.12713438520638
-4.26267987718216
-4.11087386433725
-4.11087386433725
-6.13556489597351
-7.49164548957278
-4.35670883963831
-4.11087386433725
-4.11087386433725
-22.5795638274683
-4.11087386433725
-4.17438727004948
-4.11087386433725
-4.11087386433725
-6.47697237072045
-5.89715386923015
-4.21950770532316
-4.11087386433725
-4.11087386433725
-5.3375380828744
-4.33073334120738
-4.12713438520638
-4.11087386433725
-4.11087386433725
-4.27666611915495
-4.34380542341213
-4.14313472655026
-4.11087386433725
-4.11087386433725
-5.2470240736868
-4.49980967299693
-4.14313472655026
-4.11087386433725
-4.11087386433725
-4.5538768917058
-4.14313472670899
-5.35658628137013
-4.11087386433725
-4.11087386433725
-5.7071102727223
-6.43855135941936
-4.27666612415494
-4.11087386433725
-4.11087386433725
-4.23410650517697
-4.12713438536767
-4.12713438520638
-4.11087386433725
-4.11087386433725
-4.45434729718374
-5.43807931044493
-5.056245807705
-4.11087386433725
-4.11087386433725
-4.99721227822357
-4.47733681595548
-4.11087386433725
-4.11087386433725
-4.11087386433725
-4.2341065053219
-4.12713438520638
-4.26267987718216
-4.11087386433725
-4.11087386433725
-6.13556489597351
-7.49164548957278
-4.35670883963831
-4.11087386433725
-4.11087386433725
-4.15888308351592
-22.5315546082896
-4.17438727004948
-4.11087386433725
-4.11087386433725
-6.47697237072045
-5.89715386923015
-4.21950770532316
-4.11087386433725
-4.11087386433725
-5.3375380828744
-4.33073334120738
-4.12713438520638
-4.11087386433725
-4.11087386433725
-4.27666611915495
-4.34380542341213
-4.14313472655026
-4.11087386433725
-4.11087386433725
-5.2470240736868
-4.49980967299693
-4.14313472655026
-4.11087386433725
-4.11087386433725
-4.5538768917058
-4.14313472670899
-5.35658628137013
-4.11087386433725
-4.11087386433725
-5.7071102727223
-7.82484572053925
-4.27666612415494
-4.11087386433725
-4.11087386433725
-4.23410650517697
-4.12713438536767
-4.12713438520638
-4.11087386433725
-4.11087386433725
-4.45434729718374
-5.43807931044493
-5.056245807705
-4.11087386433725
-4.11087386433725
-3.38777436578947
-4.47733681595548
-4.11087386433725
-4.11087386433725
-4.11087386433725
-4.2341065053219
-4.12713438520638
-4.26267987718216
-4.11087386433725
-4.11087386433725
-6.13556489597351
-7.49164548957278
-4.35670883963831
-4.11087386433725
-4.11087386433725
-4.15888308351592
-4.11087386433725
-22.5950680140018
-4.11087386433725
-4.11087386433725
-6.47697237072045
-5.89715386923015
-4.21950770532316
-4.11087386433725
-4.11087386433725
-5.3375380828744
-4.33073334120738
-4.12713438520638
-4.11087386433725
-4.11087386433725
-4.27666611915495
-4.34380542341213
-4.14313472655026
-4.11087386433725
-4.11087386433725
-5.2470240736868
-4.49980967299693
-4.14313472655026
-4.11087386433725
-4.11087386433725
-4.5538768917058
-4.14313472670899
-5.35658628137013
-4.11087386433725
-4.11087386433725
-5.7071102727223
-7.82484572053925
-4.27666612415494
-4.11087386433725
-4.11087386433725
-4.23410650517697
-4.12713438536767
-4.12713438520638
-4.11087386433725
-4.11087386433725
-4.45434729718374
-5.43807931044493
-5.056245807705
-4.11087386433725
-4.11087386433725
-4.99721227822357
-4.47733681595548
-4.11087386433725
-4.11087386433725
-4.11087386433725
-4.2341065053219
-4.12713438520638
-4.26267987718216
-4.11087386433725
-4.11087386433725
-6.13556489597351
-7.49164548957278
-4.35670883963831
-4.11087386433725
-4.11087386433725
-4.15888308351592
-4.11087386433725
-4.17438727004948
-22.5315546082896
-4.11087386433725
-6.47697237072045
-5.89715386923015
-4.21950770532316
-4.11087386433725
-4.11087386433725
-5.3375380828744
-4.33073334120738
-4.12713438520638
-4.11087386433725
-4.11087386433725
-4.27666611915495
-4.34380542341213
-4.14313472655026
-4.11087386433725
-4.11087386433725
-5.2470240736868
-4.49980967299693
-4.14313472655026
-4.11087386433725
-4.11087386433725
-4.5538768917058
-4.14313472670899
-5.35658628137013
-4.11087386433725
-4.11087386433725
-5.7071102727223
-7.82484572053925
-4.27666612415494
-4.11087386433725
-4.11087386433725
-4.23410650517697
-4.12713438536767
-4.12713438520638
-4.11087386433725
-4.11087386433725
-4.45434729718374
-5.43807931044493
-5.056245807705
-4.11087386433725
-4.11087386433725
-4.99721227822357
-4.47733681595548
-4.11087386433725
-4.11087386433725
-4.11087386433725
-4.2341065053219
-4.12713438520638
-4.26267987718216
-4.11087386433725
-4.11087386433725
-6.13556489597351
-7.49164548957278
-4.35670883963831
-4.11087386433725
-4.11087386433725
-4.15888308351592
-4.11087386433725
-4.17438727004948
-4.11087386433725
-22.5315546082896
-6.47697237072045
-5.89715386923015
-4.21950770532316
-4.11087386433725
-4.11087386433725
-5.3375380828744
-4.33073334120738
-4.12713438520638
-4.11087386433725
-4.11087386433725
-4.27666611915495
-4.34380542341213
-4.14313472655026
-4.11087386433725
-4.11087386433725
-5.2470240736868
-4.49980967299693
-4.14313472655026
-4.11087386433725
-4.11087386433725
-4.5538768917058
-4.14313472670899
-5.35658628137013
-4.11087386433725
-4.11087386433725
-5.7071102727223
-7.82484572053925
-4.27666612415494
-4.11087386433725
-4.11087386433725
-4.23410650517697
-4.12713438536767
-4.12713438520638
-4.11087386433725
-4.11087386433725
-4.45434729718374
-5.43807931044493
-5.056245807705
-4.11087386433725
-4.11087386433725
-3.20545280899552
-3.78418963539553
-4.11087386433725
-4.11087386433725
-4.11087386433725
-2.84781214420201
-4.12713438520638
-4.26267987718216
-4.11087386433725
-4.11087386433725
-3.4275146948713
-2.1637693207832
-4.35670883963831
-4.11087386433725
-4.11087386433725
-4.15888308351592
-4.11087386433725
-4.17438727004948
-4.11087386433725
-4.11087386433725
-18.6652050981223
-3.00678211133398
-4.21950770532316
-4.11087386433725
-4.11087386433725
-2.50432473881818
-3.23212105253928
-4.12713438520638
-4.11087386433725
-4.11087386433725
-3.583518938595
-3.65065824285218
-4.14313472655026
-4.11087386433725
-4.11087386433725
-4.14841178501869
-4.49980967299693
-4.14313472655026
-4.11087386433725
-4.11087386433725
-2.9444389792717
-4.14313472670899
-3.05400118837608
-4.11087386433725
-4.11087386433725
-3.50988569538608
-2.16536350477963
-4.27666612415494
-4.11087386433725
-4.11087386433725
-4.23410650517697
-4.12713438536767
-3.43398720464644
-4.11087386433725
-4.11087386433725
-3.06805293606385
-3.64631984121688
-3.6699514465851
-4.11087386433725
-4.11087386433725
-3.20545280899552
-4.47733681595548
-4.11087386433725
-4.11087386433725
-4.11087386433725
-3.54095932476195
-4.12713438520638
-4.26267987718216
-4.11087386433725
-4.11087386433725
-4.05612335429368
-4.02590958677306
-3.66356165907836
-4.11087386433725
-4.11087386433725
-4.15888308351592
-4.11087386433725
-4.17438727004948
-4.11087386433725
-4.11087386433725
-3.18113550471612
-20.2573916026361
-4.21950770532316
-4.11087386433725
-4.11087386433725
-2.69848075325914
-4.33073334120738
-4.12713438520638
-4.11087386433725
-4.11087386433725
-4.27666611915495
-3.65065824285218
-4.14313472655026
-4.11087386433725
-4.11087386433725
-3.86072971256691
-4.49980967299693
-4.14313472655026
-4.11087386433725
-4.11087386433725
-4.5538768917058
-4.14313472670899
-5.35658628137013
-4.11087386433725
-4.11087386433725
-3.62766873104246
-2.5830987054796
-3.583518943595
-4.11087386433725
-4.11087386433725
-4.23410650517697
-4.12713438536767
-4.12713438520638
-4.11087386433725
-4.11087386433725
-3.35573500851563
-3.24085473310872
-3.95763351903689
-4.11087386433725
-4.11087386433725
-4.99721227822357
-4.47733681595548
-4.11087386433725
-4.11087386433725
-4.11087386433725
-4.2341065053219
-4.12713438520638
-4.26267987718216
-4.11087386433725
-4.11087386433725
-6.13556489597351
-6.10535112845289
-4.35670883963831
-4.11087386433725
-4.11087386433725
-4.15888308351592
-4.11087386433725
-4.17438727004948
-4.11087386433725
-4.11087386433725
-6.47697237072045
-5.89715386923015
-22.6401884492755
-4.11087386433725
-4.11087386433725
-4.64439090231445
-4.33073334120738
-4.12713438520638
-4.11087386433725
-4.11087386433725
-4.27666611915495
-4.34380542341213
-4.14313472655026
-4.11087386433725
-4.11087386433725
-5.2470240736868
-4.49980967299693
-4.14313472655026
-4.11087386433725
-4.11087386433725
-4.5538768917058
-4.14313472670899
-5.35658628137013
-4.11087386433725
-4.11087386433725
-5.7071102727223
-6.43855135941936
-4.27666612415494
-4.11087386433725
-4.11087386433725
-4.23410650517697
-4.12713438536767
-4.12713438520638
-4.11087386433725
-4.11087386433725
-4.45434729718374
-5.43807931044493
-5.056245807705
-4.11087386433725
-4.11087386433725
-4.99721227822357
-4.47733681595548
-4.11087386433725
-4.11087386433725
-4.11087386433725
-4.2341065053219
-4.12713438520638
-4.26267987718216
-4.11087386433725
-4.11087386433725
-6.13556489597351
-7.49164548957278
-4.35670883963831
-4.11087386433725
-4.11087386433725
-4.15888308351592
-4.11087386433725
-4.17438727004948
-4.11087386433725
-4.11087386433725
-6.47697237072045
-5.89715386923015
-4.21950770532316
-22.5315546082896
-4.11087386433725
-5.3375380828744
-4.33073334120738
-4.12713438520638
-4.11087386433725
-4.11087386433725
-4.27666611915495
-4.34380542341213
-4.14313472655026
-4.11087386433725
-4.11087386433725
-5.2470240736868
-4.49980967299693
-4.14313472655026
-4.11087386433725
-4.11087386433725
-4.5538768917058
-4.14313472670899
-5.35658628137013
-4.11087386433725
-4.11087386433725
-5.7071102727223
-7.82484572053925
-4.27666612415494
-4.11087386433725
-4.11087386433725
-4.23410650517697
-4.12713438536767
-4.12713438520638
-4.11087386433725
-4.11087386433725
-4.45434729718374
-5.43807931044493
-5.056245807705
-4.11087386433725
-4.11087386433725
-4.99721227822357
-4.47733681595548
-4.11087386433725
-4.11087386433725
-4.11087386433725
-4.2341065053219
-4.12713438520638
-4.26267987718216
-4.11087386433725
-4.11087386433725
-6.13556489597351
-7.49164548957278
-4.35670883963831
-4.11087386433725
-4.11087386433725
-4.15888308351592
-4.11087386433725
-4.17438727004948
-4.11087386433725
-4.11087386433725
-6.47697237072045
-5.89715386923015
-4.21950770532316
-4.11087386433725
-22.5315546082896
-5.3375380828744
-4.33073334120738
-4.12713438520638
-4.11087386433725
-4.11087386433725
-4.27666611915495
-4.34380542341213
-4.14313472655026
-4.11087386433725
-4.11087386433725
-5.2470240736868
-4.49980967299693
-4.14313472655026
-4.11087386433725
-4.11087386433725
-4.5538768917058
-4.14313472670899
-5.35658628137013
-4.11087386433725
-4.11087386433725
-5.7071102727223
-7.82484572053925
-4.27666612415494
-4.11087386433725
-4.11087386433725
-4.23410650517697
-4.12713438536767
-4.12713438520638
-4.11087386433725
-4.11087386433725
-4.45434729718374
-5.43807931044493
-5.056245807705
-4.11087386433725
-4.11087386433725
-4.30406509766363
-4.47733681595548
-4.11087386433725
-4.11087386433725
-4.11087386433725
-4.2341065053219
-4.12713438520638
-4.26267987718216
-4.11087386433725
-4.11087386433725
-3.83297980297947
-4.35615127364363
-4.35670883963831
-4.11087386433725
-4.11087386433725
-4.15888308351592
-4.11087386433725
-4.17438727004948
-4.11087386433725
-4.11087386433725
-4.39753082904062
-3.81771232755031
-4.21950770532316
-4.11087386433725
-4.11087386433725
-19.5685640848003
-2.94443898008749
-4.12713438520638
-4.11087386433725
-4.11087386433725
-4.27666611915495
-4.34380542341213
-4.14313472655026
-4.11087386433725
-4.11087386433725
-3.6375861612527
-3.40119738432882
-4.14313472655026
-4.11087386433725
-4.11087386433725
-3.16758253058591
-4.14313472670899
-5.35658628137013
-4.11087386433725
-4.11087386433725
-4.32081591160241
-3.45539786807223
-4.27666612415494
-4.11087386433725
-4.11087386433725
-4.23410650517697
-4.12713438536767
-4.12713438520638
-4.11087386433725
-4.11087386433725
-4.45434729718374
-5.43807931044493
-4.36309862714505
-4.11087386433725
-4.11087386433725
-4.99721227822357
-3.37872452728737
-4.11087386433725
-4.11087386433725
-4.11087386433725
-4.2341065053219
-4.12713438520638
-4.26267987718216
-4.11087386433725
-4.11087386433725
-6.13556489597351
-5.69988602034473
-4.35670883963831
-4.11087386433725
-4.11087386433725
-4.15888308351592
-4.11087386433725
-4.17438727004948
-4.11087386433725
-4.11087386433725
-6.47697237072045
-5.89715386923015
-4.21950770532316
-4.11087386433725
-4.11087386433725
-4.23892579420629
-20.8055039361044
-4.12713438520638
-4.11087386433725
-4.11087386433725
-4.27666611915495
-4.34380542341213
-4.14313472655026
-4.11087386433725
-4.11087386433725
-4.14841178501869
-3.80666249243699
-4.14313472655026
-4.11087386433725
-4.11087386433725
-4.5538768917058
-4.14313472670899
-4.66343910081018
-4.11087386433725
-4.11087386433725
-5.7071102727223
-6.43855135941936
-4.27666612415494
-4.11087386433725
-4.11087386433725
-4.23410650517697
-4.12713438536767
-4.12713438520638
-4.11087386433725
-4.11087386433725
-4.45434729718374
-5.43807931044493
-5.056245807705
-4.11087386433725
-4.11087386433725
-4.99721227822357
-4.47733681595548
-4.11087386433725
-4.11087386433725
-4.11087386433725
-3.54095932476195
-4.12713438520638
-4.26267987718216
-4.11087386433725
-4.11087386433725
-6.13556489597351
-7.49164548957278
-4.35670883963831
-4.11087386433725
-4.11087386433725
-4.15888308351592
-4.11087386433725
-4.17438727004948
-4.11087386433725
-4.11087386433725
-6.47697237072045
-5.89715386923015
-4.21950770532316
-4.11087386433725
-4.11087386433725
-5.3375380828744
-4.33073334120738
-22.5478151291587
-4.11087386433725
-4.11087386433725
-4.27666611915495
-4.34380542341213
-4.14313472655026
-4.11087386433725
-4.11087386433725
-5.2470240736868
-4.49980967299693
-4.14313472655026
-4.11087386433725
-4.11087386433725
-4.5538768917058
-4.14313472670899
-5.35658628137013
-4.11087386433725
-4.11087386433725
-5.7071102727223
-7.82484572053925
-4.27666612415494
-4.11087386433725
-4.11087386433725
-4.23410650517697
-4.12713438536767
-4.12713438520638
-4.11087386433725
-4.11087386433725
-4.45434729718374
-5.43807931044493
-5.056245807705
-4.11087386433725
-4.11087386433725
-4.99721227822357
-4.47733681595548
-4.11087386433725
-4.11087386433725
-4.11087386433725
-4.2341065053219
-4.12713438520638
-4.26267987718216
-4.11087386433725
-4.11087386433725
-6.13556489597351
-7.49164548957278
-4.35670883963831
-4.11087386433725
-4.11087386433725
-4.15888308351592
-4.11087386433725
-4.17438727004948
-4.11087386433725
-4.11087386433725
-6.47697237072045
-5.89715386923015
-4.21950770532316
-4.11087386433725
-4.11087386433725
-5.3375380828744
-4.33073334120738
-4.12713438520638
-22.5315546082896
-4.11087386433725
-4.27666611915495
-4.34380542341213
-4.14313472655026
-4.11087386433725
-4.11087386433725
-5.2470240736868
-4.49980967299693
-4.14313472655026
-4.11087386433725
-4.11087386433725
-4.5538768917058
-4.14313472670899
-5.35658628137013
-4.11087386433725
-4.11087386433725
-5.7071102727223
-7.82484572053925
-4.27666612415494
-4.11087386433725
-4.11087386433725
-4.23410650517697
-4.12713438536767
-4.12713438520638
-4.11087386433725
-4.11087386433725
-4.45434729718374
-5.43807931044493
-5.056245807705
-4.11087386433725
-4.11087386433725
-4.99721227822357
-4.47733681595548
-4.11087386433725
-4.11087386433725
-4.11087386433725
-4.2341065053219
-4.12713438520638
-4.26267987718216
-4.11087386433725
-4.11087386433725
-6.13556489597351
-7.49164548957278
-4.35670883963831
-4.11087386433725
-4.11087386433725
-4.15888308351592
-4.11087386433725
-4.17438727004948
-4.11087386433725
-4.11087386433725
-6.47697237072045
-5.89715386923015
-4.21950770532316
-4.11087386433725
-4.11087386433725
-5.3375380828744
-4.33073334120738
-4.12713438520638
-4.11087386433725
-22.5315546082896
-4.27666611915495
-4.34380542341213
-4.14313472655026
-4.11087386433725
-4.11087386433725
-5.2470240736868
-4.49980967299693
-4.14313472655026
-4.11087386433725
-4.11087386433725
-4.5538768917058
-4.14313472670899
-5.35658628137013
-4.11087386433725
-4.11087386433725
-5.7071102727223
-7.82484572053925
-4.27666612415494
-4.11087386433725
-4.11087386433725
-4.23410650517697
-4.12713438536767
-4.12713438520638
-4.11087386433725
-4.11087386433725
-4.45434729718374
-5.43807931044493
-5.056245807705
-4.11087386433725
-4.11087386433725
-4.99721227822357
-4.47733681595548
-4.11087386433725
-4.11087386433725
-4.11087386433725
-4.2341065053219
-4.12713438520638
-4.26267987718216
-4.11087386433725
-4.11087386433725
-6.13556489597351
-6.39303320090468
-4.35670883963831
-4.11087386433725
-4.11087386433725
-4.15888308351592
-4.11087386433725
-4.17438727004948
-4.11087386433725
-4.11087386433725
-6.47697237072045
-5.89715386923015
-4.21950770532316
-4.11087386433725
-4.11087386433725
-4.64439090231445
-4.33073334120738
-4.12713438520638
-4.11087386433725
-4.11087386433725
-22.6973468631073
-4.34380542341213
-4.14313472655026
-4.11087386433725
-4.11087386433725
-5.2470240736868
-4.49980967299693
-4.14313472655026
-4.11087386433725
-4.11087386433725
-4.5538768917058
-4.14313472670899
-4.66343910081018
-4.11087386433725
-4.11087386433725
-5.7071102727223
-5.74540417885941
-4.27666612415494
-4.11087386433725
-4.11087386433725
-4.23410650517697
-4.12713438536767
-4.12713438520638
-4.11087386433725
-4.11087386433725
-4.45434729718374
-5.43807931044493
-5.056245807705
-4.11087386433725
-4.11087386433725
-4.99721227822357
-4.47733681595548
-4.11087386433725
-4.11087386433725
-4.11087386433725
-3.54095932476195
-4.12713438520638
-4.26267987718216
-4.11087386433725
-4.11087386433725
-5.44241771541357
-7.49164548957278
-4.35670883963831
-4.11087386433725
-4.11087386433725
-4.15888308351592
-4.11087386433725
-4.17438727004948
-4.11087386433725
-4.11087386433725
-5.78382519016051
-4.79854158056204
-4.21950770532316
-4.11087386433725
-4.11087386433725
-5.3375380828744
-4.33073334120738
-4.12713438520638
-4.11087386433725
-4.11087386433725
-4.27666611915495
-20.2795795175765
-4.14313472655026
-4.11087386433725
-4.11087386433725
-5.2470240736868
-4.49980967299693
-4.14313472655026
-4.11087386433725
-4.11087386433725
-3.86072971114586
-3.44998754614905
-4.66343910081018
-4.11087386433725
-4.11087386433725
-5.01396309216235
-5.87893557148393
-4.27666612415494
-4.11087386433725
-4.11087386433725
-4.23410650517697
-4.12713438536767
-4.12713438520638
-4.11087386433725
-4.11087386433725
-4.45434729718374
-4.74493212988499
-5.056245807705
-4.11087386433725
-4.11087386433725
-4.99721227822357
-4.47733681595548
-4.11087386433725
-4.11087386433725
-4.11087386433725
-4.2341065053219
-4.12713438520638
-4.26267987718216
-4.11087386433725
-4.11087386433725
-6.13556489597351
-7.49164548957278
-4.35670883963831
-4.11087386433725
-4.11087386433725
-4.15888308351592
-4.11087386433725
-4.17438727004948
-4.11087386433725
-4.11087386433725
-6.47697237072045
-5.89715386923015
-4.21950770532316
-4.11087386433725
-4.11087386433725
-5.3375380828744
-4.33073334120738
-4.12713438520638
-4.11087386433725
-4.11087386433725
-4.27666611915495
-4.34380542341213
-22.5638154705026
-4.11087386433725
-4.11087386433725
-5.2470240736868
-4.49980967299693
-4.14313472655026
-4.11087386433725
-4.11087386433725
-4.5538768917058
-4.14313472670899
-5.35658628137013
-4.11087386433725
-4.11087386433725
-5.7071102727223
-6.72623343187114
-4.27666612415494
-4.11087386433725
-4.11087386433725
-4.23410650517697
-4.12713438536767
-4.12713438520638
-4.11087386433725
-4.11087386433725
-4.45434729718374
-5.43807931044493
-5.056245807705
-4.11087386433725
-4.11087386433725
-4.99721227822357
-4.47733681595548
-4.11087386433725
-4.11087386433725
-4.11087386433725
-4.2341065053219
-4.12713438520638
-4.26267987718216
-4.11087386433725
-4.11087386433725
-6.13556489597351
-7.49164548957278
-4.35670883963831
-4.11087386433725
-4.11087386433725
-4.15888308351592
-4.11087386433725
-4.17438727004948
-4.11087386433725
-4.11087386433725
-6.47697237072045
-5.89715386923015
-4.21950770532316
-4.11087386433725
-4.11087386433725
-5.3375380828744
-4.33073334120738
-4.12713438520638
-4.11087386433725
-4.11087386433725
-4.27666611915495
-4.34380542341213
-4.14313472655026
-22.5315546082896
-4.11087386433725
-5.2470240736868
-4.49980967299693
-4.14313472655026
-4.11087386433725
-4.11087386433725
-4.5538768917058
-4.14313472670899
-5.35658628137013
-4.11087386433725
-4.11087386433725
-5.7071102727223
-7.82484572053925
-4.27666612415494
-4.11087386433725
-4.11087386433725
-4.23410650517697
-4.12713438536767
-4.12713438520638
-4.11087386433725
-4.11087386433725
-4.45434729718374
-5.43807931044493
-5.056245807705
-4.11087386433725
-4.11087386433725
-4.99721227822357
-4.47733681595548
-4.11087386433725
-4.11087386433725
-4.11087386433725
-4.2341065053219
-4.12713438520638
-4.26267987718216
-4.11087386433725
-4.11087386433725
-6.13556489597351
-7.49164548957278
-4.35670883963831
-4.11087386433725
-4.11087386433725
-4.15888308351592
-4.11087386433725
-4.17438727004948
-4.11087386433725
-4.11087386433725
-6.47697237072045
-5.89715386923015
-4.21950770532316
-4.11087386433725
-4.11087386433725
-5.3375380828744
-4.33073334120738
-4.12713438520638
-4.11087386433725
-4.11087386433725
-4.27666611915495
-4.34380542341213
-4.14313472655026
-4.11087386433725
-22.5315546082896
-5.2470240736868
-4.49980967299693
-4.14313472655026
-4.11087386433725
-4.11087386433725
-4.5538768917058
-4.14313472670899
-5.35658628137013
-4.11087386433725
-4.11087386433725
-5.7071102727223
-7.82484572053925
-4.27666612415494
-4.11087386433725
-4.11087386433725
-4.23410650517697
-4.12713438536767
-4.12713438520638
-4.11087386433725
-4.11087386433725
-4.45434729718374
-5.43807931044493
-5.056245807705
-4.11087386433725
-4.11087386433725
-3.38777436578947
-3.37872452728737
-4.11087386433725
-4.11087386433725
-4.11087386433725
-4.2341065053219
-4.12713438520638
-4.26267987718216
-4.11087386433725
-4.11087386433725
-4.74927053485362
-3.75397587128942
-3.66356165907836
-4.11087386433725
-4.11087386433725
-4.15888308351592
-4.11087386433725
-4.17438727004948
-4.11087386433725
-4.11087386433725
-5.37836008205234
-4.51085950811026
-4.21950770532316
-4.11087386433725
-4.11087386433725
-3.39162793381908
-4.33073334120738
-4.12713438520638
-4.11087386433725
-4.11087386433725
-4.27666611915495
-4.34380542341213
-4.14313472655026
-4.11087386433725
-4.11087386433725
-20.3004089876527
-4.49980967299693
-4.14313472655026
-4.11087386433725
-4.11087386433725
-4.5538768917058
-4.14313472670899
-5.35658628137013
-4.11087386433725
-4.11087386433725
-5.01396309216235
-3.63519097851282
-4.27666612415494
-4.11087386433725
-4.11087386433725
-3.54095932461703
-4.12713438536767
-4.12713438520638
-4.11087386433725
-4.11087386433725
-3.76120011662379
-4.74493212988499
-4.36309862714505
-4.11087386433725
-4.11087386433725
-4.30406509766363
-4.47733681595548
-4.11087386433725
-4.11087386433725
-4.11087386433725
-4.2341065053219
-4.12713438520638
-3.56953269662221
-4.11087386433725
-4.11087386433725
-5.0369526073054
-6.10535112845289
-4.35670883963831
-4.11087386433725
-4.11087386433725
-4.15888308351592
-4.11087386433725
-4.17438727004948
-4.11087386433725
-4.11087386433725
-6.47697237072045
-3.5945687762361
-4.21950770532316
-4.11087386433725
-4.11087386433725
-4.23892579420629
-4.33073334120738
-4.12713438520638
-4.11087386433725
-4.11087386433725
-4.27666611915495
-4.34380542341213
-4.14313472655026
-4.11087386433725
-4.11087386433725
-4.55387689312686
-19.7424365866014
-4.14313472655026
-4.11087386433725
-4.11087386433725
-4.5538768917058
-4.14313472670899
-5.35658628137013
-4.11087386433725
-4.11087386433725
-4.0976723602882
-5.87893557148393
-4.27666612415494
-4.11087386433725
-4.11087386433725
-4.23410650517697
-4.12713438536767
-4.12713438520638
-4.11087386433725
-4.11087386433725
-4.45434729718374
-5.43807931044493
-5.056245807705
-4.11087386433725
-4.11087386433725
-4.99721227822357
-3.37872452728737
-4.11087386433725
-4.11087386433725
-4.11087386433725
-4.2341065053219
-4.12713438520638
-4.26267987718216
-4.11087386433725
-4.11087386433725
-6.13556489597351
-7.49164548957278
-4.35670883963831
-4.11087386433725
-4.11087386433725
-4.15888308351592
-4.11087386433725
-4.17438727004948
-4.11087386433725
-4.11087386433725
-6.47697237072045
-5.89715386923015
-4.21950770532316
-4.11087386433725
-4.11087386433725
-5.3375380828744
-4.33073334120738
-4.12713438520638
-4.11087386433725
-4.11087386433725
-4.27666611915495
-4.34380542341213
-4.14313472655026
-4.11087386433725
-4.11087386433725
-5.2470240736868
-4.49980967299693
-22.5638154705026
-4.11087386433725
-4.11087386433725
-4.5538768917058
-4.14313472670899
-5.35658628137013
-4.11087386433725
-4.11087386433725
-5.7071102727223
-7.82484572053925
-4.27666612415494
-4.11087386433725
-4.11087386433725
-4.23410650517697
-4.12713438536767
-4.12713438520638
-4.11087386433725
-4.11087386433725
-4.45434729718374
-5.43807931044493
-5.056245807705
-4.11087386433725
-4.11087386433725
-4.99721227822357
-4.47733681595548
-4.11087386433725
-4.11087386433725
-4.11087386433725
-4.2341065053219
-4.12713438520638
-4.26267987718216
-4.11087386433725
-4.11087386433725
-6.13556489597351
-7.49164548957278
-4.35670883963831
-4.11087386433725
-4.11087386433725
-4.15888308351592
-4.11087386433725
-4.17438727004948
-4.11087386433725
-4.11087386433725
-6.47697237072045
-5.89715386923015
-4.21950770532316
-4.11087386433725
-4.11087386433725
-5.3375380828744
-4.33073334120738
-4.12713438520638
-4.11087386433725
-4.11087386433725
-4.27666611915495
-4.34380542341213
-4.14313472655026
-4.11087386433725
-4.11087386433725
-5.2470240736868
-4.49980967299693
-4.14313472655026
-22.5315546082896
-4.11087386433725
-4.5538768917058
-4.14313472670899
-5.35658628137013
-4.11087386433725
-4.11087386433725
-5.7071102727223
-7.82484572053925
-4.27666612415494
-4.11087386433725
-4.11087386433725
-4.23410650517697
-4.12713438536767
-4.12713438520638
-4.11087386433725
-4.11087386433725
-4.45434729718374
-5.43807931044493
-5.056245807705
-4.11087386433725
-4.11087386433725
-4.99721227822357
-4.47733681595548
-4.11087386433725
-4.11087386433725
-4.11087386433725
-4.2341065053219
-4.12713438520638
-4.26267987718216
-4.11087386433725
-4.11087386433725
-6.13556489597351
-7.49164548957278
-4.35670883963831
-4.11087386433725
-4.11087386433725
-4.15888308351592
-4.11087386433725
-4.17438727004948
-4.11087386433725
-4.11087386433725
-6.47697237072045
-5.89715386923015
-4.21950770532316
-4.11087386433725
-4.11087386433725
-5.3375380828744
-4.33073334120738
-4.12713438520638
-4.11087386433725
-4.11087386433725
-4.27666611915495
-4.34380542341213
-4.14313472655026
-4.11087386433725
-4.11087386433725
-5.2470240736868
-4.49980967299693
-4.14313472655026
-4.11087386433725
-22.5315546082896
-4.5538768917058
-4.14313472670899
-5.35658628137013
-4.11087386433725
-4.11087386433725
-5.7071102727223
-7.82484572053925
-4.27666612415494
-4.11087386433725
-4.11087386433725
-4.23410650517697
-4.12713438536767
-4.12713438520638
-4.11087386433725
-4.11087386433725
-4.45434729718374
-5.43807931044493
-5.056245807705
-4.11087386433725
-4.11087386433725
-4.99721227822357
-4.47733681595548
-4.11087386433725
-4.11087386433725
-4.11087386433725
-4.2341065053219
-4.12713438520638
-4.26267987718216
-4.11087386433725
-4.11087386433725
-6.13556489597351
-5.88220757713868
-4.35670883963831
-4.11087386433725
-4.11087386433725
-4.15888308351592
-4.11087386433725
-4.17438727004948
-4.11087386433725
-4.11087386433725
-4.53106222166514
-5.89715386923015
-4.21950770532316
-4.11087386433725
-4.11087386433725
-4.64439090231445
-4.33073334120738
-4.12713438520638
-4.11087386433725
-4.11087386433725
-4.27666611915495
-4.34380542341213
-4.14313472655026
-4.11087386433725
-4.11087386433725
-3.86072971256691
-4.49980967299693
-4.14313472655026
-4.11087386433725
-4.11087386433725
-22.9745576356582
-4.14313472670899
-5.35658628137013
-4.11087386433725
-4.11087386433725
-5.01396309216235
-4.93447396264308
-4.27666612415494
-4.11087386433725
-4.11087386433725
-4.23410650517697
-4.12713438536767
-4.12713438520638
-4.11087386433725
-4.11087386433725
-4.45434729718374
-4.74493212988499
-5.056245807705
-4.11087386433725
-4.11087386433725
-4.99721227822357
-4.47733681595548
-4.11087386433725
-4.11087386433725
-4.11087386433725
-4.2341065053219
-3.43398720464644
-4.26267987718216
-4.11087386433725
-4.11087386433725
-6.13556489597351
-7.49164548957278
-4.35670883963831
-4.11087386433725
-4.11087386433725
-4.15888308351592
-4.11087386433725
-4.17438727004948
-4.11087386433725
-4.11087386433725
-6.47697237072045
-5.89715386923015
-4.21950770532316
-4.11087386433725
-4.11087386433725
-5.3375380828744
-4.33073334120738
-4.12713438520638
-4.11087386433725
-4.11087386433725
-4.27666611915495
-4.34380542341213
-4.14313472655026
-4.11087386433725
-4.11087386433725
-5.2470240736868
-4.49980967299693
-4.14313472655026
-4.11087386433725
-4.11087386433725
-4.5538768917058
-21.8706682901014
-5.35658628137013
-4.11087386433725
-4.11087386433725
-5.7071102727223
-7.82484572053925
-4.27666612415494
-4.11087386433725
-4.11087386433725
-4.23410650517697
-3.43398720480773
-4.12713438520638
-4.11087386433725
-4.11087386433725
-4.45434729718374
-5.43807931044493
-5.056245807705
-4.11087386433725
-4.11087386433725
-4.99721227822357
-4.47733681595548
-4.11087386433725
-4.11087386433725
-4.11087386433725
-4.2341065053219
-4.12713438520638
-4.26267987718216
-4.11087386433725
-4.11087386433725
-5.44241771541357
-3.75397587128942
-4.35670883963831
-4.11087386433725
-4.11087386433725
-4.15888308351592
-4.11087386433725
-3.48124008948954
-4.11087386433725
-4.11087386433725
-5.09067800960056
-5.2040066886702
-3.52636052476322
-4.11087386433725
-4.11087386433725
-3.7281001704403
-3.63758616064744
-4.12713438520638
-4.11087386433725
-4.11087386433725
-3.583518938595
-3.65065824285218
-4.14313472655026
-4.11087386433725
-4.11087386433725
-5.2470240736868
-3.80666249243699
-4.14313472655026
-4.11087386433725
-4.11087386433725
-4.5538768917058
-4.14313472670899
-18.8214399677212
-4.11087386433725
-4.11087386433725
-2.93452155048252
-3.39402892169593
-4.27666612415494
-4.11087386433725
-4.11087386433725
-4.23410650517697
-4.12713438536767
-4.12713438520638
-4.11087386433725
-4.11087386433725
-4.45434729718374
-5.43807931044493
-5.056245807705
-4.11087386433725
-4.11087386433725
-4.99721227822357
-4.47733681595548
-4.11087386433725
-4.11087386433725
-4.11087386433725
-4.2341065053219
-4.12713438520638
-4.26267987718216
-4.11087386433725
-4.11087386433725
-6.13556489597351
-7.49164548957278
-4.35670883963831
-4.11087386433725
-4.11087386433725
-4.15888308351592
-4.11087386433725
-4.17438727004948
-4.11087386433725
-4.11087386433725
-6.47697237072045
-5.89715386923015
-4.21950770532316
-4.11087386433725
-4.11087386433725
-5.3375380828744
-4.33073334120738
-4.12713438520638
-4.11087386433725
-4.11087386433725
-4.27666611915495
-4.34380542341213
-4.14313472655026
-4.11087386433725
-4.11087386433725
-5.2470240736868
-4.49980967299693
-4.14313472655026
-4.11087386433725
-4.11087386433725
-4.5538768917058
-4.14313472670899
-5.35658628137013
-22.5315546082896
-4.11087386433725
-5.7071102727223
-7.82484572053925
-4.27666612415494
-4.11087386433725
-4.11087386433725
-4.23410650517697
-4.12713438536767
-4.12713438520638
-4.11087386433725
-4.11087386433725
-4.45434729718374
-5.43807931044493
-5.056245807705
-4.11087386433725
-4.11087386433725
-4.99721227822357
-4.47733681595548
-4.11087386433725
-4.11087386433725
-4.11087386433725
-4.2341065053219
-4.12713438520638
-4.26267987718216
-4.11087386433725
-4.11087386433725
-6.13556489597351
-7.49164548957278
-4.35670883963831
-4.11087386433725
-4.11087386433725
-4.15888308351592
-4.11087386433725
-4.17438727004948
-4.11087386433725
-4.11087386433725
-6.47697237072045
-5.89715386923015
-4.21950770532316
-4.11087386433725
-4.11087386433725
-5.3375380828744
-4.33073334120738
-4.12713438520638
-4.11087386433725
-4.11087386433725
-4.27666611915495
-4.34380542341213
-4.14313472655026
-4.11087386433725
-4.11087386433725
-5.2470240736868
-4.49980967299693
-4.14313472655026
-4.11087386433725
-4.11087386433725
-4.5538768917058
-4.14313472670899
-5.35658628137013
-4.11087386433725
-22.5315546082896
-5.7071102727223
-7.82484572053925
-4.27666612415494
-4.11087386433725
-4.11087386433725
-4.23410650517697
-4.12713438536767
-4.12713438520638
-4.11087386433725
-4.11087386433725
-4.45434729718374
-5.43807931044493
-5.056245807705
-4.11087386433725
-4.11087386433725
-3.61091791710368
-4.47733681595548
-4.11087386433725
-4.11087386433725
-4.11087386433725
-4.2341065053219
-4.12713438520638
-3.56953269662221
-4.11087386433725
-4.11087386433725
-3.24519313807735
-3.68498299980246
-4.35670883963831
-4.11087386433725
-4.11087386433725
-4.15888308351592
-4.11087386433725
-4.17438727004948
-4.11087386433725
-4.11087386433725
-4.27974779338423
-3.49925859643178
-4.21950770532316
-4.11087386433725
-4.11087386433725
-4.23892579420629
-4.33073334120738
-4.12713438520638
-4.11087386433725
-4.11087386433725
-4.27666611915495
-2.95751106229224
-4.14313472655026
-4.11087386433725
-4.11087386433725
-3.30111392463149
-3.11351531187704
-4.14313472655026
-4.11087386433725
-4.11087386433725
-3.86072971114586
-4.14313472670899
-3.15936170403391
-4.11087386433725
-4.11087386433725
-18.6471520933327
-3.09745790182691
-4.27666612415494
-4.11087386433725
-4.11087386433725
-3.54095932461703
-4.12713438536767
-4.12713438520638
-4.11087386433725
-4.11087386433725
-4.45434729718374
-3.82864139801083
-5.056245807705
-4.11087386433725
-4.11087386433725
-1.44186421673416
-2.28011223861926
-4.11087386433725
-4.11087386433725
-4.11087386433725
-4.2341065053219
-4.12713438520638
-4.26267987718216
-4.11087386433725
-4.11087386433725
-0.847297865278979
-0.478629699933155
-3.66356165907836
-4.11087386433725
-4.11087386433725
-2.77258872239603
-4.11087386433725
-4.17438727004948
-4.11087386433725
-4.11087386433725
-0.523729036432667
-0.743862274732368
-2.83321334420327
-4.11087386433725
-4.11087386433725
-1.59986846459103
-2.94443898008749
-4.12713438520638
-4.11087386433725
-4.11087386433725
-2.48490664992689
-2.55204595418407
-3.44998754599032
-4.11087386433725
-4.11087386433725
-2.11152985775765
-2.30258509566071
-3.04452243788215
-4.11087386433725
-4.11087386433725
-1.91481956209054
-4.14313472670899
-0.974559646696244
-4.11087386433725
-4.11087386433725
-0.87082836577082
-17.3384556883089
-2.48490665492689
-4.11087386433725
-4.11087386433725
-2.62466859274287
-4.12713438536767
-4.12713438520638
-4.11087386433725
-4.11087386433725
-1.74629709608153
-0.822958793603675
-0.995802797158576
-4.11087386433725
-4.11087386433725
-4.99721227822357
-4.47733681595548
-4.11087386433725
-4.11087386433725
-4.11087386433725
-4.2341065053219
-4.12713438520638
-4.26267987718216
-4.11087386433725
-4.11087386433725
-5.44241771541357
-6.10535112845289
-4.35670883963831
-4.11087386433725
-4.11087386433725
-4.15888308351592
-4.11087386433725
-4.17438727004948
-4.11087386433725
-4.11087386433725
-6.47697237072045
-5.89715386923015
-4.21950770532316
-4.11087386433725
-4.11087386433725
-5.3375380828744
-4.33073334120738
-4.12713438520638
-4.11087386433725
-4.11087386433725
-4.27666611915495
-4.34380542341213
-4.14313472655026
-4.11087386433725
-4.11087386433725
-5.2470240736868
-4.49980967299693
-4.14313472655026
-4.11087386433725
-4.11087386433725
-4.5538768917058
-4.14313472670899
-5.35658628137013
-4.11087386433725
-4.11087386433725
-5.7071102727223
-5.74540417885941
-19.0864289554631
-4.11087386433725
-4.11087386433725
-4.23410650517697
-4.12713438536767
-4.12713438520638
-4.11087386433725
-4.11087386433725
-4.45434729718374
-5.43807931044493
-4.36309862714505
-4.11087386433725
-4.11087386433725
-4.99721227822357
-4.47733681595548
-4.11087386433725
-4.11087386433725
-4.11087386433725
-4.2341065053219
-4.12713438520638
-4.26267987718216
-4.11087386433725
-4.11087386433725
-6.13556489597351
-7.49164548957278
-4.35670883963831
-4.11087386433725
-4.11087386433725
-4.15888308351592
-4.11087386433725
-4.17438727004948
-4.11087386433725
-4.11087386433725
-6.47697237072045
-5.89715386923015
-4.21950770532316
-4.11087386433725
-4.11087386433725
-5.3375380828744
-4.33073334120738
-4.12713438520638
-4.11087386433725
-4.11087386433725
-4.27666611915495
-4.34380542341213
-4.14313472655026
-4.11087386433725
-4.11087386433725
-5.2470240736868
-4.49980967299693
-4.14313472655026
-4.11087386433725
-4.11087386433725
-4.5538768917058
-4.14313472670899
-5.35658628137013
-4.11087386433725
-4.11087386433725
-5.7071102727223
-7.82484572053925
-4.27666612415494
-22.5315546082896
-4.11087386433725
-4.23410650517697
-4.12713438536767
-4.12713438520638
-4.11087386433725
-4.11087386433725
-4.45434729718374
-5.43807931044493
-5.056245807705
-4.11087386433725
-4.11087386433725
-4.99721227822357
-4.47733681595548
-4.11087386433725
-4.11087386433725
-4.11087386433725
-4.2341065053219
-4.12713438520638
-4.26267987718216
-4.11087386433725
-4.11087386433725
-6.13556489597351
-7.49164548957278
-4.35670883963831
-4.11087386433725
-4.11087386433725
-4.15888308351592
-4.11087386433725
-4.17438727004948
-4.11087386433725
-4.11087386433725
-6.47697237072045
-5.89715386923015
-4.21950770532316
-4.11087386433725
-4.11087386433725
-5.3375380828744
-4.33073334120738
-4.12713438520638
-4.11087386433725
-4.11087386433725
-4.27666611915495
-4.34380542341213
-4.14313472655026
-4.11087386433725
-4.11087386433725
-5.2470240736868
-4.49980967299693
-4.14313472655026
-4.11087386433725
-4.11087386433725
-4.5538768917058
-4.14313472670899
-5.35658628137013
-4.11087386433725
-4.11087386433725
-5.7071102727223
-7.82484572053925
-4.27666612415494
-4.11087386433725
-22.5315546082896
-4.23410650517697
-4.12713438536767
-4.12713438520638
-4.11087386433725
-4.11087386433725
-4.45434729718374
-5.43807931044493
-5.056245807705
-4.11087386433725
-4.11087386433725
-4.99721227822357
-4.47733681595548
-4.11087386433725
-4.11087386433725
-4.11087386433725
-4.2341065053219
-4.12713438520638
-4.26267987718216
-4.11087386433725
-4.11087386433725
-6.13556489597351
-6.10535112845289
-4.35670883963831
-4.11087386433725
-4.11087386433725
-4.15888308351592
-4.11087386433725
-4.17438727004948
-4.11087386433725
-4.11087386433725
-6.47697237072045
-5.89715386923015
-4.21950770532316
-4.11087386433725
-4.11087386433725
-5.3375380828744
-4.33073334120738
-4.12713438520638
-4.11087386433725
-4.11087386433725
-4.27666611915495
-4.34380542341213
-4.14313472655026
-4.11087386433725
-4.11087386433725
-5.2470240736868
-4.49980967299693
-4.14313472655026
-4.11087386433725
-4.11087386433725
-4.5538768917058
-4.14313472670899
-5.35658628137013
-4.11087386433725
-4.11087386433725
-5.01396309216235
-6.03308625131119
-4.27666612415494
-4.11087386433725
-4.11087386433725
-21.2684928880094
-4.12713438536767
-4.12713438520638
-4.11087386433725
-4.11087386433725
-4.45434729718374
-5.43807931044493
-5.056245807705
-4.11087386433725
-4.11087386433725
-4.99721227822357
-4.47733681595548
-4.11087386433725
-4.11087386433725
-4.11087386433725
-4.2341065053219
-4.12713438520638
-4.26267987718216
-4.11087386433725
-4.11087386433725
-6.13556489597351
-7.49164548957278
-4.35670883963831
-4.11087386433725
-4.11087386433725
-4.15888308351592
-4.11087386433725
-4.17438727004948
-4.11087386433725
-4.11087386433725
-6.47697237072045
-5.89715386923015
-4.21950770532316
-4.11087386433725
-4.11087386433725
-5.3375380828744
-4.33073334120738
-4.12713438520638
-4.11087386433725
-4.11087386433725
-4.27666611915495
-4.34380542341213
-4.14313472655026
-4.11087386433725
-4.11087386433725
-5.2470240736868
-4.49980967299693
-4.14313472655026
-4.11087386433725
-4.11087386433725
-4.5538768917058
-4.14313472670899
-5.35658628137013
-4.11087386433725
-4.11087386433725
-5.7071102727223
-7.1316985399793
-4.27666612415494
-4.11087386433725
-4.11087386433725
-4.23410650517697
-21.8546679487601
-4.12713438520638
-4.11087386433725
-4.11087386433725
-4.45434729718374
-5.43807931044493
-5.056245807705
-4.11087386433725
-4.11087386433725
-4.99721227822357
-4.47733681595548
-4.11087386433725
-4.11087386433725
-4.11087386433725
-4.2341065053219
-4.12713438520638
-4.26267987718216
-4.11087386433725
-4.11087386433725
-6.13556489597351
-6.79849830901284
-4.35670883963831
-4.11087386433725
-4.11087386433725
-4.15888308351592
-4.11087386433725
-4.17438727004948
-4.11087386433725
-4.11087386433725
-6.47697237072045
-5.89715386923015
-4.21950770532316
-4.11087386433725
-4.11087386433725
-5.3375380828744
-4.33073334120738
-4.12713438520638
-4.11087386433725
-4.11087386433725
-4.27666611915495
-4.34380542341213
-4.14313472655026
-4.11087386433725
-4.11087386433725
-5.2470240736868
-4.49980967299693
-4.14313472655026
-4.11087386433725
-4.11087386433725
-4.5538768917058
-4.14313472670899
-5.35658628137013
-4.11087386433725
-4.11087386433725
-5.7071102727223
-7.82484572053925
-4.27666612415494
-4.11087386433725
-4.11087386433725
-4.23410650517697
-4.12713438536767
-22.5478151291587
-4.11087386433725
-4.11087386433725
-4.45434729718374
-5.43807931044493
-5.056245807705
-4.11087386433725
-4.11087386433725
-4.99721227822357
-4.47733681595548
-4.11087386433725
-4.11087386433725
-4.11087386433725
-4.2341065053219
-4.12713438520638
-4.26267987718216
-4.11087386433725
-4.11087386433725
-6.13556489597351
-7.49164548957278
-4.35670883963831
-4.11087386433725
-4.11087386433725
-4.15888308351592
-4.11087386433725
-4.17438727004948
-4.11087386433725
-4.11087386433725
-6.47697237072045
-5.89715386923015
-4.21950770532316
-4.11087386433725
-4.11087386433725
-5.3375380828744
-4.33073334120738
-4.12713438520638
-4.11087386433725
-4.11087386433725
-4.27666611915495
-4.34380542341213
-4.14313472655026
-4.11087386433725
-4.11087386433725
-5.2470240736868
-4.49980967299693
-4.14313472655026
-4.11087386433725
-4.11087386433725
-4.5538768917058
-4.14313472670899
-5.35658628137013
-4.11087386433725
-4.11087386433725
-5.7071102727223
-7.82484572053925
-4.27666612415494
-4.11087386433725
-4.11087386433725
-4.23410650517697
-4.12713438536767
-4.12713438520638
-22.5315546082896
-4.11087386433725
-4.45434729718374
-5.43807931044493
-5.056245807705
-4.11087386433725
-4.11087386433725
-4.99721227822357
-4.47733681595548
-4.11087386433725
-4.11087386433725
-4.11087386433725
-4.2341065053219
-4.12713438520638
-4.26267987718216
-4.11087386433725
-4.11087386433725
-6.13556489597351
-7.49164548957278
-4.35670883963831
-4.11087386433725
-4.11087386433725
-4.15888308351592
-4.11087386433725
-4.17438727004948
-4.11087386433725
-4.11087386433725
-6.47697237072045
-5.89715386923015
-4.21950770532316
-4.11087386433725
-4.11087386433725
-5.3375380828744
-4.33073334120738
-4.12713438520638
-4.11087386433725
-4.11087386433725
-4.27666611915495
-4.34380542341213
-4.14313472655026
-4.11087386433725
-4.11087386433725
-5.2470240736868
-4.49980967299693
-4.14313472655026
-4.11087386433725
-4.11087386433725
-4.5538768917058
-4.14313472670899
-5.35658628137013
-4.11087386433725
-4.11087386433725
-5.7071102727223
-7.82484572053925
-4.27666612415494
-4.11087386433725
-4.11087386433725
-4.23410650517697
-4.12713438536767
-4.12713438520638
-4.11087386433725
-22.5315546082896
-4.45434729718374
-5.43807931044493
-5.056245807705
-4.11087386433725
-4.11087386433725
-4.30406509766363
-3.78418963539553
-4.11087386433725
-4.11087386433725
-4.11087386433725
-4.2341065053219
-4.12713438520638
-4.26267987718216
-4.11087386433725
-4.11087386433725
-5.44241771541357
-7.49164548957278
-4.35670883963831
-4.11087386433725
-4.11087386433725
-4.15888308351592
-4.11087386433725
-4.17438727004948
-4.11087386433725
-4.11087386433725
-5.37836008205234
-4.79854158056204
-4.21950770532316
-4.11087386433725
-4.11087386433725
-5.3375380828744
-4.33073334120738
-4.12713438520638
-4.11087386433725
-4.11087386433725
-4.27666611915495
-3.65065824285218
-4.14313472655026
-4.11087386433725
-4.11087386433725
-5.2470240736868
-4.49980967299693
-4.14313472655026
-4.11087386433725
-4.11087386433725
-4.5538768917058
-3.44998754614905
-5.35658628137013
-4.11087386433725
-4.11087386433725
-5.01396309216235
-5.18578839092399
-4.27666612415494
-4.11087386433725
-4.11087386433725
-4.23410650517697
-4.12713438536767
-4.12713438520638
-4.11087386433725
-4.11087386433725
-20.7955864994563
-4.74493212988499
-5.056245807705
-4.11087386433725
-4.11087386433725
-3.20545280899552
-4.47733681595548
-4.11087386433725
-4.11087386433725
-4.11087386433725
-4.2341065053219
-4.12713438520638
-4.26267987718216
-4.11087386433725
-4.11087386433725
-4.05612335429368
-4.54720651040634
-4.35670883963831
-4.11087386433725
-4.11087386433725
-4.15888308351592
-4.11087386433725
-4.17438727004948
-4.11087386433725
-4.11087386433725
-3.29891854037251
-3.81771232755031
-4.21950770532316
-4.11087386433725
-4.11087386433725
-5.3375380828744
-4.33073334120738
-4.12713438520638
-4.11087386433725
-4.11087386433725
-4.27666611915495
-4.34380542341213
-4.14313472655026
-4.11087386433725
-4.11087386433725
-2.25129180013281
-4.49980967299693
-4.14313472655026
-4.11087386433725
-4.11087386433725
-4.5538768917058
-4.14313472670899
-4.66343910081018
-4.11087386433725
-4.11087386433725
-5.01396309216235
-3.35893760188466
-4.27666612415494
-4.11087386433725
-4.11087386433725
-4.23410650517697
-4.12713438536767
-4.12713438520638
-4.11087386433725
-4.11087386433725
-3.35573500851563
-20.3034119929079
-5.056245807705
-4.11087386433725
-4.11087386433725
-4.30406509766363
-4.47733681595548
-4.11087386433725
-4.11087386433725
-4.11087386433725
-4.2341065053219
-4.12713438520638
-4.26267987718216
-4.11087386433725
-4.11087386433725
-4.1896547469182
-5.00673883978478
-4.35670883963831
-4.11087386433725
-4.11087386433725
-4.15888308351592
-4.11087386433725
-4.17438727004948
-4.11087386433725
-4.11087386433725
-4.86753445828635
-4.51085950811026
-4.21950770532316
-4.11087386433725
-4.11087386433725
-4.64439090231445
-4.33073334120738
-4.12713438520638
-4.11087386433725
-4.11087386433725
-4.27666611915495
-4.34380542341213
-4.14313472655026
-4.11087386433725
-4.11087386433725
-5.2470240736868
-4.49980967299693
-4.14313472655026
-4.11087386433725
-4.11087386433725
-4.5538768917058
-4.14313472670899
-5.35658628137013
-4.11087386433725
-4.11087386433725
-5.7071102727223
-3.68171099414771
-4.27666612415494
-4.11087386433725
-4.11087386433725
-4.23410650517697
-4.12713438536767
-4.12713438520638
-4.11087386433725
-4.11087386433725
-4.45434729718374
-3.49216916138962
-19.8660086390131
-4.11087386433725
-4.11087386433725
-4.99721227822357
-4.47733681595548
-4.11087386433725
-4.11087386433725
-4.11087386433725
-4.2341065053219
-4.12713438520638
-4.26267987718216
-4.11087386433725
-4.11087386433725
-6.13556489597351
-7.49164548957278
-4.35670883963831
-4.11087386433725
-4.11087386433725
-4.15888308351592
-4.11087386433725
-4.17438727004948
-4.11087386433725
-4.11087386433725
-6.47697237072045
-5.89715386923015
-4.21950770532316
-4.11087386433725
-4.11087386433725
-5.3375380828744
-4.33073334120738
-4.12713438520638
-4.11087386433725
-4.11087386433725
-4.27666611915495
-4.34380542341213
-4.14313472655026
-4.11087386433725
-4.11087386433725
-5.2470240736868
-4.49980967299693
-4.14313472655026
-4.11087386433725
-4.11087386433725
-4.5538768917058
-4.14313472670899
-5.35658628137013
-4.11087386433725
-4.11087386433725
-5.7071102727223
-7.82484572053925
-4.27666612415494
-4.11087386433725
-4.11087386433725
-4.23410650517697
-4.12713438536767
-4.12713438520638
-4.11087386433725
-4.11087386433725
-4.45434729718374
-5.43807931044493
-5.056245807705
-22.5315546082896
-4.11087386433725
-4.99721227822357
-4.47733681595548
-4.11087386433725
-4.11087386433725
-4.11087386433725
-4.2341065053219
-4.12713438520638
-4.26267987718216
-4.11087386433725
-4.11087386433725
-6.13556489597351
-7.49164548957278
-4.35670883963831
-4.11087386433725
-4.11087386433725
-4.15888308351592
-4.11087386433725
-4.17438727004948
-4.11087386433725
-4.11087386433725
-6.47697237072045
-5.89715386923015
-4.21950770532316
-4.11087386433725
-4.11087386433725
-5.3375380828744
-4.33073334120738
-4.12713438520638
-4.11087386433725
-4.11087386433725
-4.27666611915495
-4.34380542341213
-4.14313472655026
-4.11087386433725
-4.11087386433725
-5.2470240736868
-4.49980967299693
-4.14313472655026
-4.11087386433725
-4.11087386433725
-4.5538768917058
-4.14313472670899
-5.35658628137013
-4.11087386433725
-4.11087386433725
-5.7071102727223
-7.82484572053925
-4.27666612415494
-4.11087386433725
-4.11087386433725
-4.23410650517697
-4.12713438536767
-4.12713438520638
-4.11087386433725
-4.11087386433725
-4.45434729718374
-5.43807931044493
-5.056245807705
-4.11087386433725
-22.5315546082896
60
-3.61091791710368
-4.47733681595548
-4.11087386433725
-4.11087386433725
-4.11087386433725
-4.2341065053219
-4.12713438520638
-4.26267987718216
-4.11087386433725
-4.11087386433725
-4.52612698353941
-4.78359528847057
-3.66356165907836
-4.11087386433725
-4.11087386433725
-4.15888308351592
-4.11087386433725
-4.17438727004948
-4.11087386433725
-4.11087386433725
-4.17438727772641
-4.10539440000209
-4.21950770532316
-4.11087386433725
-4.11087386433725
-4.64439090231445
-3.23212105253928
-4.12713438520638
-4.11087386433725
-4.11087386433725
-4.27666611915495
-4.34380542341213
-4.14313472655026
-4.11087386433725
-4.11087386433725
-4.55387689312686
-4.49980967299693
-4.14313472655026
-4.11087386433725
-4.11087386433725
-4.5538768917058
-4.14313472670899
-4.66343910081018
-4.11087386433725
-4.11087386433725
-3.50988569538608
-3.73050115831715
-4.27666612415494
-4.11087386433725
-4.11087386433725
-4.23410650517697
-4.12713438536767
-4.12713438520638
-4.11087386433725
-4.11087386433725
-3.76120011662379
-4.33946702177682
-4.36309862714505
-4.11087386433725
-4.11087386433725
