60
-0.713349887902463
-3.68887945413893
-5.99146454713298
-5.99146454713298
-5.99146454713298
-5.99146454713298
-5.99146454713298
-5.99146454713298
-5.99146454713298
-5.99146454713298
-5.29831736657304
-4.89285225846487
-5.99146454713298
-5.99146454713298
-5.99146454713298
-5.99146454713298
-5.99146454713298
-5.99146454713298
-5.99146454713298
-5.99146454713298
-5.99146454713298
-5.29831736657304
-5.99146454713298
-5.99146454713298
-5.99146454713298
-2.46510402251682
-5.99146454713298
-5.99146454713298
-5.99146454713298
-5.99146454713298
-5.99146454713298
-5.99146454713298
-5.99146454713298
-5.99146454713298
-5.99146454713298
-1.57262393933638
-3.91202300545314
-5.99146454713298
-5.99146454713298
-5.99146454713298
-5.99146454713298
-5.99146454713298
-5.99146454713298
-5.99146454713298
-5.99146454713298
-5.99146454713298
-4.19970507790493
-5.99146454713298
-5.99146454713298
-5.99146454713298
-4.89285225846487
-5.99146454713298
-5.99146454713298
-5.99146454713298
-5.99146454713298
-5.29831736657304
-5.99146454713298
-5.29831736657304
-5.99146454713298
-5.99146454713298
60 60
-17.6307008826978
-0.751613644738923
-4.12713438536767
-4.11087386433725
-4.11087386433725
-4.14313472655026
-4.11087386433725
-4.20469262013723
-4.11087386433725
-4.11087386433725
-1.50851199826892
-1.29256188607279
-2.61006979303612
-4.11087386433725
-4.11087386433725
-1.9708077040377
-4.11087386433725
-4.11087386433725
-4.11087386433725
-4.11087386433725
-3.49650756222406
-1.2154115588553
-1.92181259759821
-4.11087386433725
-4.11087386433725
-0.464324933290255
-1.21478372268822
-4.12713438536767
-4.11087386433725
-4.11087386433725
-3.44998754599032
-4.12713438536767
-2.371577966081
-4.11087386433725
-4.11087386433725
-0.596630221144406
-1.22441462119079
-3.02042488821753
-4.11087386433725
-4.11087386433725
-2.06801284918955
-4.17438727004948
-4.11087386433725
-4.11087386433725
-4.11087386433725
-3.32022832069475
-0.873273350416838
-2.62466859230809
-4.11087386433725
-4.11087386433725
-1.68175857936256
-4.20469262133126
-4.11087386433725
-4.11087386433725
-4.11087386433725
-3.44998754646651
-1.83827948497659
-1.15652320609632
-4.11087386433725
-4.11087386433725
-2.72216003723018
-18.9864885078147
-4.12713438536767
-4.11087386433725
-4.11087386433725
-4.14313472655026
-4.11087386433725
-4.20469262013723
-4.11087386433725
-4.11087386433725
-5.42053500369706
-4.34236138089706
-4.21950770547022
-4.11087386433725
-4.11087386433725
-2.8581108990386
-4.11087386433725
-4.11087386433725
-4.11087386433725
-4.11087386433725
-4.189654742784
-4.55650501644775
-4.40671924738621
-4.11087386433725
-4.11087386433725
-4.08714572409398
-3.097514970122
-4.12713438536767
-4.11087386433725
-4.11087386433725
-3.44998754599032
-4.12713438536767
-4.31748811513631
-4.11087386433725
-4.11087386433725
-4.36509303519757
-3.10714586862458
-4.40671924933742
-4.11087386433725
-4.11087386433725
-4.46590812198792
-4.17438727004948
-4.11087386433725
-4.11087386433725
-4.11087386433725
-4.41884060936286
-4.35670883031597
-4.23410650474219
-4.11087386433725
-4.11087386433725
-2.84490938916824
-4.20469262133126
-4.11087386433725
-4.11087386433725
-4.11087386433725
-4.14313472702645
-4.47733681459184
-3.07833580357258
-4.11087386433725
-4.11087386433725
-8.24761297636196
-6.6970342533455
-21.8546679487601
-4.11087386433725
-4.11087386433725
-4.14313472655026
-4.11087386433725
-4.20469262013723
-4.11087386433725
-4.11087386433725
-5.42053500369706
-6.53958595823328
-4.21950770547022
-4.11087386433725
-4.11087386433725
-4.80402104809391
-4.11087386433725
-4.11087386433725
-4.11087386433725
-4.11087386433725
-4.189654742784
-5.94279937756764
-4.40671924738621
-4.11087386433725
-4.11087386433725
-8.456593576561
-5.04342511917731
-4.12713438536767
-4.11087386433725
-4.11087386433725
-4.14313472655026
-4.12713438536767
-4.31748811513631
-4.11087386433725
-4.11087386433725
-8.56978565458854
-6.84481548690794
-4.40671924933742
-4.11087386433725
-4.11087386433725
-4.46590812198792
-4.17438727004948
-4.11087386433725
-4.11087386433725
-4.11087386433725
-4.41884060936286
-6.30261897937128
-4.23410650474219
-4.11087386433725
-4.11087386433725
-5.55295959027045
-4.20469262133126
-4.11087386433725
-4.11087386433725
-4.11087386433725
-4.14313472702645
-4.47733681459184
-5.96870756146874
-4.11087386433725
-4.11087386433725
-8.94076015692191
-6.6970342533455
-4.12713438536767
-22.5315546082896
-4.11087386433725
-4.14313472655026
-4.11087386433725
-4.20469262013723
-4.11087386433725
-4.11087386433725
-5.42053500369706
-6.53958595823328
-4.21950770547022
-4.11087386433725
-4.11087386433725
-4.80402104809391
-4.11087386433725
-4.11087386433725
-4.11087386433725
-4.11087386433725
-4.189654742784
-5.94279937756764
-4.40671924738621
-4.11087386433725
-4.11087386433725
-8.456593576561
-5.04342511917731
-4.12713438536767
-4.11087386433725
-4.11087386433725
-4.14313472655026
-4.12713438536767
-4.31748811513631
-4.11087386433725
-4.11087386433725
-8.56978565458854
-6.84481548690794
-4.40671924933742
-4.11087386433725
-4.11087386433725
-4.46590812198792
-4.17438727004948
-4.11087386433725
-4.11087386433725
-4.11087386433725
-4.41884060936286
-6.30261897937128
-4.23410650474219
-4.11087386433725
-4.11087386433725
-5.55295959027045
-4.20469262133126
-4.11087386433725
-4.11087386433725
-4.11087386433725
-4.14313472702645
-4.47733681459184
-5.96870756146874
-4.11087386433725
-4.11087386433725
-8.94076015692191
-6.6970342533455
-4.12713438536767
-4.11087386433725
-22.5315546082896
-4.14313472655026
-4.11087386433725
-4.20469262013723
-4.11087386433725
-4.11087386433725
-5.42053500369706
-6.53958595823328
-4.21950770547022
-4.11087386433725
-4.11087386433725
-4.80402104809391
-4.11087386433725
-4.11087386433725
-4.11087386433725
-4.11087386433725
-4.189654742784
-5.94279937756764
-4.40671924738621
-4.11087386433725
-4.11087386433725
-8.456593576561
-5.04342511917731
-4.12713438536767
-4.11087386433725
-4.11087386433725
-4.14313472655026
-4.12713438536767
-4.31748811513631
-4.11087386433725
-4.11087386433725
-8.56978565458854
-6.84481548690794
-4.40671924933742
-4.11087386433725
-4.11087386433725
-4.46590812198792
-4.17438727004948
-4.11087386433725
-4.11087386433725
-4.11087386433725
-4.41884060936286
-6.30261897937128
-4.23410650474219
-4.11087386433725
-4.11087386433725
-5.55295959027045
-4.20469262133126
-4.11087386433725
-4.11087386433725
-4.11087386433725
-4.14313472702645
-4.47733681459184
-5.96870756146874
-4.11087386433725
-4.11087386433725
-8.24761297636196
-6.6970342533455
-4.12713438536767
-4.11087386433725
-4.11087386433725
-22.5638154705026
-4.11087386433725
-4.20469262013723
-4.11087386433725
-4.11087386433725
-5.42053500369706
-6.53958595823328
-4.21950770547022
-4.11087386433725
-4.11087386433725
-4.80402104809391
-4.11087386433725
-4.11087386433725
-4.11087386433725
-4.11087386433725
-4.189654742784
-5.94279937756764
-4.40671924738621
-4.11087386433725
-4.11087386433725
-8.456593576561
-4.35027793861737
-4.12713438536767
-4.11087386433725
-4.11087386433725
-4.14313472655026
-4.12713438536767
-4.31748811513631
-4.11087386433725
-4.11087386433725
-8.56978565458854
-6.84481548690794
-4.40671924933742
-4.11087386433725
-4.11087386433725
-4.46590812198792
-4.17438727004948
-4.11087386433725
-4.11087386433725
-4.11087386433725
-4.41884060936286
-6.30261897937128
-4.23410650474219
-4.11087386433725
-4.11087386433725
-4.85981240971051
-4.20469262133126
-4.11087386433725
-4.11087386433725
-4.11087386433725
-4.14313472702645
-4.47733681459184
-5.96870756146874
-4.11087386433725
-4.11087386433725
-8.94076015692191
-6.6970342533455
-4.12713438536767
-4.11087386433725
-4.11087386433725
-4.14313472655026
-22.5315546082896
-4.20469262013723
-4.11087386433725
-4.11087386433725
-5.42053500369706
-6.53958595823328
-4.21950770547022
-4.11087386433725
-4.11087386433725
-4.80402104809391
-4.11087386433725
-4.11087386433725
-4.11087386433725
-4.11087386433725
-4.189654742784
-5.94279937756764
-4.40671924738621
-4.11087386433725
-4.11087386433725
-8.456593576561
-5.04342511917731
-4.12713438536767
-4.11087386433725
-4.11087386433725
-4.14313472655026
-4.12713438536767
-4.31748811513631
-4.11087386433725
-4.11087386433725
-8.56978565458854
-6.84481548690794
-4.40671924933742
-4.11087386433725
-4.11087386433725
-4.46590812198792
-4.17438727004948
-4.11087386433725
-4.11087386433725
-4.11087386433725
-4.41884060936286
-6.30261897937128
-4.23410650474219
-4.11087386433725
-4.11087386433725
-5.55295959027045
-4.20469262133126
-4.11087386433725
-4.11087386433725
-4.11087386433725
-4.14313472702645
-4.47733681459184
-5.96870756146874
-4.11087386433725
-4.11087386433725
-8.94076015692191
-6.6970342533455
-4.12713438536767
-4.11087386433725
-4.11087386433725
-4.14313472655026
-4.11087386433725
-21.0159354516555
-4.11087386433725
-4.11087386433725
-5.42053500369706
-6.53958595823328
-4.21950770547022
-4.11087386433725
-4.11087386433725
-4.80402104809391
-4.11087386433725
-4.11087386433725
-4.11087386433725
-4.11087386433725
-4.189654742784
-5.94279937756764
-3.3081069587181
-4.11087386433725
-4.11087386433725
-8.456593576561
-5.04342511917731
-4.12713438536767
-4.11087386433725
-4.11087386433725
-4.14313472655026
-4.12713438536767
-4.31748811513631
-4.11087386433725
-4.11087386433725
-6.96034774215444
-6.84481548690794
-4.40671924933742
-4.11087386433725
-4.11087386433725
-4.46590812198792
-4.17438727004948
-4.11087386433725
-4.11087386433725
-4.11087386433725
-4.41884060936286
-6.30261897937128
-4.23410650474219
-4.11087386433725
-4.11087386433725
-5.55295959027045
-4.20469262133126
-4.11087386433725
-4.11087386433725
-4.11087386433725
-4.14313472702645
-4.47733681459184
-5.96870756146874
-4.11087386433725
-4.11087386433725
-8.94076015692191
-6.6970342533455
-4.12713438536767
-4.11087386433725
-4.11087386433725
-4.14313472655026
-4.11087386433725
-4.20469262013723
-22.5315546082896
-4.11087386433725
-5.42053500369706
-6.53958595823328
-4.21950770547022
-4.11087386433725
-4.11087386433725
-4.80402104809391
-4.11087386433725
-4.11087386433725
-4.11087386433725
-4.11087386433725
-4.189654742784
-5.94279937756764
-4.40671924738621
-4.11087386433725
-4.11087386433725
-8.456593576561
-5.04342511917731
-4.12713438536767
-4.11087386433725
-4.11087386433725
-4.14313472655026
-4.12713438536767
-4.31748811513631
-4.11087386433725
-4.11087386433725
-8.56978565458854
-6.84481548690794
-4.40671924933742
-4.11087386433725
-4.11087386433725
-4.46590812198792
-4.17438727004948
-4.11087386433725
-4.11087386433725
-4.11087386433725
-4.41884060936286
-6.30261897937128
-4.23410650474219
-4.11087386433725
-4.11087386433725
-5.55295959027045
-4.20469262133126
-4.11087386433725
-4.11087386433725
-4.11087386433725
-4.14313472702645
-4.47733681459184
-5.96870756146874
-4.11087386433725
-4.11087386433725
-8.94076015692191
-6.6970342533455
-4.12713438536767
-4.11087386433725
-4.11087386433725
-4.14313472655026
-4.11087386433725
-4.20469262013723
-4.11087386433725
-22.5315546082896
-5.42053500369706
-6.53958595823328
-4.21950770547022
-4.11087386433725
-4.11087386433725
-4.80402104809391
-4.11087386433725
-4.11087386433725
-4.11087386433725
-4.11087386433725
-4.189654742784
-5.94279937756764
-4.40671924738621
-4.11087386433725
-4.11087386433725
-8.456593576561
-5.04342511917731
-4.12713438536767
-4.11087386433725
-4.11087386433725
-4.14313472655026
-4.12713438536767
-4.31748811513631
-4.11087386433725
-4.11087386433725
-8.56978565458854
-6.84481548690794
-4.40671924933742
-4.11087386433725
-4.11087386433725
-4.46590812198792
-4.17438727004948
-4.11087386433725
-4.11087386433725
-4.11087386433725
-4.41884060936286
-6.30261897937128
-4.23410650474219
-4.11087386433725
-4.11087386433725
-5.55295959027045
-4.20469262133126
-4.11087386433725
-4.11087386433725
-4.11087386433725
-4.14313472702645
-4.47733681459184
-5.96870756146874
-4.11087386433725
-4.11087386433725
-4.7212524517458
-6.6970342533455
-4.12713438536767
-4.11087386433725
-4.11087386433725
-4.14313472655026
-4.11087386433725
-4.20469262013723
-4.11087386433725
-4.11087386433725
-19.2360455616613
-4.59367580917796
-4.21950770547022
-4.11087386433725
-4.11087386433725
-4.80402104809391
-4.11087386433725
-4.11087386433725
-4.11087386433725
-4.11087386433725
-4.189654742784
-5.2496521970077
-4.40671924738621
-4.11087386433725
-4.11087386433725
-6.15400848356695
-5.04342511917731
-4.12713438536767
-4.11087386433725
-4.11087386433725
-4.14313472655026
-4.12713438536767
-3.62434093457636
-4.11087386433725
-4.11087386433725
-4.47544109236644
-4.44692021410957
-4.40671924933742
-4.11087386433725
-4.11087386433725
-4.46590812198792
-4.17438727004948
-4.11087386433725
-4.11087386433725
-4.11087386433725
-3.72569342880292
-4.69318106693718
-4.23410650474219
-4.11087386433725
-4.11087386433725
-3.94352167783635
-4.20469262133126
-4.11087386433725
-4.11087386433725
-4.11087386433725
-4.14313472702645
-4.47733681459184
-5.2755603809088
-4.11087386433725
-4.11087386433725
-3.58417388224989
-4.13208489588396
-4.12713438536767
-4.11087386433725
-4.11087386433725
-4.14313472655026
-4.11087386433725
-4.20469262013723
-4.11087386433725
-4.11087386433725
-2.93562835390906
-19.7617696709198
-4.21950770547022
-4.11087386433725
-4.11087386433725
-4.11087386753397
-4.11087386433725
-4.11087386433725
-4.11087386433725
-4.11087386433725
-3.09104245411589
-3.17021065532786
-4.40671924738621
-4.11087386433725
-4.11087386433725
-3.66080303096426
-5.04342511917731
-4.12713438536767
-4.11087386433725
-4.11087386433725
-4.14313472655026
-4.12713438536767
-4.31748811513631
-4.11087386433725
-4.11087386433725
-3.35484989697955
-3.23389757426372
-3.30810696066931
-4.11087386433725
-4.11087386433725
-4.46590812198792
-4.17438727004948
-4.11087386433725
-4.11087386433725
-4.11087386433725
-2.80940269692876
-3.12456514902333
-4.23410650474219
-4.11087386433725
-4.11087386433725
-4.85981240971051
-4.20469262133126
-4.11087386433725
-4.11087386433725
-4.11087386433725
-4.14313472702645
-4.47733681459184
-3.57081228867037
-4.11087386433725
-4.11087386433725
-8.24761297636196
-6.6970342533455
-4.12713438536767
-4.11087386433725
-4.11087386433725
-4.14313472655026
-4.11087386433725
-4.20469262013723
-4.11087386433725
-4.11087386433725
-5.42053500369706
-6.53958595823328
-21.9470412688626
-4.11087386433725
-4.11087386433725
-4.80402104809391
-4.11087386433725
-4.11087386433725
-4.11087386433725
-4.11087386433725
-4.189654742784
-5.94279937756764
-4.40671924738621
-4.11087386433725
-4.11087386433725
-7.76344639600106
-3.65713075805742
-4.12713438536767
-4.11087386433725
-4.11087386433725
-4.14313472655026
-4.12713438536767
-4.31748811513631
-4.11087386433725
-4.11087386433725
-7.47117336592043
-6.84481548690794
-4.40671924933742
-4.11087386433725
-4.11087386433725
-3.77276094142797
-4.17438727004948
-4.11087386433725
-4.11087386433725
-4.11087386433725
-3.72569342880292
-6.30261897937128
-4.23410650474219
-4.11087386433725
-4.11087386433725
-5.55295959027045
-4.20469262133126
-4.11087386433725
-4.11087386433725
-4.11087386433725
-4.14313472702645
-4.47733681459184
-5.96870756146874
-4.11087386433725
-4.11087386433725
-8.94076015692191
-6.6970342533455
-4.12713438536767
-4.11087386433725
-4.11087386433725
-4.14313472655026
-4.11087386433725
-4.20469262013723
-4.11087386433725
-4.11087386433725
-5.42053500369706
-6.53958595823328
-4.21950770547022
-22.5315546082896
-4.11087386433725
-4.80402104809391
-4.11087386433725
-4.11087386433725
-4.11087386433725
-4.11087386433725
-4.189654742784
-5.94279937756764
-4.40671924738621
-4.11087386433725
-4.11087386433725
-8.456593576561
-5.04342511917731
-4.12713438536767
-4.11087386433725
-4.11087386433725
-4.14313472655026
-4.12713438536767
-4.31748811513631
-4.11087386433725
-4.11087386433725
-8.56978565458854
-6.84481548690794
-4.40671924933742
-4.11087386433725
-4.11087386433725
-4.46590812198792
-4.17438727004948
-4.11087386433725
-4.11087386433725
-4.11087386433725
-4.41884060936286
-6.30261897937128
-4.23410650474219
-4.11087386433725
-4.11087386433725
-5.55295959027045
-4.20469262133126
-4.11087386433725
-4.11087386433725
-4.11087386433725
-4.14313472702645
-4.47733681459184
-5.96870756146874
-4.11087386433725
-4.11087386433725
-8.94076015692191
-6.6970342533455
-4.12713438536767
-4.11087386433725
-4.11087386433725
-4.14313472655026
-4.11087386433725
-4.20469262013723
-4.11087386433725
-4.11087386433725
-5.42053500369706
-6.53958595823328
-4.21950770547022
-4.11087386433725
-22.5315546082896
-4.80402104809391
-4.11087386433725
-4.11087386433725
-4.11087386433725
-4.11087386433725
-4.189654742784
-5.94279937756764
-4.40671924738621
-4.11087386433725
-4.11087386433725
-8.456593576561
-5.04342511917731
-4.12713438536767
-4.11087386433725
-4.11087386433725
-4.14313472655026
-4.12713438536767
-4.31748811513631
-4.11087386433725
-4.11087386433725
-8.56978565458854
-6.84481548690794
-4.40671924933742
-4.11087386433725
-4.11087386433725
-4.46590812198792
-4.17438727004948
-4.11087386433725
-4.11087386433725
-4.11087386433725
-4.41884060936286
-6.30261897937128
-4.23410650474219
-4.11087386433725
-4.11087386433725
-5.55295959027045
-4.20469262133126
-4.11087386433725
-4.11087386433725
-4.11087386433725
-4.14313472702645
-4.47733681459184
-5.96870756146874
-4.11087386433725
-4.11087386433725
-5.89623771919848
-3.70130197979151
-4.12713438536767
-4.11087386433725
-4.11087386433725
-4.14313472655026
-4.11087386433725
-4.20469262013723
-4.11087386433725
-4.11087386433725
-3.81109709126296
-5.84643877767333
-3.52636052491028
-4.11087386433725
-4.11087386433725
-19.511129725342
-4.11087386433725
-4.11087386433725
-4.11087386433725
-4.11087386433725
-4.189654742784
-5.94279937756764
-4.40671924738621
-4.11087386433725
-4.11087386433725
-6.51068342750569
-3.65713075805742
-4.12713438536767
-4.11087386433725
-4.11087386433725
-4.14313472655026
-4.12713438536767
-4.31748811513631
-4.11087386433725
-4.11087386433725
-8.56978565458854
-5.05305601767989
-4.40671924933742
-4.11087386433725
-4.11087386433725
-3.77276094142797
-4.17438727004948
-4.11087386433725
-4.11087386433725
-4.11087386433725
-4.41884060936286
-6.30261897937128
-4.23410650474219
-4.11087386433725
-4.11087386433725
-4.85981240971051
-3.51154544077132
-4.11087386433725
-4.11087386433725
-4.11087386433725
-4.14313472702645
-4.47733681459184
-5.96870756146874
-4.11087386433725
-4.11087386433725
-8.94076015692191
-6.6970342533455
-4.12713438536767
-4.11087386433725
-4.11087386433725
-4.14313472655026
-4.11087386433725
-4.20469262013723
-4.11087386433725
-4.11087386433725
-5.42053500369706
-6.53958595823328
-4.21950770547022
-4.11087386433725
-4.11087386433725
-4.80402104809391
-22.5315546082896
-4.11087386433725
-4.11087386433725
-4.11087386433725
-4.189654742784
-5.94279937756764
-4.40671924738621
-4.11087386433725
-4.11087386433725
-8.456593576561
-5.04342511917731
-4.12713438536767
-4.11087386433725
-4.11087386433725
-4.14313472655026
-4.12713438536767
-4.31748811513631
-4.11087386433725
-4.11087386433725
-8.56978565458854
-6.84481548690794
-4.40671924933742
-4.11087386433725
-4.11087386433725
-4.46590812198792
-4.17438727004948
-4.11087386433725
-4.11087386433725
-4.11087386433725
-4.41884060936286
-6.30261897937128
-4.23410650474219
-4.11087386433725
-4.11087386433725
-5.55295959027045
-4.20469262133126
-4.11087386433725
-4.11087386433725
-4.11087386433725
-4.14313472702645
-4.47733681459184
-5.96870756146874
-4.11087386433725
-4.11087386433725
-8.94076015692191
-6.6970342533455
-4.12713438536767
-4.11087386433725
-4.11087386433725
-4.14313472655026
-4.11087386433725
-4.20469262013723
-4.11087386433725
-4.11087386433725
-5.42053500369706
-6.53958595823328
-4.21950770547022
-4.11087386433725
-4.11087386433725
-4.80402104809391
-4.11087386433725
-22.5315546082896
-4.11087386433725
-4.11087386433725
-4.189654742784
-5.94279937756764
-4.40671924738621
-4.11087386433725
-4.11087386433725
-8.456593576561
-5.04342511917731
-4.12713438536767
-4.11087386433725
-4.11087386433725
-4.14313472655026
-4.12713438536767
-4.31748811513631
-4.11087386433725
-4.11087386433725
-8.56978565458854
-6.84481548690794
-4.40671924933742
-4.11087386433725
-4.11087386433725
-4.46590812198792
-4.17438727004948
-4.11087386433725
-4.11087386433725
-4.11087386433725
-4.41884060936286
-6.30261897937128
-4.23410650474219
-4.11087386433725
-4.11087386433725
-5.55295959027045
-4.20469262133126
-4.11087386433725
-4.11087386433725
-4.11087386433725
-4.14313472702645
-4.47733681459184
-5.96870756146874
-4.11087386433725
-4.11087386433725
-8.94076015692191
-6.6970342533455
-4.12713438536767
-4.11087386433725
-4.11087386433725
-4.14313472655026
-4.11087386433725
-4.20469262013723
-4.11087386433725
-4.11087386433725
-5.42053500369706
-6.53958595823328
-4.21950770547022
-4.11087386433725
-4.11087386433725
-4.80402104809391
-4.11087386433725
-4.11087386433725
-22.5315546082896
-4.11087386433725
-4.189654742784
-5.94279937756764
-4.40671924738621
-4.11087386433725
-4.11087386433725
-8.456593576561
-5.04342511917731
-4.12713438536767
-4.11087386433725
-4.11087386433725
-4.14313472655026
-4.12713438536767
-4.31748811513631
-4.11087386433725
-4.11087386433725
-8.56978565458854
-6.84481548690794
-4.40671924933742
-4.11087386433725
-4.11087386433725
-4.46590812198792
-4.17438727004948
-4.11087386433725
-4.11087386433725
-4.11087386433725
-4.41884060936286
-6.30261897937128
-4.23410650474219
-4.11087386433725
-4.11087386433725
-5.55295959027045
-4.20469262133126
-4.11087386433725
-4.11087386433725
-4.11087386433725
-4.14313472702645
-4.47733681459184
-5.96870756146874
-4.11087386433725
-4.11087386433725
-8.94076015692191
-6.6970342533455
-4.12713438536767
-4.11087386433725
-4.11087386433725
-4.14313472655026
-4.11087386433725
-4.20469262013723
-4.11087386433725
-4.11087386433725
-5.42053500369706
-6.53958595823328
-4.21950770547022
-4.11087386433725
-4.11087386433725
-4.80402104809391
-4.11087386433725
-4.11087386433725
-4.11087386433725
-22.5315546082896
-4.189654742784
-5.94279937756764
-4.40671924738621
-4.11087386433725
-4.11087386433725
-8.456593576561
-5.04342511917731
-4.12713438536767
-4.11087386433725
-4.11087386433725
-4.14313472655026
-4.12713438536767
-4.31748811513631
-4.11087386433725
-4.11087386433725
-8.56978565458854
-6.84481548690794
-4.40671924933742
-4.11087386433725
-4.11087386433725
-4.46590812198792
-4.17438727004948
-4.11087386433725
-4.11087386433725
-4.11087386433725
-4.41884060936286
-6.30261897937128
-4.23410650474219
-4.11087386433725
-4.11087386433725
-5.55295959027045
-4.20469262133126
-4.11087386433725
-4.11087386433725
-4.11087386433725
-4.14313472702645
-4.47733681459184
-5.96870756146874
-4.11087386433725
-4.11087386433725
-7.8421478682538
-6.6970342533455
-4.12713438536767
-4.11087386433725
-4.11087386433725
-4.14313472655026
-4.11087386433725
-4.20469262013723
-4.11087386433725
-4.11087386433725
-5.42053500369706
-5.84643877767333
-4.21950770547022
-4.11087386433725
-4.11087386433725
-4.80402104809391
-4.11087386433725
-4.11087386433725
-4.11087386433725
-4.11087386433725
-21.0008975743023
-5.94279937756764
-4.40671924738621
-4.11087386433725
-4.11087386433725
-8.456593576561
-5.04342511917731
-4.12713438536767
-4.11087386433725
-4.11087386433725
-4.14313472655026
-4.12713438536767
-4.31748811513631
-4.11087386433725
-4.11087386433725
-7.87663847402859
-6.84481548690794
-4.40671924933742
-4.11087386433725
-4.11087386433725
-4.46590812198792
-4.17438727004948
-4.11087386433725
-4.11087386433725
-4.11087386433725
-4.41884060936286
-5.60947179881133
-4.23410650474219
-4.11087386433725
-4.11087386433725
-5.55295959027045
-4.20469262133126
-4.11087386433725
-4.11087386433725
-4.11087386433725
-4.14313472702645
-4.47733681459184
-5.96870756146874
-4.11087386433725
-4.11087386433725
-4.20456170852741
-6.6970342533455
-4.12713438536767
-4.11087386433725
-4.11087386433725
-4.14313472655026
-4.11087386433725
-4.20469262013723
-4.11087386433725
-4.11087386433725
-5.42053500369706
-3.59514697906684
-4.21950770547022
-4.11087386433725
-4.11087386433725
-4.80402104809391
-4.11087386433725
-4.11087386433725
-4.11087386433725
-4.11087386433725
-4.189654742784
-19.8308806283668
-4.40671924738621
-4.11087386433725
-4.11087386433725
-4.64993108679068
-5.04342511917731
-4.12713438536767
-4.11087386433725
-4.11087386433725
-4.14313472655026
-4.12713438536767
-4.31748811513631
-4.11087386433725
-4.11087386433725
-3.92539475544717
-4.35990883711994
-4.40671924933742
-4.11087386433725
-4.11087386433725
-3.36729583331981
-4.17438727004948
-4.11087386433725
-4.11087386433725
-4.11087386433725
-4.41884060936286
-3.81771232958328
-4.23410650474219
-4.11087386433725
-4.11087386433725
-5.55295959027045
-4.20469262133126
-4.11087386433725
-4.11087386433725
-4.11087386433725
-4.14313472702645
-3.7841896340319
-3.13549421741252
-4.11087386433725
-4.11087386433725
-6.2327099558197
-6.6970342533455
-4.12713438536767
-4.11087386433725
-4.11087386433725
-4.14313472655026
-4.11087386433725
-4.20469262013723
-4.11087386433725
-4.11087386433725
-5.42053500369706
-5.44097366956517
-4.21950770547022
-4.11087386433725
-4.11087386433725
-4.80402104809391
-4.11087386433725
-4.11087386433725
-4.11087386433725
-4.11087386433725
-4.189654742784
-5.94279937756764
-22.8273999913386
-4.11087386433725
-4.11087386433725
-7.07029921544111
-5.04342511917731
-4.12713438536767
-4.11087386433725
-4.11087386433725
-4.14313472655026
-4.12713438536767
-4.31748811513631
-4.11087386433725
-4.11087386433725
-8.56978565458854
-5.74620319823983
-4.40671924933742
-4.11087386433725
-4.11087386433725
-4.46590812198792
-4.17438727004948
-4.11087386433725
-4.11087386433725
-4.11087386433725
-4.41884060936286
-6.30261897937128
-4.23410650474219
-4.11087386433725
-4.11087386433725
-5.55295959027045
-4.20469262133126
-4.11087386433725
-4.11087386433725
-4.11087386433725
-4.14313472702645
-4.47733681459184
-5.96870756146874
-4.11087386433725
-4.11087386433725
-8.94076015692191
-6.6970342533455
-4.12713438536767
-4.11087386433725
-4.11087386433725
-4.14313472655026
-4.11087386433725
-4.20469262013723
-4.11087386433725
-4.11087386433725
-5.42053500369706
-6.53958595823328
-4.21950770547022
-4.11087386433725
-4.11087386433725
-4.80402104809391
-4.11087386433725
-4.11087386433725
-4.11087386433725
-4.11087386433725
-4.189654742784
-5.94279937756764
-4.40671924738621
-22.5315546082896
-4.11087386433725
-8.456593576561
-5.04342511917731
-4.12713438536767
-4.11087386433725
-4.11087386433725
-4.14313472655026
-4.12713438536767
-4.31748811513631
-4.11087386433725
-4.11087386433725
-8.56978565458854
-6.84481548690794
-4.40671924933742
-4.11087386433725
-4.11087386433725
-4.46590812198792
-4.17438727004948
-4.11087386433725
-4.11087386433725
-4.11087386433725
-4.41884060936286
-6.30261897937128
-4.23410650474219
-4.11087386433725
-4.11087386433725
-5.55295959027045
-4.20469262133126
-4.11087386433725
-4.11087386433725
-4.11087386433725
-4.14313472702645
-4.47733681459184
-5.96870756146874
-4.11087386433725
-4.11087386433725
-8.94076015692191
-6.6970342533455
-4.12713438536767
-4.11087386433725
-4.11087386433725
-4.14313472655026
-4.11087386433725
-4.20469262013723
-4.11087386433725
-4.11087386433725
-5.42053500369706
-6.53958595823328
-4.21950770547022
-4.11087386433725
-4.11087386433725
-4.80402104809391
-4.11087386433725
-4.11087386433725
-4.11087386433725
-4.11087386433725
-4.189654742784
-5.94279937756764
-4.40671924738621
-4.11087386433725
-22.5315546082896
-8.456593576561
-5.04342511917731
-4.12713438536767
-4.11087386433725
-4.11087386433725
-4.14313472655026
-4.12713438536767
-4.31748811513631
-4.11087386433725
-4.11087386433725
-8.56978565458854
-6.84481548690794
-4.40671924933742
-4.11087386433725
-4.11087386433725
-4.46590812198792
-4.17438727004948
-4.11087386433725
-4.11087386433725
-4.11087386433725
-4.41884060936286
-6.30261897937128
-4.23410650474219
-4.11087386433725
-4.11087386433725
-5.55295959027045
-4.20469262133126
-4.11087386433725
-4.11087386433725
-4.11087386433725
-4.14313472702645
-4.47733681459184
-5.96870756146874
-4.11087386433725
-4.11087386433725
-1.03200541813866
-1.71342763163716
-3.43398720480773
-4.11087386433725
-4.11087386433725
-4.14313472655026
-4.11087386433725
-4.20469262013723
-4.11087386433725
-4.11087386433725
-3.22331042636084
-1.71127222093097
-4.21950770547022
-4.11087386433725
-4.11087386433725
-1.91364929019775
-4.11087386433725
-4.11087386433725
-4.11087386433725
-4.11087386433725
-4.189654742784
-2.22922731086334
-3.3081069587181
-4.11087386433725
-4.11087386433725
-18.7390016819832
-2.27083639693753
-4.12713438536767
-4.11087386433725
-4.11087386433725
-4.14313472655026
-4.12713438536767
-3.62434093457636
-4.11087386433725
-4.11087386433725
-1.4558295450225
-2.41399868806463
-4.40671924933742
-4.11087386433725
-4.11087386433725
-3.77276094142797
-4.17438727004948
-4.11087386433725
-4.11087386433725
-4.11087386433725
-3.72569342880292
-1.73827078790344
-4.23410650474219
-4.11087386433725
-4.11087386433725
-1.09861229401695
-4.20469262133126
-4.11087386433725
-4.11087386433725
-4.11087386433725
-4.14313472702645
-2.86789890215774
-2.38518862301263
-4.11087386433725
-4.11087386433725
-5.50677295243676
-4.61759271166566
-4.12713438536767
-4.11087386433725
-4.11087386433725
-3.44998754599032
-4.11087386433725
-4.20469262013723
-4.11087386433725
-4.11087386433725
-5.42053500369706
-6.53958595823328
-3.12089541680211
-4.11087386433725
-4.11087386433725
-3.7054087594258
-4.11087386433725
-4.11087386433725
-4.11087386433725
-4.11087386433725
-4.189654742784
-5.94279937756764
-4.40671924738621
-4.11087386433725
-4.11087386433725
-4.71892395827763
-19.9087578016403
-4.12713438536767
-4.11087386433725
-4.11087386433725
-4.14313472655026
-4.12713438536767
-4.31748811513631
-4.11087386433725
-4.11087386433725
-6.62387550553323
-5.74620319823983
-4.40671924933742
-4.11087386433725
-4.11087386433725
-3.77276094142797
-4.17438727004948
-4.11087386433725
-4.11087386433725
-4.11087386433725
-4.41884060936286
-5.60947179881133
-4.23410650474219
-4.11087386433725
-4.11087386433725
-4.16666522915056
-3.51154544077132
-4.11087386433725
-4.11087386433725
-4.11087386433725
-4.14313472702645
-4.47733681459184
-5.2755603809088
-4.11087386433725
-4.11087386433725
-8.94076015692191
-6.6970342533455
-4.12713438536767
-4.11087386433725
-4.11087386433725
-4.14313472655026
-4.11087386433725
-4.20469262013723
-4.11087386433725
-4.11087386433725
-5.42053500369706
-6.53958595823328
-4.21950770547022
-4.11087386433725
-4.11087386433725
-4.80402104809391
-4.11087386433725
-4.11087386433725
-4.11087386433725
-4.11087386433725
-4.189654742784
-5.94279937756764
-4.40671924738621
-4.11087386433725
-4.11087386433725
-8.456593576561
-5.04342511917731
-21.8546679487601
-4.11087386433725
-4.11087386433725
-4.14313472655026
-4.12713438536767
-4.31748811513631
-4.11087386433725
-4.11087386433725
-8.56978565458854
-6.151668306348
-4.40671924933742
-4.11087386433725
-4.11087386433725
-4.46590812198792
-4.17438727004948
-4.11087386433725
-4.11087386433725
-4.11087386433725
-4.41884060936286
-6.30261897937128
-4.23410650474219
-4.11087386433725
-4.11087386433725
-5.55295959027045
-4.20469262133126
-4.11087386433725
-4.11087386433725
-4.11087386433725
-4.14313472702645
-4.47733681459184
-5.96870756146874
-4.11087386433725
-4.11087386433725
-8.94076015692191
-6.6970342533455
-4.12713438536767
-4.11087386433725
-4.11087386433725
-4.14313472655026
-4.11087386433725
-4.20469262013723
-4.11087386433725
-4.11087386433725
-5.42053500369706
-6.53958595823328
-4.21950770547022
-4.11087386433725
-4.11087386433725
-4.80402104809391
-4.11087386433725
-4.11087386433725
-4.11087386433725
-4.11087386433725
-4.189654742784
-5.94279937756764
-4.40671924738621
-4.11087386433725
-4.11087386433725
-8.456593576561
-5.04342511917731
-4.12713438536767
-22.5315546082896
-4.11087386433725
-4.14313472655026
-4.12713438536767
-4.31748811513631
-4.11087386433725
-4.11087386433725
-8.56978565458854
-6.84481548690794
-4.40671924933742
-4.11087386433725
-4.11087386433725
-4.46590812198792
-4.17438727004948
-4.11087386433725
-4.11087386433725
-4.11087386433725
-4.41884060936286
-6.30261897937128
-4.23410650474219
-4.11087386433725
-4.11087386433725
-5.55295959027045
-4.20469262133126
-4.11087386433725
-4.11087386433725
-4.11087386433725
-4.14313472702645
-4.47733681459184
-5.96870756146874
-4.11087386433725
-4.11087386433725
-8.94076015692191
-6.6970342533455
-4.12713438536767
-4.11087386433725
-4.11087386433725
-4.14313472655026
-4.11087386433725
-4.20469262013723
-4.11087386433725
-4.11087386433725
-5.42053500369706
-6.53958595823328
-4.21950770547022
-4.11087386433725
-4.11087386433725
-4.80402104809391
-4.11087386433725
-4.11087386433725
-4.11087386433725
-4.11087386433725
-4.189654742784
-5.94279937756764
-4.40671924738621
-4.11087386433725
-4.11087386433725
-8.456593576561
-5.04342511917731
-4.12713438536767
-4.11087386433725
-22.5315546082896
-4.14313472655026
-4.12713438536767
-4.31748811513631
-4.11087386433725
-4.11087386433725
-8.56978565458854
-6.84481548690794
-4.40671924933742
-4.11087386433725
-4.11087386433725
-4.46590812198792
-4.17438727004948
-4.11087386433725
-4.11087386433725
-4.11087386433725
-4.41884060936286
-6.30261897937128
-4.23410650474219
-4.11087386433725
-4.11087386433725
-5.55295959027045
-4.20469262133126
-4.11087386433725
-4.11087386433725
-4.11087386433725
-4.14313472702645
-4.47733681459184
-5.96870756146874
-4.11087386433725
-4.11087386433725
-8.94076015692191
-6.00388707278555
-4.12713438536767
-4.11087386433725
-4.11087386433725
-4.14313472655026
-4.11087386433725
-4.20469262013723
-4.11087386433725
-4.11087386433725
-5.42053500369706
-6.53958595823328
-4.21950770547022
-4.11087386433725
-4.11087386433725
-4.80402104809391
-4.11087386433725
-4.11087386433725
-4.11087386433725
-4.11087386433725
-4.189654742784
-5.94279937756764
-4.40671924738621
-4.11087386433725
-4.11087386433725
-8.456593576561
-5.04342511917731
-4.12713438536767
-4.11087386433725
-4.11087386433725
-22.5638154705026
-4.12713438536767
-4.31748811513631
-4.11087386433725
-4.11087386433725
-8.56978565458854
-6.84481548690794
-4.40671924933742
-4.11087386433725
-4.11087386433725
-4.46590812198792
-4.17438727004948
-4.11087386433725
-4.11087386433725
-4.11087386433725
-4.41884060936286
-6.30261897937128
-4.23410650474219
-4.11087386433725
-4.11087386433725
-5.55295959027045
-4.20469262133126
-4.11087386433725
-4.11087386433725
-4.11087386433725
-4.14313472702645
-4.47733681459184
-5.96870756146874
-4.11087386433725
-4.11087386433725
-8.94076015692191
-6.6970342533455
-4.12713438536767
-4.11087386433725
-4.11087386433725
-4.14313472655026
-4.11087386433725
-4.20469262013723
-4.11087386433725
-4.11087386433725
-5.42053500369706
-6.53958595823328
-4.21950770547022
-4.11087386433725
-4.11087386433725
-4.80402104809391
-4.11087386433725
-4.11087386433725
-4.11087386433725
-4.11087386433725
-4.189654742784
-5.94279937756764
-4.40671924738621
-4.11087386433725
-4.11087386433725
-8.456593576561
-5.04342511917731
-4.12713438536767
-4.11087386433725
-4.11087386433725
-4.14313472655026
-21.8546679487601
-4.31748811513631
-4.11087386433725
-4.11087386433725
-7.87663847402859
-6.84481548690794
-4.40671924933742
-4.11087386433725
-4.11087386433725
-4.46590812198792
-4.17438727004948
-4.11087386433725
-4.11087386433725
-4.11087386433725
-4.41884060936286
-6.30261897937128
-4.23410650474219
-4.11087386433725
-4.11087386433725
-5.55295959027045
-4.20469262133126
-4.11087386433725
-4.11087386433725
-4.11087386433725
-4.14313472702645
-4.47733681459184
-5.96870756146874
-4.11087386433725
-4.11087386433725
-7.8421478682538
-5.31073989222561
-4.12713438536767
-4.11087386433725
-4.11087386433725
-4.14313472655026
-4.11087386433725
-4.20469262013723
-4.11087386433725
-4.11087386433725
-5.42053500369706
-6.53958595823328
-4.21950770547022
-4.11087386433725
-4.11087386433725
-4.80402104809391
-4.11087386433725
-4.11087386433725
-4.11087386433725
-4.11087386433725
-4.189654742784
-5.94279937756764
-4.40671924738621
-4.11087386433725
-4.11087386433725
-8.456593576561
-5.04342511917731
-4.12713438536767
-4.11087386433725
-4.11087386433725
-4.14313472655026
-4.12713438536767
-20.2532622093007
-4.11087386433725
-4.11087386433725
-6.62387550553323
-5.74620319823983
-4.40671924933742
-4.11087386433725
-4.11087386433725
-4.46590812198792
-4.17438727004948
-4.11087386433725
-4.11087386433725
-4.11087386433725
-4.41884060936286
-6.30261897937128
-4.23410650474219
-4.11087386433725
-4.11087386433725
-4.45434730160234
-4.20469262133126
-4.11087386433725
-4.11087386433725
-4.11087386433725
-4.14313472702645
-4.47733681459184
-5.96870756146874
-4.11087386433725
-4.11087386433725
-8.94076015692191
-6.6970342533455
-4.12713438536767
-4.11087386433725
-4.11087386433725
-4.14313472655026
-4.11087386433725
-4.20469262013723
-4.11087386433725
-4.11087386433725
-5.42053500369706
-6.53958595823328
-4.21950770547022
-4.11087386433725
-4.11087386433725
-4.80402104809391
-4.11087386433725
-4.11087386433725
-4.11087386433725
-4.11087386433725
-4.189654742784
-5.94279937756764
-4.40671924738621
-4.11087386433725
-4.11087386433725
-8.456593576561
-5.04342511917731
-4.12713438536767
-4.11087386433725
-4.11087386433725
-4.14313472655026
-4.12713438536767
-4.31748811513631
-22.5315546082896
-4.11087386433725
-8.56978565458854
-6.84481548690794
-4.40671924933742
-4.11087386433725
-4.11087386433725
-4.46590812198792
-4.17438727004948
-4.11087386433725
-4.11087386433725
-4.11087386433725
-4.41884060936286
-6.30261897937128
-4.23410650474219
-4.11087386433725
-4.11087386433725
-5.55295959027045
-4.20469262133126
-4.11087386433725
-4.11087386433725
-4.11087386433725
-4.14313472702645
-4.47733681459184
-5.96870756146874
-4.11087386433725
-4.11087386433725
-8.94076015692191
-6.6970342533455
-4.12713438536767
-4.11087386433725
-4.11087386433725
-4.14313472655026
-4.11087386433725
-4.20469262013723
-4.11087386433725
-4.11087386433725
-5.42053500369706
-6.53958595823328
-4.21950770547022
-4.11087386433725
-4.11087386433725
-4.80402104809391
-4.11087386433725
-4.11087386433725
-4.11087386433725
-4.11087386433725
-4.189654742784
-5.94279937756764
-4.40671924738621
-4.11087386433725
-4.11087386433725
-8.456593576561
-5.04342511917731
-4.12713438536767
-4.11087386433725
-4.11087386433725
-4.14313472655026
-4.12713438536767
-4.31748811513631
-4.11087386433725
-22.5315546082896
-8.56978565458854
-6.84481548690794
-4.40671924933742
-4.11087386433725
-4.11087386433725
-4.46590812198792
-4.17438727004948
-4.11087386433725
-4.11087386433725
-4.11087386433725
-4.41884060936286
-6.30261897937128
-4.23410650474219
-4.11087386433725
-4.11087386433725
-5.55295959027045
-4.20469262133126
-4.11087386433725
-4.11087386433725
-4.11087386433725
-4.14313472702645
-4.47733681459184
-5.96870756146874
-4.11087386433725
-4.11087386433725
-0.959368575341836
-2.53815116998583
-4.12713438536767
-4.11087386433725
-4.11087386433725
-4.14313472655026
-4.11087386433725
-2.25878247108192
-4.11087386433725
-4.11087386433725
-1.27740027730553
-1.16894793010561
-4.21950770547022
-4.11087386433725
-4.11087386433725
-4.80402104809391
-4.11087386433725
-4.11087386433725
-4.11087386433725
-4.11087386433725
-3.49650756222406
-1.33762919157955
-3.3081069587181
-4.11087386433725
-4.11087386433725
-1.39354541317283
-3.43398720674321
-3.43398720480773
-4.11087386433725
-4.11087386433725
-4.14313472655026
-3.43398720480773
-2.371577966081
-4.11087386433725
-4.11087386433725
-18.1542378270149
-1.09224284808231
-1.84176989187589
-4.11087386433725
-4.11087386433725
-3.36729583331981
-4.17438727004948
-4.11087386433725
-4.11087386433725
-4.11087386433725
-2.33939906768303
-1.81398260963914
-2.8478121436223
-4.11087386433725
-4.11087386433725
-2.98801023280892
-4.20469262133126
-4.11087386433725
-4.11087386433725
-4.11087386433725
-4.14313472702645
-2.53142666553653
-1.25020869017365
-4.11087386433725
-4.11087386433725
-3.20741888002416
-2.78501124791735
-4.12713438536767
-4.11087386433725
-4.11087386433725
-3.44998754599032
-4.11087386433725
-4.20469262013723
-4.11087386433725
-4.11087386433725
-2.37601256597364
-3.28148942021179
-4.21950770547022
-4.11087386433725
-4.11087386433725
-4.11087386753397
-4.11087386433725
-4.11087386433725
-4.11087386433725
-4.11087386433725
-4.189654742784
-3.30374204795239
-3.02042488626631
-4.11087386433725
-4.11087386433725
-4.26693883453457
-4.35027793861737
-4.12713438536767
-4.11087386433725
-4.11087386433725
-4.14313472655026
-4.12713438536767
-4.31748811513631
-4.11087386433725
-4.11087386433725
-2.72624123755718
-18.6820870087015
-2.79728133690332
-4.11087386433725
-4.11087386433725
-3.77276094142797
-2.56494935761538
-4.11087386433725
-4.11087386433725
-4.11087386433725
-3.72569342880292
-3.90472370657291
-4.23410650474219
-4.11087386433725
-4.11087386433725
-2.46191713691214
-3.10608033266315
-4.11087386433725
-4.11087386433725
-4.11087386433725
-4.14313472702645
-4.47733681459184
-3.6661224684747
-4.11087386433725
-4.11087386433725
-7.14900068769385
-6.6970342533455
-4.12713438536767
-4.11087386433725
-4.11087386433725
-4.14313472655026
-4.11087386433725
-4.20469262013723
-4.11087386433725
-4.11087386433725
-5.42053500369706
-5.44097366956517
-4.21950770547022
-4.11087386433725
-4.11087386433725
-4.80402104809391
-4.11087386433725
-4.11087386433725
-4.11087386433725
-4.11087386433725
-4.189654742784
-5.94279937756764
-4.40671924738621
-4.11087386433725
-4.11087386433725
-8.456593576561
-5.04342511917731
-4.12713438536767
-4.11087386433725
-4.11087386433725
-4.14313472655026
-4.12713438536767
-4.31748811513631
-4.11087386433725
-4.11087386433725
-6.62387550553323
-4.89890533785263
-19.9941866492336
-4.11087386433725
-4.11087386433725
-4.46590812198792
-4.17438727004948
-4.11087386433725
-4.11087386433725
-4.11087386433725
-4.41884060936286
-6.30261897937128
-4.23410650474219
-4.11087386433725
-4.11087386433725
-5.55295959027045
-4.20469262133126
-4.11087386433725
-4.11087386433725
-4.11087386433725
-4.14313472702645
-4.47733681459184
-5.96870756146874
-4.11087386433725
-4.11087386433725
-8.94076015692191
-6.6970342533455
-4.12713438536767
-4.11087386433725
-4.11087386433725
-4.14313472655026
-4.11087386433725
-4.20469262013723
-4.11087386433725
-4.11087386433725
-5.42053500369706
-6.53958595823328
-4.21950770547022
-4.11087386433725
-4.11087386433725
-4.80402104809391
-4.11087386433725
-4.11087386433725
-4.11087386433725
-4.11087386433725
-4.189654742784
-5.94279937756764
-4.40671924738621
-4.11087386433725
-4.11087386433725
-8.456593576561
-5.04342511917731
-4.12713438536767
-4.11087386433725
-4.11087386433725
-4.14313472655026
-4.12713438536767
-4.31748811513631
-4.11087386433725
-4.11087386433725
-8.56978565458854
-6.84481548690794
-4.40671924933742
-22.5315546082896
-4.11087386433725
-4.46590812198792
-4.17438727004948
-4.11087386433725
-4.11087386433725
-4.11087386433725
-4.41884060936286
-6.30261897937128
-4.23410650474219
-4.11087386433725
-4.11087386433725
-5.55295959027045
-4.20469262133126
-4.11087386433725
-4.11087386433725
-4.11087386433725
-4.14313472702645
-4.47733681459184
-5.96870756146874
-4.11087386433725
-4.11087386433725
-8.94076015692191
-6.6970342533455
-4.12713438536767
-4.11087386433725
-4.11087386433725
-4.14313472655026
-4.11087386433725
-4.20469262013723
-4.11087386433725
-4.11087386433725
-5.42053500369706
-6.53958595823328
-4.21950770547022
-4.11087386433725
-4.11087386433725
-4.80402104809391
-4.11087386433725
-4.11087386433725
-4.11087386433725
-4.11087386433725
-4.189654742784
-5.94279937756764
-4.40671924738621
-4.11087386433725
-4.11087386433725
-8.456593576561
-5.04342511917731
-4.12713438536767
-4.11087386433725
-4.11087386433725
-4.14313472655026
-4.12713438536767
-4.31748811513631
-4.11087386433725
-4.11087386433725
-8.56978565458854
-6.84481548690794
-4.40671924933742
-4.11087386433725
-22.5315546082896
-4.46590812198792
-4.17438727004948
-4.11087386433725
-4.11087386433725
-4.11087386433725
-4.41884060936286
-6.30261897937128
-4.23410650474219
-4.11087386433725
-4.11087386433725
-5.55295959027045
-4.20469262133126
-4.11087386433725
-4.11087386433725
-4.11087386433725
-4.14313472702645
-4.47733681459184
-5.96870756146874
-4.11087386433725
-4.11087386433725
-8.24761297636196
-3.75259527417906
-4.12713438536767
-4.11087386433725
-4.11087386433725
-4.14313472655026
-4.11087386433725
-4.20469262013723
-4.11087386433725
-4.11087386433725
-5.42053500369706
-6.53958595823328
-4.21950770547022
-4.11087386433725
-4.11087386433725
-4.80402104809391
-4.11087386433725
-4.11087386433725
-4.11087386433725
-4.11087386433725
-4.189654742784
-5.94279937756764
-4.40671924738621
-4.11087386433725
-4.11087386433725
-8.456593576561
-4.35027793861737
-4.12713438536767
-4.11087386433725
-4.11087386433725
-4.14313472655026
-4.12713438536767
-4.31748811513631
-4.11087386433725
-4.11087386433725
-7.87663847402859
-6.151668306348
-4.40671924933742
-4.11087386433725
-4.11087386433725
-19.5192930359538
-4.17438727004948
-4.11087386433725
-4.11087386433725
-4.11087386433725
-4.41884060936286
-6.30261897937128
-3.54095932418224
-4.11087386433725
-4.11087386433725
-4.85981240971051
-4.20469262133126
-4.11087386433725
-4.11087386433725
-4.11087386433725
-4.14313472702645
-3.37872452592373
-5.96870756146874
-4.11087386433725
-4.11087386433725
-8.94076015692191
-6.6970342533455
-4.12713438536767
-4.11087386433725
-4.11087386433725
-4.14313472655026
-4.11087386433725
-4.20469262013723
-4.11087386433725
-4.11087386433725
-5.42053500369706
-6.53958595823328
-4.21950770547022
-4.11087386433725
-4.11087386433725
-4.80402104809391
-4.11087386433725
-4.11087386433725
-4.11087386433725
-4.11087386433725
-4.189654742784
-5.94279937756764
-4.40671924738621
-4.11087386433725
-4.11087386433725
-8.456593576561
-3.9448128305092
-4.12713438536767
-4.11087386433725
-4.11087386433725
-4.14313472655026
-4.12713438536767
-4.31748811513631
-4.11087386433725
-4.11087386433725
-8.56978565458854
-5.74620319823983
-4.40671924933742
-4.11087386433725
-4.11087386433725
-4.46590812198792
-22.5950680140018
-4.11087386433725
-4.11087386433725
-4.11087386433725
-4.41884060936286
-6.30261897937128
-4.23410650474219
-4.11087386433725
-4.11087386433725
-5.55295959027045
-4.20469262133126
-4.11087386433725
-4.11087386433725
-4.11087386433725
-4.14313472702645
-4.47733681459184
-5.96870756146874
-4.11087386433725
-4.11087386433725
-8.94076015692191
-6.6970342533455
-4.12713438536767
-4.11087386433725
-4.11087386433725
-4.14313472655026
-4.11087386433725
-4.20469262013723
-4.11087386433725
-4.11087386433725
-5.42053500369706
-6.53958595823328
-4.21950770547022
-4.11087386433725
-4.11087386433725
-4.80402104809391
-4.11087386433725
-4.11087386433725
-4.11087386433725
-4.11087386433725
-4.189654742784
-5.94279937756764
-4.40671924738621
-4.11087386433725
-4.11087386433725
-8.456593576561
-5.04342511917731
-4.12713438536767
-4.11087386433725
-4.11087386433725
-4.14313472655026
-4.12713438536767
-4.31748811513631
-4.11087386433725
-4.11087386433725
-8.56978565458854
-6.84481548690794
-4.40671924933742
-4.11087386433725
-4.11087386433725
-4.46590812198792
-4.17438727004948
-22.5315546082896
-4.11087386433725
-4.11087386433725
-4.41884060936286
-6.30261897937128
-4.23410650474219
-4.11087386433725
-4.11087386433725
-5.55295959027045
-4.20469262133126
-4.11087386433725
-4.11087386433725
-4.11087386433725
-4.14313472702645
-4.47733681459184
-5.96870756146874
-4.11087386433725
-4.11087386433725
-8.94076015692191
-6.6970342533455
-4.12713438536767
-4.11087386433725
-4.11087386433725
-4.14313472655026
-4.11087386433725
-4.20469262013723
-4.11087386433725
-4.11087386433725
-5.42053500369706
-6.53958595823328
-4.21950770547022
-4.11087386433725
-4.11087386433725
-4.80402104809391
-4.11087386433725
-4.11087386433725
-4.11087386433725
-4.11087386433725
-4.189654742784
-5.94279937756764
-4.40671924738621
-4.11087386433725
-4.11087386433725
-8.456593576561
-5.04342511917731
-4.12713438536767
-4.11087386433725
-4.11087386433725
-4.14313472655026
-4.12713438536767
-4.31748811513631
-4.11087386433725
-4.11087386433725
-8.56978565458854
-6.84481548690794
-4.40671924933742
-4.11087386433725
-4.11087386433725
-4.46590812198792
-4.17438727004948
-4.11087386433725
-22.5315546082896
-4.11087386433725
-4.41884060936286
-6.30261897937128
-4.23410650474219
-4.11087386433725
-4.11087386433725
-5.55295959027045
-4.20469262133126
-4.11087386433725
-4.11087386433725
-4.11087386433725
-4.14313472702645
-4.47733681459184
-5.96870756146874
-4.11087386433725
-4.11087386433725
-8.94076015692191
-6.6970342533455
-4.12713438536767
-4.11087386433725
-4.11087386433725
-4.14313472655026
-4.11087386433725
-4.20469262013723
-4.11087386433725
-4.11087386433725
-5.42053500369706
-6.53958595823328
-4.21950770547022
-4.11087386433725
-4.11087386433725
-4.80402104809391
-4.11087386433725
-4.11087386433725
-4.11087386433725
-4.11087386433725
-4.189654742784
-5.94279937756764
-4.40671924738621
-4.11087386433725
-4.11087386433725
-8.456593576561
-5.04342511917731
-4.12713438536767
-4.11087386433725
-4.11087386433725
-4.14313472655026
-4.12713438536767
-4.31748811513631
-4.11087386433725
-4.11087386433725
-8.56978565458854
-6.84481548690794
-4.40671924933742
-4.11087386433725
-4.11087386433725
-4.46590812198792
-4.17438727004948
-4.11087386433725
-4.11087386433725
-22.5315546082896
-4.41884060936286
-6.30261897937128
-4.23410650474219
-4.11087386433725
-4.11087386433725
-5.55295959027045
-4.20469262133126
-4.11087386433725
-4.11087386433725
-4.11087386433725
-4.14313472702645
-4.47733681459184
-5.96870756146874
-4.11087386433725
-4.11087386433725
-8.24761297636196
-6.6970342533455
-4.12713438536767
-4.11087386433725
-4.11087386433725
-4.14313472655026
-4.11087386433725
-4.20469262013723
-4.11087386433725
-4.11087386433725
-4.03424064257717
-5.44097366956517
-4.21950770547022
-4.11087386433725
-4.11087386433725
-4.80402104809391
-4.11087386433725
-4.11087386433725
-4.11087386433725
-4.11087386433725
-3.49650756222406
-4.84418708889953
-4.40671924738621
-4.11087386433725
-4.11087386433725
-7.35798128789289
-3.9448128305092
-4.12713438536767
-4.11087386433725
-4.11087386433725
-4.14313472655026
-4.12713438536767
-4.31748811513631
-4.11087386433725
-4.11087386433725
-6.96034774215444
-5.23537757447384
-4.40671924933742
-4.11087386433725
-4.11087386433725
-4.46590812198792
-4.17438727004948
-4.11087386433725
-4.11087386433725
-4.11087386433725
-20.2745719958537
-6.30261897937128
-4.23410650474219
-4.11087386433725
-4.11087386433725
-5.55295959027045
-4.20469262133126
-4.11087386433725
-4.11087386433725
-4.11087386433725
-4.14313472702645
-4.47733681459184
-5.96870756146874
-4.11087386433725
-4.11087386433725
-3.57478414190005
-5.31073989222561
-4.12713438536767
-4.11087386433725
-4.11087386433725
-4.14313472655026
-4.11087386433725
-4.20469262013723
-4.11087386433725
-4.11087386433725
-3.47462485464175
-3.44854350487496
-4.21950770547022
-4.11087386433725
-4.11087386433725
-4.80402104809391
-4.11087386433725
-4.11087386433725
-4.11087386433725
-4.11087386433725
-4.189654742784
-2.94706710401365
-4.40671924738621
-4.11087386433725
-4.11087386433725
-4.56477327845037
-3.9448128305092
-4.12713438536767
-4.11087386433725
-4.11087386433725
-4.14313472655026
-4.12713438536767
-4.31748811513631
-4.11087386433725
-4.11087386433725
-3.70225120413296
-3.9003765077415
-4.40671924933742
-4.11087386433725
-4.11087386433725
-4.46590812198792
-4.17438727004948
-4.11087386433725
-4.11087386433725
-4.11087386433725
-3.32022832069475
-19.4350326926291
-4.23410650474219
-4.11087386433725
-4.11087386433725
-5.55295959027045
-4.20469262133126
-4.11087386433725
-4.11087386433725
-4.11087386433725
-3.44998754646651
-3.7841896340319
-3.8892660197889
-4.11087386433725
-4.11087386433725
-8.94076015692191
-5.31073989222561
-4.12713438536767
-4.11087386433725
-4.11087386433725
-4.14313472655026
-4.11087386433725
-4.20469262013723
-4.11087386433725
-4.11087386433725
-5.42053500369706
-6.53958595823328
-4.21950770547022
-4.11087386433725
-4.11087386433725
-4.80402104809391
-4.11087386433725
-4.11087386433725
-4.11087386433725
-4.11087386433725
-4.189654742784
-5.94279937756764
-4.40671924738621
-4.11087386433725
-4.11087386433725
-7.76344639600106
-5.04342511917731
-4.12713438536767
-4.11087386433725
-4.11087386433725
-4.14313472655026
-4.12713438536767
-4.31748811513631
-4.11087386433725
-4.11087386433725
-8.56978565458854
-6.84481548690794
-4.40671924933742
-4.11087386433725
-4.11087386433725
-4.46590812198792
-4.17438727004948
-4.11087386433725
-4.11087386433725
-4.11087386433725
-4.41884060936286
-6.30261897937128
-22.6547872486946
-4.11087386433725
-4.11087386433725
-3.94352167783635
-4.20469262133126
-4.11087386433725
-4.11087386433725
-4.11087386433725
-4.14313472702645
-4.47733681459184
-5.96870756146874
-4.11087386433725
-4.11087386433725
-8.94076015692191
-6.6970342533455
-4.12713438536767
-4.11087386433725
-4.11087386433725
-4.14313472655026
-4.11087386433725
-4.20469262013723
-4.11087386433725
-4.11087386433725
-5.42053500369706
-6.53958595823328
-4.21950770547022
-4.11087386433725
-4.11087386433725
-4.80402104809391
-4.11087386433725
-4.11087386433725
-4.11087386433725
-4.11087386433725
-4.189654742784
-5.94279937756764
-4.40671924738621
-4.11087386433725
-4.11087386433725
-8.456593576561
-5.04342511917731
-4.12713438536767
-4.11087386433725
-4.11087386433725
-4.14313472655026
-4.12713438536767
-4.31748811513631
-4.11087386433725
-4.11087386433725
-8.56978565458854
-6.84481548690794
-4.40671924933742
-4.11087386433725
-4.11087386433725
-4.46590812198792
-4.17438727004948
-4.11087386433725
-4.11087386433725
-4.11087386433725
-4.41884060936286
-6.30261897937128
-4.23410650474219
-22.5315546082896
-4.11087386433725
-5.55295959027045
-4.20469262133126
-4.11087386433725
-4.11087386433725
-4.11087386433725
-4.14313472702645
-4.47733681459184
-5.96870756146874
-4.11087386433725
-4.11087386433725
-8.94076015692191
-6.6970342533455
-4.12713438536767
-4.11087386433725
-4.11087386433725
-4.14313472655026
-4.11087386433725
-4.20469262013723
-4.11087386433725
-4.11087386433725
-5.42053500369706
-6.53958595823328
-4.21950770547022
-4.11087386433725
-4.11087386433725
-4.80402104809391
-4.11087386433725
-4.11087386433725
-4.11087386433725
-4.11087386433725
-4.189654742784
-5.94279937756764
-4.40671924738621
-4.11087386433725
-4.11087386433725
-8.456593576561
-5.04342511917731
-4.12713438536767
-4.11087386433725
-4.11087386433725
-4.14313472655026
-4.12713438536767
-4.31748811513631
-4.11087386433725
-4.11087386433725
-8.56978565458854
-6.84481548690794
-4.40671924933742
-4.11087386433725
-4.11087386433725
-4.46590812198792
-4.17438727004948
-4.11087386433725
-4.11087386433725
-4.11087386433725
-4.41884060936286
-6.30261897937128
-4.23410650474219
-4.11087386433725
-22.5315546082896
-5.55295959027045
-4.20469262133126
-4.11087386433725
-4.11087386433725
-4.11087386433725
-4.14313472702645
-4.47733681459184
-5.96870756146874
-4.11087386433725
-4.11087386433725
-4.93342697168943
-3.92444553110572
-4.12713438536767
-4.11087386433725
-4.11087386433725
-4.14313472655026
-4.11087386433725
-4.20469262013723
-4.11087386433725
-4.11087386433725
-5.42053500369706
-5.15329159711339
-4.21950770547022
-4.11087386433725
-4.11087386433725
-1.91364929019775
-4.11087386433725
-4.11087386433725
-4.11087386433725
-4.11087386433725
-4.189654742784
-4.84418708889953
-4.40671924738621
-4.11087386433725
-4.11087386433725
-4.81900741683461
-2.84620054184109
-4.12713438536767
-4.11087386433725
-4.11087386433725
-4.14313472655026
-4.12713438536767
-4.31748811513631
-4.11087386433725
-4.11087386433725
-6.08487900480054
-3.28946742541853
-4.40671924933742
-4.11087386433725
-4.11087386433725
-3.77276094142797
-4.17438727004948
-4.11087386433725
-4.11087386433725
-4.11087386433725
-3.03254624824297
-4.51085951014322
-4.23410650474219
-4.11087386433725
-4.11087386433725
-19.0463866490656
-3.10608033266315
-4.11087386433725
-4.11087386433725
-4.11087386433725
-4.14313472702645
-4.47733681459184
-5.2755603809088
-4.11087386433725
-4.11087386433725
-7.8421478682538
-6.00388707278555
-4.12713438536767
-4.11087386433725
-4.11087386433725
-4.14313472655026
-4.11087386433725
-4.20469262013723
-4.11087386433725
-4.11087386433725
-5.42053500369706
-6.53958595823328
-4.21950770547022
-4.11087386433725
-4.11087386433725
-4.11087386753397
-4.11087386433725
-4.11087386433725
-4.11087386433725
-4.11087386433725
-4.189654742784
-5.94279937756764
-4.40671924738621
-4.11087386433725
-4.11087386433725
-8.456593576561
-5.04342511917731
-4.12713438536767
-4.11087386433725
-4.11087386433725
-4.14313472655026
-4.12713438536767
-4.31748811513631
-4.11087386433725
-4.11087386433725
-6.96034774215444
-6.84481548690794
-4.40671924933742
-4.11087386433725
-4.11087386433725
-4.46590812198792
-4.17438727004948
-4.11087386433725
-4.11087386433725
-4.11087386433725
-4.41884060936286
-6.30261897937128
-4.23410650474219
-4.11087386433725
-4.11087386433725
-5.55295959027045
-20.0604240078221
-4.11087386433725
-4.11087386433725
-4.11087386433725
-4.14313472702645
-4.47733681459184
-5.96870756146874
-4.11087386433725
-4.11087386433725
-8.94076015692191
-6.6970342533455
-4.12713438536767
-4.11087386433725
-4.11087386433725
-4.14313472655026
-4.11087386433725
-4.20469262013723
-4.11087386433725
-4.11087386433725
-5.42053500369706
-6.53958595823328
-4.21950770547022
-4.11087386433725
-4.11087386433725
-4.80402104809391
-4.11087386433725
-4.11087386433725
-4.11087386433725
-4.11087386433725
-4.189654742784
-5.94279937756764
-4.40671924738621
-4.11087386433725
-4.11087386433725
-8.456593576561
-5.04342511917731
-4.12713438536767
-4.11087386433725
-4.11087386433725
-4.14313472655026
-4.12713438536767
-4.31748811513631
-4.11087386433725
-4.11087386433725
-8.56978565458854
-6.84481548690794
-4.40671924933742
-4.11087386433725
-4.11087386433725
-4.46590812198792
-4.17438727004948
-4.11087386433725
-4.11087386433725
-4.11087386433725
-4.41884060936286
-6.30261897937128
-4.23410650474219
-4.11087386433725
-4.11087386433725
-5.55295959027045
-4.20469262133126
-22.5315546082896
-4.11087386433725
-4.11087386433725
-4.14313472702645
-4.47733681459184
-5.96870756146874
-4.11087386433725
-4.11087386433725
-8.94076015692191
-6.6970342533455
-4.12713438536767
-4.11087386433725
-4.11087386433725
-4.14313472655026
-4.11087386433725
-4.20469262013723
-4.11087386433725
-4.11087386433725
-5.42053500369706
-6.53958595823328
-4.21950770547022
-4.11087386433725
-4.11087386433725
-4.80402104809391
-4.11087386433725
-4.11087386433725
-4.11087386433725
-4.11087386433725
-4.189654742784
-5.94279937756764
-4.40671924738621
-4.11087386433725
-4.11087386433725
-8.456593576561
-5.04342511917731
-4.12713438536767
-4.11087386433725
-4.11087386433725
-4.14313472655026
-4.12713438536767
-4.31748811513631
-4.11087386433725
-4.11087386433725
-8.56978565458854
-6.84481548690794
-4.40671924933742
-4.11087386433725
-4.11087386433725
-4.46590812198792
-4.17438727004948
-4.11087386433725
-4.11087386433725
-4.11087386433725
-4.41884060936286
-6.30261897937128
-4.23410650474219
-4.11087386433725
-4.11087386433725
-5.55295959027045
-4.20469262133126
-4.11087386433725
-22.5315546082896
-4.11087386433725
-4.14313472702645
-4.47733681459184
-5.96870756146874
-4.11087386433725
-4.11087386433725
-8.94076015692191
-6.6970342533455
-4.12713438536767
-4.11087386433725
-4.11087386433725
-4.14313472655026
-4.11087386433725
-4.20469262013723
-4.11087386433725
-4.11087386433725
-5.42053500369706
-6.53958595823328
-4.21950770547022
-4.11087386433725
-4.11087386433725
-4.80402104809391
-4.11087386433725
-4.11087386433725
-4.11087386433725
-4.11087386433725
-4.189654742784
-5.94279937756764
-4.40671924738621
-4.11087386433725
-4.11087386433725
-8.456593576561
-5.04342511917731
-4.12713438536767
-4.11087386433725
-4.11087386433725
-4.14313472655026
-4.12713438536767
-4.31748811513631
-4.11087386433725
-4.11087386433725
-8.56978565458854
-6.84481548690794
-4.40671924933742
-4.11087386433725
-4.11087386433725
-4.46590812198792
-4.17438727004948
-4.11087386433725
-4.11087386433725
-4.11087386433725
-4.41884060936286
-6.30261897937128
-4.23410650474219
-4.11087386433725
-4.11087386433725
-5.55295959027045
-4.20469262133126
-4.11087386433725
-4.11087386433725
-22.5315546082896
-4.14313472702645
-4.47733681459184
-5.96870756146874
-4.11087386433725
-4.11087386433725
-8.94076015692191
-6.6970342533455
-4.12713438536767
-4.11087386433725
-4.11087386433725
-4.14313472655026
-4.11087386433725
-4.20469262013723
-4.11087386433725
-4.11087386433725
-5.42053500369706
-6.53958595823328
-4.21950770547022
-4.11087386433725
-4.11087386433725
-4.80402104809391
-4.11087386433725
-4.11087386433725
-4.11087386433725
-4.11087386433725
-4.189654742784
-5.94279937756764
-4.40671924738621
-4.11087386433725
-4.11087386433725
-8.456593576561
-5.04342511917731
-4.12713438536767
-4.11087386433725
-4.11087386433725
-4.14313472655026
-4.12713438536767
-4.31748811513631
-4.11087386433725
-4.11087386433725
-8.56978565458854
-6.84481548690794
-4.40671924933742
-4.11087386433725
-4.11087386433725
-4.46590812198792
-4.17438727004948
-4.11087386433725
-4.11087386433725
-4.11087386433725
-4.41884060936286
-6.30261897937128
-4.23410650474219
-4.11087386433725
-4.11087386433725
-5.55295959027045
-4.20469262133126
-4.11087386433725
-4.11087386433725
-4.11087386433725
-21.1775211098589
-4.47733681459184
-5.96870756146874
-4.11087386433725
-4.11087386433725
-5.99632117775547
-6.6970342533455
-4.12713438536767
-4.11087386433725
-4.11087386433725
-4.14313472655026
-4.11087386433725
-4.20469262013723
-4.11087386433725
-4.11087386433725
-5.42053500369706
-6.53958595823328
-4.21950770547022
-4.11087386433725
-4.11087386433725
-4.80402104809391
-4.11087386433725
-4.11087386433725
-4.11087386433725
-4.11087386433725
-4.189654742784
-5.94279937756764
-4.40671924738621
-4.11087386433725
-4.11087386433725
-8.456593576561
-5.04342511917731
-4.12713438536767
-4.11087386433725
-4.11087386433725
-4.14313472655026
-4.12713438536767
-4.31748811513631
-4.11087386433725
-4.11087386433725
-6.37256107725232
-6.151668306348
-4.40671924933742
-4.11087386433725
-4.11087386433725
-4.46590812198792
-4.17438727004948
-4.11087386433725
-4.11087386433725
-4.11087386433725
-4.41884060936286
-6.30261897937128
-4.23410650474219
-4.11087386433725
-4.11087386433725
-5.55295959027045
-4.20469262133126
-4.11087386433725
-4.11087386433725
-4.11087386433725
-4.14313472702645
-22.8980175585442
-5.96870756146874
-4.11087386433725
-4.11087386433725
-4.05795823433554
-3.60599179998718
-4.12713438536767
-4.11087386433725
-4.11087386433725
-4.14313472655026
-4.11087386433725
-4.20469262013723
-4.11087386433725
-4.11087386433725
-4.32192271502895
-4.34236138089706
-4.21950770547022
-4.11087386433725
-4.11087386433725
-4.80402104809391
-4.11087386433725
-4.11087386433725
-4.11087386433725
-4.11087386433725
-4.189654742784
-3.23474917646543
-3.71357206682626
-4.11087386433725
-4.11087386433725
-4.46760952999673
-5.04342511917731
-4.12713438536767
-4.11087386433725
-4.11087386433725
-4.14313472655026
-4.12713438536767
-4.31748811513631
-4.11087386433725
-4.11087386433725
-4.27932621344015
-4.01160214285173
-4.40671924933742
-4.11087386433725
-4.11087386433725
-2.5199979729326
-4.17438727004948
-4.11087386433725
-4.11087386433725
-4.11087386433725
-4.41884060936286
-4.10539440203506
-4.23410650474219
-4.11087386433725
-4.11087386433725
-5.55295959027045
-4.20469262133126
-4.11087386433725
-4.11087386433725
-4.11087386433725
-4.14313472702645
-4.47733681459184
-20.3289452948747
-4.11087386433725
-4.11087386433725
-8.94076015692191
-6.6970342533455
-4.12713438536767
-4.11087386433725
-4.11087386433725
-4.14313472655026
-4.11087386433725
-4.20469262013723
-4.11087386433725
-4.11087386433725
-5.42053500369706
-6.53958595823328
-4.21950770547022
-4.11087386433725
-4.11087386433725
-4.80402104809391
-4.11087386433725
-4.11087386433725
-4.11087386433725
-4.11087386433725
-4.189654742784
-5.94279937756764
-4.40671924738621
-4.11087386433725
-4.11087386433725
-8.456593576561
-5.04342511917731
-4.12713438536767
-4.11087386433725
-4.11087386433725
-4.14313472655026
-4.12713438536767
-4.31748811513631
-4.11087386433725
-4.11087386433725
-8.56978565458854
-6.84481548690794
-4.40671924933742
-4.11087386433725
-4.11087386433725
-4.46590812198792
-4.17438727004948
-4.11087386433725
-4.11087386433725
-4.11087386433725
-4.41884060936286
-6.30261897937128
-4.23410650474219
-4.11087386433725
-4.11087386433725
-5.55295959027045
-4.20469262133126
-4.11087386433725
-4.11087386433725
-4.11087386433725
-4.14313472702645
-4.47733681459184
-5.96870756146874
-22.5315546082896
-4.11087386433725
-8.94076015692191
-6.6970342533455
-4.12713438536767
-4.11087386433725
-4.11087386433725
-4.14313472655026
-4.11087386433725
-4.20469262013723
-4.11087386433725
-4.11087386433725
-5.42053500369706
-6.53958595823328
-4.21950770547022
-4.11087386433725
-4.11087386433725
-4.80402104809391
-4.11087386433725
-4.11087386433725
-4.11087386433725
-4.11087386433725
-4.189654742784
-5.94279937756764
-4.40671924738621
-4.11087386433725
-4.11087386433725
-8.456593576561
-5.04342511917731
-4.12713438536767
-4.11087386433725
-4.11087386433725
-4.14313472655026
-4.12713438536767
-4.31748811513631
-4.11087386433725
-4.11087386433725
-8.56978565458854
-6.84481548690794
-4.40671924933742
-4.11087386433725
-4.11087386433725
-4.46590812198792
-4.17438727004948
-4.11087386433725
-4.11087386433725
-4.11087386433725
-4.41884060936286
-6.30261897937128
-4.23410650474219
-4.11087386433725
-4.11087386433725
-5.55295959027045
-4.20469262133126
-4.11087386433725
-4.11087386433725
-4.11087386433725
-4.14313472702645
-4.47733681459184
-5.96870756146874
-4.11087386433725
-22.5315546082896
60
-3.4769283518963
-4.49980967600928
-4.12713438536767
-4.11087386433725
-4.11087386433725
-4.14313472655026
-4.11087386433725
-4.20469262013723
-4.11087386433725
-4.11087386433725
-5.42053500369706
-4.46014441655344
-4.21950770547022
-4.11087386433725
-4.11087386433725
-4.80402104809391
-4.11087386433725
-4.11087386433725
-4.11087386433725
-4.11087386433725
-4.189654742784
-5.94279937756764
-4.40671924738621
-4.11087386433725
-4.11087386433725
-5.81753624694574
-4.35027793861737
-4.12713438536767
-4.11087386433725
-4.11087386433725
-4.14313472655026
-4.12713438536767
-4.31748811513631
-4.11087386433725
-4.11087386433725
-4.30710577754722
-4.13676528580573
-4.40671924933742
-4.11087386433725
-4.11087386433725
-4.46590812198792
-4.17438727004948
-4.11087386433725
-4.11087386433725
-4.11087386433725
-4.41884060936286
-4.35670883031597
-4.23410650474219
-4.11087386433725
-4.11087386433725
-4.85981240971051
-4.20469262133126
-4.11087386433725
-4.11087386433725
-4.11087386433725
-4.14313472702645
-4.47733681459184
-5.96870756146874
-4.11087386433725
-4.11087386433725
