60
-1.0402159027
-4.52720864452514
-7.29979736676492
-7.29979736676492
-7.29979736676492
-7.29979736676492
-6.60665018620497
-7.29979736676492
-7.29979736676492
-7.29979736676492
-3.83406146396519
-2.6176661396407
-7.29979736676492
-7.29979736676492
-7.29979736676492
-5.69035945433082
-7.29979736676492
-6.60665018620497
-7.29979736676492
-7.29979736676492
-4.59174716566271
-2.62696853230301
-7.29979736676492
-7.29979736676492
-7.29979736676492
-2.8571461102746
-6.20118507809681
-7.29979736676492
-7.29979736676492
-7.29979736676492
-6.60665018620497
-7.29979736676492
-6.60665018620497
-7.29979736676492
-7.29979736676492
-2.12364763419109
-4.04170082874344
-6.60665018620497
-7.29979736676492
-7.29979736676492
-5.91350300564503
-7.29979736676492
-6.60665018620497
-7.29979736676492
-7.29979736676492
-4.2087549134066
-1.69767854588522
-7.29979736676492
-7.29979736676492
-7.29979736676492
-5.50803789753686
-6.60665018620497
-7.29979736676492
-7.29979736676492
-7.29979736676492
-6.20118507809681
-4.4665840227087
-4.99721227377087
-7.29979736676492
-7.29979736676492
60 60
-18.3245317415283
-1.39168106688125
-4.29045944265524
-4.11087386433725
-4.11087386433725
-3.99820070313709
-4.64439090010291
-3.51898042013335
-4.11087386433725
-4.11087386433725
-2.11003245749753
-1.83690311923535
-1.67470291631248
-4.11087386433725
-4.11087386433725
-2.4354583784754
-3.5695326971856
-4.78749175378204
-4.11087386433725
-4.11087386433725
-3.25576282406779
-2.34252929032279
-2.52572864783553
-4.11087386433725
-4.11087386433725
-0.899765126759141
-0.731958026162963
-4.18965474263248
-4.11087386433725
-4.11087386433725
-2.53897387941354
-4.94164242432359
-2.98315349417413
-4.11087386433725
-4.11087386433725
-1.05821920223168
-1.39173973180344
-3.12456514660575
-4.11087386433725
-4.11087386433725
-2.14196190191875
-4.33073334160212
-4.58156032860834
-4.11087386433725
-4.11087386433725
-3.58813789129973
-1.78516942096535
-3.6720723379162
-4.11087386433725
-4.11087386433725
-1.53203539867928
-2.58399755431902
-4.39444915566009
-4.11087386433725
-4.11087386433725
-2.71516767887107
-2.61938456918212
-2.07137337170629
-4.11087386433725
-4.11087386433725
-4.00165173813689
-19.0096961044672
-4.29045944265524
-4.11087386433725
-4.11087386433725
-3.99820070313709
-3.95124371954297
-4.90527478125325
-4.11087386433725
-4.11087386433725
-5.55803390535749
-5.45775077834188
-4.04960867088616
-4.11087386433725
-4.11087386433725
-2.60730863540206
-4.26267987774554
-4.78749175378204
-4.11087386433725
-4.11087386433725
-7.15773549364243
-5.84550936629489
-4.51815881252573
-4.11087386433725
-4.11087386433725
-4.53440251914427
-2.98553554005031
-4.18965474263248
-4.11087386433725
-4.11087386433725
-5.02388052920154
-4.94164242432359
-4.08176578284224
-4.11087386433725
-4.11087386433725
-4.76701729965213
-2.99495678436244
-4.51085950772564
-4.11087386433725
-4.11087386433725
-3.78418963717584
-3.63758616104218
-4.98702543671651
-4.11087386433725
-4.11087386433725
-4.75128870110541
-5.31938259843731
-3.38439026546442
-4.11087386433725
-4.11087386433725
-3.3307153107519
-3.27714473487897
-4.39444915566009
-4.11087386433725
-4.11087386433725
-6.04737218904628
-5.30496191443227
-3.89950048510522
-4.11087386433725
-4.11087386433725
-10.0275177119622
-7.17242458267358
-20.3132449138092
-4.11087386433725
-4.11087386433725
-4.69134788369703
-4.64439090010291
-4.90527478125325
-4.11087386433725
-4.11087386433725
-6.25118108591743
-9.63213804823752
-6.12905021256599
-4.11087386433725
-4.11087386433725
-5.37989735764184
-4.26267987774554
-4.78749175378204
-4.11087386433725
-4.11087386433725
-7.85088267420238
-9.17771387647009
-5.61677110119384
-4.11087386433725
-4.11087386433725
-8.80409996884424
-6.52649486408763
-4.18965474263248
-4.11087386433725
-4.11087386433725
-5.02388052920154
-4.94164242432359
-5.46806014396214
-4.11087386433725
-4.11087386433725
-9.8969160145752
-7.85476918872411
-4.51085950772564
-4.11087386433725
-4.11087386433725
-4.47733681773578
-4.33073334160212
-5.68017261727645
-4.11087386433725
-4.11087386433725
-7.45933890220762
-9.89409357694069
-4.77068462658431
-4.11087386433725
-4.11087386433725
-5.8156219605399
-4.66343909599886
-4.39444915566009
-4.11087386433725
-4.11087386433725
-6.04737218904628
-7.50218649176849
-7.70616297487554
-4.11087386433725
-4.11087386433725
-10.0275177119622
-7.17242458267358
-4.29045944265524
-22.5315546082896
-4.11087386433725
-4.69134788369703
-4.64439090010291
-4.90527478125325
-4.11087386433725
-4.11087386433725
-8.33062262759727
-9.63213804823752
-6.12905021256599
-4.11087386433725
-4.11087386433725
-5.37989735764184
-4.26267987774554
-4.78749175378204
-4.11087386433725
-4.11087386433725
-7.85088267420238
-9.17771387647009
-5.61677110119384
-4.11087386433725
-4.11087386433725
-9.49724714940418
-7.21964204464757
-4.18965474263248
-4.11087386433725
-4.11087386433725
-5.02388052920154
-4.94164242432359
-5.46806014396214
-4.11087386433725
-4.11087386433725
-9.8969160145752
-7.85476918872411
-4.51085950772564
-4.11087386433725
-4.11087386433725
-5.57594910640389
-4.33073334160212
-5.68017261727645
-4.11087386433725
-4.11087386433725
-7.45933890220762
-9.89409357694069
-4.77068462658431
-4.11087386433725
-4.11087386433725
-6.50876914109985
-4.66343909599886
-4.39444915566009
-4.11087386433725
-4.11087386433725
-6.04737218904628
-7.50218649176849
-7.70616297487554
-4.11087386433725
-4.11087386433725
-10.0275177119622
-7.17242458267358
-4.29045944265524
-4.11087386433725
-22.5315546082896
-4.69134788369703
-4.64439090010291
-4.90527478125325
-4.11087386433725
-4.11087386433725
-8.33062262759727
-9.63213804823752
-6.12905021256599
-4.11087386433725
-4.11087386433725
-5.37989735764184
-4.26267987774554
-4.78749175378204
-4.11087386433725
-4.11087386433725
-7.85088267420238
-9.17771387647009
-5.61677110119384
-4.11087386433725
-4.11087386433725
-9.49724714940418
-7.21964204464757
-4.18965474263248
-4.11087386433725
-4.11087386433725
-5.02388052920154
-4.94164242432359
-5.46806014396214
-4.11087386433725
-4.11087386433725
-9.8969160145752
-7.85476918872411
-4.51085950772564
-4.11087386433725
-4.11087386433725
-5.57594910640389
-4.33073334160212
-5.68017261727645
-4.11087386433725
-4.11087386433725
-7.45933890220762
-9.89409357694069
-4.77068462658431
-4.11087386433725
-4.11087386433725
-6.50876914109985
-4.66343909599886
-4.39444915566009
-4.11087386433725
-4.11087386433725
-6.04737218904628
-7.50218649176849
-7.70616297487554
-4.11087386433725
-4.11087386433725
-7.94807617028237
-6.47927740211363
-4.29045944265524
-4.11087386433725
-4.11087386433725
-20.3394399054096
-3.5457786114348
-4.90527478125325
-4.11087386433725
-4.11087386433725
-7.63747544703732
-8.53352575956941
-6.12905021256599
-4.11087386433725
-4.11087386433725
-4.28128506897373
-4.26267987774554
-4.78749175378204
-4.11087386433725
-4.11087386433725
-7.85088267420238
-7.09827233479026
-5.61677110119384
-4.11087386433725
-4.11087386433725
-8.11095278828429
-6.12102975597946
-3.49650756207254
-4.11087386433725
-4.11087386433725
-5.02388052920154
-3.84303013565548
-5.46806014396214
-4.11087386433725
-4.11087386433725
-9.20376883401526
-7.16162200816417
-3.8177123271657
-4.11087386433725
-4.11087386433725
-3.49650756472406
-4.33073334160212
-5.68017261727645
-4.11087386433725
-4.11087386433725
-6.36072661353951
-9.20094639638075
-4.07753744602436
-4.11087386433725
-4.11087386433725
-5.41015685243174
-4.66343909599886
-4.39444915566009
-4.11087386433725
-4.11087386433725
-5.35422500848633
-6.40357420310038
-7.0130157943156
-4.11087386433725
-4.11087386433725
-10.0275177119622
-7.17242458267358
-4.29045944265524
-4.11087386433725
-4.11087386433725
-3.30505352257714
-20.7624865510612
-4.90527478125325
-4.11087386433725
-4.11087386433725
-7.63747544703732
-9.63213804823752
-6.12905021256599
-4.11087386433725
-4.11087386433725
-5.37989735764184
-4.26267987774554
-4.78749175378204
-4.11087386433725
-4.11087386433725
-5.65365809686616
-7.23180372741478
-5.61677110119384
-4.11087386433725
-4.11087386433725
-9.49724714940418
-7.21964204464757
-4.18965474263248
-4.11087386433725
-4.11087386433725
-4.33073334864159
-4.24849524376365
-5.46806014396214
-4.11087386433725
-4.11087386433725
-9.20376883401526
-7.85476918872411
-4.51085950772564
-4.11087386433725
-4.11087386433725
-4.88280192584395
-4.33073334160212
-4.98702543671651
-4.11087386433725
-4.11087386433725
-4.97443225241962
-9.89409357694069
-4.77068462658431
-4.11087386433725
-4.11087386433725
-6.50876914109985
-4.66343909599886
-3.70130197510015
-4.11087386433725
-4.11087386433725
-4.66107782792639
-6.1158921306486
-7.70616297487554
-4.11087386433725
-4.11087386433725
-8.64122335084232
-6.47927740211363
-4.29045944265524
-4.11087386433725
-4.11087386433725
-4.69134788369703
-3.95124371954297
-19.6883693654792
-4.11087386433725
-4.11087386433725
-6.13339805026105
-7.06718869077598
-6.12905021256599
-4.11087386433725
-4.11087386433725
-5.37989735764184
-4.26267987774554
-4.78749175378204
-4.11087386433725
-4.11087386433725
-7.15773549364243
-7.56827596403599
-4.9236239206339
-4.11087386433725
-4.11087386433725
-9.49724714940418
-7.21964204464757
-4.18965474263248
-4.11087386433725
-4.11087386433725
-5.02388052920154
-4.24849524376365
-5.46806014396214
-4.11087386433725
-4.11087386433725
-7.4120093647872
-6.06300971949606
-4.51085950772564
-4.11087386433725
-4.11087386433725
-5.57594910640389
-4.33073334160212
-5.68017261727645
-4.11087386433725
-4.11087386433725
-4.97443225241962
-8.79548128827258
-4.07753744602436
-4.11087386433725
-4.11087386433725
-5.12247477997996
-4.66343909599886
-4.39444915566009
-4.11087386433725
-4.11087386433725
-4.94875990037817
-5.55627634271317
-7.70616297487554
-4.11087386433725
-4.11087386433725
-10.0275177119622
-7.17242458267358
-4.29045944265524
-4.11087386433725
-4.11087386433725
-4.69134788369703
-4.64439090010291
-4.90527478125325
-22.5315546082896
-4.11087386433725
-8.33062262759727
-9.63213804823752
-6.12905021256599
-4.11087386433725
-4.11087386433725
-5.37989735764184
-4.26267987774554
-4.78749175378204
-4.11087386433725
-4.11087386433725
-7.85088267420238
-9.17771387647009
-5.61677110119384
-4.11087386433725
-4.11087386433725
-9.49724714940418
-7.21964204464757
-4.18965474263248
-4.11087386433725
-4.11087386433725
-5.02388052920154
-4.94164242432359
-5.46806014396214
-4.11087386433725
-4.11087386433725
-9.8969160145752
-7.85476918872411
-4.51085950772564
-4.11087386433725
-4.11087386433725
-5.57594910640389
-4.33073334160212
-5.68017261727645
-4.11087386433725
-4.11087386433725
-7.45933890220762
-9.89409357694069
-4.77068462658431
-4.11087386433725
-4.11087386433725
-6.50876914109985
-4.66343909599886
-4.39444915566009
-4.11087386433725
-4.11087386433725
-6.04737218904628
-7.50218649176849
-7.70616297487554
-4.11087386433725
-4.11087386433725
-10.0275177119622
-7.17242458267358
-4.29045944265524
-4.11087386433725
-4.11087386433725
-4.69134788369703
-4.64439090010291
-4.90527478125325
-4.11087386433725
-22.5315546082896
-8.33062262759727
-9.63213804823752
-6.12905021256599
-4.11087386433725
-4.11087386433725
-5.37989735764184
-4.26267987774554
-4.78749175378204
-4.11087386433725
-4.11087386433725
-7.85088267420238
-9.17771387647009
-5.61677110119384
-4.11087386433725
-4.11087386433725
-9.49724714940418
-7.21964204464757
-4.18965474263248
-4.11087386433725
-4.11087386433725
-5.02388052920154
-4.94164242432359
-5.46806014396214
-4.11087386433725
-4.11087386433725
-9.8969160145752
-7.85476918872411
-4.51085950772564
-4.11087386433725
-4.11087386433725
-5.57594910640389
-4.33073334160212
-5.68017261727645
-4.11087386433725
-4.11087386433725
-7.45933890220762
-9.89409357694069
-4.77068462658431
-4.11087386433725
-4.11087386433725
-6.50876914109985
-4.66343909599886
-4.39444915566009
-4.11087386433725
-4.11087386433725
-6.04737218904628
-7.50218649176849
-7.70616297487554
-4.11087386433725
-4.11087386433725
-3.48073230120169
-3.12937331483903
-4.29045944265524
-4.11087386433725
-4.11087386433725
-3.59273559502892
-3.03495298766881
-2.50737950845487
-4.11087386433725
-4.11087386433725
-18.7402799923632
-3.54991913786107
-4.33729074333794
-4.11087386433725
-4.11087386433725
-3.0773122646478
-4.26267987774554
-4.0943445732221
-4.11087386433725
-4.11087386433725
-3.77334523029666
-3.47727030307941
-3.67086095213853
-4.11087386433725
-4.11087386433725
-4.11734979586372
-4.32927028675141
-4.18965474263248
-4.11087386433725
-4.11087386433725
-2.62598525640317
-3.14988295509554
-2.37701769060382
-4.11087386433725
-4.11087386433725
-3.36749717631298
-3.84743600349164
-4.51085950772564
-4.11087386433725
-4.11087386433725
-2.80336038416411
-4.33073334160212
-2.68444034372246
-4.11087386433725
-4.11087386433725
-2.22823028535304
-2.91123082547175
-2.20573526912277
-4.11087386433725
-4.11087386433725
-4.56285899204454
-4.66343909599886
-3.70130197510015
-4.11087386433725
-4.11087386433725
-4.25561271981822
-2.96958699861523
-3.68081128414039
-4.11087386433725
-4.11087386433725
-2.2376491529075
-2.61854769107304
-4.29045944265524
-4.11087386433725
-4.11087386433725
-3.30505352257714
-4.64439090010291
-2.70805020391703
-4.11087386433725
-4.11087386433725
-1.79538135658361
-18.7967405285399
-2.44017075845206
-4.11087386433725
-4.11087386433725
-3.77045944520774
-3.5695326971856
-4.78749175378204
-4.11087386433725
-4.11087386433725
-2.47560426651821
-1.84273199759828
-2.1827838967087
-4.11087386433725
-4.11087386433725
-2.28642869593196
-3.63612310619146
-4.18965474263248
-4.11087386433725
-4.11087386433725
-2.72129543620749
-2.86220088264375
-2.98315349417413
-4.11087386433725
-4.11087386433725
-1.88423508486837
-1.96589123039123
-3.41224721905753
-4.11087386433725
-4.11087386433725
-2.48490665304558
-4.33073334160212
-2.09665367882034
-4.11087386433725
-4.11087386433725
-1.42625268040882
-1.5140956247023
-2.69124308490447
-4.11087386433725
-4.11087386433725
-2.72457950718159
-3.56482680733075
-3.70130197510015
-4.11087386433725
-4.11087386433725
-2.82849636417808
-2.9274755132651
-2.11517599436469
-4.11087386433725
-4.11087386433725
-6.11549470653406
-6.47927740211363
-4.29045944265524
-4.11087386433725
-4.11087386433725
-4.69134788369703
-4.64439090010291
-3.80666249258514
-4.11087386433725
-4.11087386433725
-5.15256879724932
-4.84464630545547
-19.8047988281551
-4.11087386433725
-4.11087386433725
-3.99360299652195
-4.26267987774554
-4.78749175378204
-4.11087386433725
-4.11087386433725
-6.46458831308248
-6.61276451900856
-4.9236239206339
-4.11087386433725
-4.11087386433725
-6.16504263922898
-4.38642870059136
-4.18965474263248
-4.11087386433725
-4.11087386433725
-5.02388052920154
-4.94164242432359
-5.46806014396214
-4.11087386433725
-4.11087386433725
-5.81937857066948
-5.77532764704428
-4.51085950772564
-4.11087386433725
-4.11087386433725
-4.47733681773578
-4.33073334160212
-4.98702543671651
-4.11087386433725
-4.11087386433725
-5.51342875315231
-5.71970630704506
-4.77068462658431
-4.11087386433725
-4.11087386433725
-5.12247477997996
-4.66343909599886
-4.39444915566009
-4.11087386433725
-4.11087386433725
-5.35422500848633
-6.80903931120854
-5.50893839753932
-4.11087386433725
-4.11087386433725
-10.0275177119622
-7.17242458267358
-4.29045944265524
-4.11087386433725
-4.11087386433725
-4.69134788369703
-4.64439090010291
-4.90527478125325
-4.11087386433725
-4.11087386433725
-8.33062262759727
-9.63213804823752
-6.12905021256599
-22.5315546082896
-4.11087386433725
-5.37989735764184
-4.26267987774554
-4.78749175378204
-4.11087386433725
-4.11087386433725
-7.85088267420238
-9.17771387647009
-5.61677110119384
-4.11087386433725
-4.11087386433725
-9.49724714940418
-7.21964204464757
-4.18965474263248
-4.11087386433725
-4.11087386433725
-5.02388052920154
-4.94164242432359
-5.46806014396214
-4.11087386433725
-4.11087386433725
-9.8969160145752
-7.85476918872411
-4.51085950772564
-4.11087386433725
-4.11087386433725
-5.57594910640389
-4.33073334160212
-5.68017261727645
-4.11087386433725
-4.11087386433725
-7.45933890220762
-9.89409357694069
-4.77068462658431
-4.11087386433725
-4.11087386433725
-6.50876914109985
-4.66343909599886
-4.39444915566009
-4.11087386433725
-4.11087386433725
-6.04737218904628
-7.50218649176849
-7.70616297487554
-4.11087386433725
-4.11087386433725
-10.0275177119622
-7.17242458267358
-4.29045944265524
-4.11087386433725
-4.11087386433725
-4.69134788369703
-4.64439090010291
-4.90527478125325
-4.11087386433725
-4.11087386433725
-8.33062262759727
-9.63213804823752
-6.12905021256599
-4.11087386433725
-22.5315546082896
-5.37989735764184
-4.26267987774554
-4.78749175378204
-4.11087386433725
-4.11087386433725
-7.85088267420238
-9.17771387647009
-5.61677110119384
-4.11087386433725
-4.11087386433725
-9.49724714940418
-7.21964204464757
-4.18965474263248
-4.11087386433725
-4.11087386433725
-5.02388052920154
-4.94164242432359
-5.46806014396214
-4.11087386433725
-4.11087386433725
-9.8969160145752
-7.85476918872411
-4.51085950772564
-4.11087386433725
-4.11087386433725
-5.57594910640389
-4.33073334160212
-5.68017261727645
-4.11087386433725
-4.11087386433725
-7.45933890220762
-9.89409357694069
-4.77068462658431
-4.11087386433725
-4.11087386433725
-6.50876914109985
-4.66343909599886
-4.39444915566009
-4.11087386433725
-4.11087386433725
-6.04737218904628
-7.50218649176849
-7.70616297487554
-4.11087386433725
-4.11087386433725
-6.695313201787
-3.70668867987385
-4.29045944265524
-4.11087386433725
-4.11087386433725
-3.59273559502892
-4.64439090010291
-4.90527478125325
-4.11087386433725
-4.11087386433725
-7.23201033892916
-8.53352575956941
-5.43590303200605
-4.11087386433725
-4.11087386433725
-19.3119417318621
-3.5695326971856
-4.78749175378204
-4.11087386433725
-4.11087386433725
-7.15773549364243
-6.98048929913387
-4.51815881252573
-4.11087386433725
-4.11087386433725
-6.78919694830197
-5.42788257541952
-4.18965474263248
-4.11087386433725
-4.11087386433725
-5.02388052920154
-4.94164242432359
-5.46806014396214
-4.11087386433725
-4.11087386433725
-7.69969143723899
-5.21571185910886
-4.51085950772564
-4.11087386433725
-4.11087386433725
-3.49650756472406
-4.33073334160212
-5.68017261727645
-4.11087386433725
-4.11087386433725
-6.76619172164768
-7.49619830414232
-4.07753744602436
-4.11087386433725
-4.11087386433725
-3.94381978363831
-3.97029191543891
-4.39444915566009
-4.11087386433725
-4.11087386433725
-5.35422500848633
-6.40357420310038
-7.70616297487554
-4.11087386433725
-4.11087386433725
-10.0275177119622
-6.47927740211363
-4.29045944265524
-4.11087386433725
-4.11087386433725
-3.99820070313709
-4.64439090010291
-4.90527478125325
-4.11087386433725
-4.11087386433725
-7.63747544703732
-9.63213804823752
-6.12905021256599
-4.11087386433725
-4.11087386433725
-3.77045944520774
-21.0739227092638
-4.78749175378204
-4.11087386433725
-4.11087386433725
-7.85088267420238
-9.17771387647009
-5.61677110119384
-4.11087386433725
-4.11087386433725
-9.49724714940418
-7.21964204464757
-4.18965474263248
-4.11087386433725
-4.11087386433725
-5.02388052920154
-4.94164242432359
-5.46806014396214
-4.11087386433725
-4.11087386433725
-9.8969160145752
-7.16162200816417
-4.51085950772564
-4.11087386433725
-4.11087386433725
-4.88280192584395
-4.33073334160212
-5.68017261727645
-4.11087386433725
-4.11087386433725
-7.45933890220762
-9.89409357694069
-4.77068462658431
-4.11087386433725
-4.11087386433725
-6.50876914109985
-3.97029191543891
-4.39444915566009
-4.11087386433725
-4.11087386433725
-6.04737218904628
-7.50218649176849
-7.70616297487554
-4.11087386433725
-4.11087386433725
-10.0275177119622
-7.17242458267358
-4.29045944265524
-4.11087386433725
-4.11087386433725
-4.69134788369703
-4.64439090010291
-4.90527478125325
-4.11087386433725
-4.11087386433725
-8.33062262759727
-9.63213804823752
-6.12905021256599
-4.11087386433725
-4.11087386433725
-5.37989735764184
-4.26267987774554
-18.325370575148
-4.11087386433725
-4.11087386433725
-5.77144113252254
-6.34450053241388
-4.51815881252573
-4.11087386433725
-4.11087386433725
-9.49724714940418
-7.21964204464757
-4.18965474263248
-4.11087386433725
-4.11087386433725
-5.02388052920154
-4.94164242432359
-4.08176578284224
-4.11087386433725
-4.11087386433725
-9.8969160145752
-7.85476918872411
-4.51085950772564
-4.11087386433725
-4.11087386433725
-5.57594910640389
-4.33073334160212
-5.68017261727645
-4.11087386433725
-4.11087386433725
-6.76619172164768
-6.67521775207249
-4.77068462658431
-4.11087386433725
-4.11087386433725
-6.50876914109985
-4.66343909599886
-4.39444915566009
-4.11087386433725
-4.11087386433725
-3.85014761171006
-6.80903931120854
-7.0130157943156
-4.11087386433725
-4.11087386433725
-10.0275177119622
-7.17242458267358
-4.29045944265524
-4.11087386433725
-4.11087386433725
-4.69134788369703
-4.64439090010291
-4.90527478125325
-4.11087386433725
-4.11087386433725
-8.33062262759727
-9.63213804823752
-6.12905021256599
-4.11087386433725
-4.11087386433725
-5.37989735764184
-4.26267987774554
-4.78749175378204
-22.5315546082896
-4.11087386433725
-7.85088267420238
-9.17771387647009
-5.61677110119384
-4.11087386433725
-4.11087386433725
-9.49724714940418
-7.21964204464757
-4.18965474263248
-4.11087386433725
-4.11087386433725
-5.02388052920154
-4.94164242432359
-5.46806014396214
-4.11087386433725
-4.11087386433725
-9.8969160145752
-7.85476918872411
-4.51085950772564
-4.11087386433725
-4.11087386433725
-5.57594910640389
-4.33073334160212
-5.68017261727645
-4.11087386433725
-4.11087386433725
-7.45933890220762
-9.89409357694069
-4.77068462658431
-4.11087386433725
-4.11087386433725
-6.50876914109985
-4.66343909599886
-4.39444915566009
-4.11087386433725
-4.11087386433725
-6.04737218904628
-7.50218649176849
-7.70616297487554
-4.11087386433725
-4.11087386433725
-10.0275177119622
-7.17242458267358
-4.29045944265524
-4.11087386433725
-4.11087386433725
-4.69134788369703
-4.64439090010291
-4.90527478125325
-4.11087386433725
-4.11087386433725
-8.33062262759727
-9.63213804823752
-6.12905021256599
-4.11087386433725
-4.11087386433725
-5.37989735764184
-4.26267987774554
-4.78749175378204
-4.11087386433725
-22.5315546082896
-7.85088267420238
-9.17771387647009
-5.61677110119384
-4.11087386433725
-4.11087386433725
-9.49724714940418
-7.21964204464757
-4.18965474263248
-4.11087386433725
-4.11087386433725
-5.02388052920154
-4.94164242432359
-5.46806014396214
-4.11087386433725
-4.11087386433725
-9.8969160145752
-7.85476918872411
-4.51085950772564
-4.11087386433725
-4.11087386433725
-5.57594910640389
-4.33073334160212
-5.68017261727645
-4.11087386433725
-4.11087386433725
-7.45933890220762
-9.89409357694069
-4.77068462658431
-4.11087386433725
-4.11087386433725
-6.50876914109985
-4.66343909599886
-4.39444915566009
-4.11087386433725
-4.11087386433725
-6.04737218904628
-7.50218649176849
-7.70616297487554
-4.11087386433725
-4.11087386433725
-4.51812937533423
-5.78613022155369
-4.29045944265524
-4.11087386433725
-4.11087386433725
-3.30505352257714
-3.03495298766881
-4.2121276006933
-4.11087386433725
-4.11087386433725
-3.91178201980067
-3.69196679551709
-4.33729074333794
-4.11087386433725
-4.11087386433725
-5.37989735764184
-4.26267987774554
-3.17805384134794
-4.11087386433725
-4.11087386433725
-18.4833518603077
-3.70125032453858
-4.51815881252573
-4.11087386433725
-4.11087386433725
-4.52051340698361
-4.73473539485957
-3.49650756207254
-4.11087386433725
-4.11087386433725
-2.72129543620749
-2.86220088264375
-3.85862223152803
-4.11087386433725
-4.11087386433725
-4.67656018949688
-6.46847482760422
-4.51085950772564
-4.11087386433725
-4.11087386433725
-2.63151012723745
-4.33073334160212
-2.15381209266029
-4.11087386433725
-4.11087386433725
-3.05261965494337
-3.41558393473212
-4.77068462658431
-4.11087386433725
-4.11087386433725
-4.89933122866575
-4.66343909599886
-3.70130197510015
-4.11087386433725
-4.11087386433725
-1.65292303437384
-2.01738955827783
-3.06177207573417
-4.11087386433725
-4.11087386433725
-2.84592576735034
-4.22798560350714
-3.59731226209529
-4.11087386433725
-4.11087386433725
-3.99820070313709
-3.95124371954297
-2.82583323957341
-4.11087386433725
-4.11087386433725
-2.88820491707548
-2.37725323816018
-3.56410085510445
-4.11087386433725
-4.11087386433725
-3.77045944520774
-4.26267987774554
-2.01490303154226
-4.11087386433725
-4.11087386433725
-2.37441912227086
-18.732518334997
-2.57224866347042
-4.11087386433725
-4.11087386433725
-3.12734616657595
-3.32782174653695
-4.18965474263248
-4.11087386433725
-4.11087386433725
-2.62598525640317
-3.5553480632037
-2.06686276229998
-4.11087386433725
-4.11087386433725
-2.58569763015558
-3.43592858092752
-3.8177123271657
-4.11087386433725
-4.11087386433725
-3.96651119396979
-3.23212105293401
-2.90758389503667
-4.11087386433725
-4.11087386433725
-2.27755535191554
-1.86890425504986
-3.38439026546442
-4.11087386433725
-4.11087386433725
-3.94381978363831
-4.66343909599886
-1.82949979819856
-4.11087386433725
-4.11087386433725
-1.50407740677627
-1.68805595994342
-1.94726120099826
-4.11087386433725
-4.11087386433725
-6.84946388161426
-6.07381229400547
-4.29045944265524
-4.11087386433725
-4.11087386433725
-3.99820070313709
-4.64439090010291
-4.90527478125325
-4.11087386433725
-4.11087386433725
-6.94432826647738
-6.29993353806232
-5.43590303200605
-4.11087386433725
-4.11087386433725
-5.37989735764184
-4.26267987774554
-4.78749175378204
-4.11087386433725
-4.11087386433725
-7.15773549364243
-5.81041804648362
-19.4627408666428
-4.11087386433725
-4.11087386433725
-5.8596609896778
-4.8217467718492
-4.18965474263248
-4.11087386433725
-4.11087386433725
-5.02388052920154
-4.24849524376365
-5.46806014396214
-4.11087386433725
-4.11087386433725
-7.12432729233542
-4.91033020955767
-4.51085950772564
-4.11087386433725
-4.11087386433725
-5.57594910640389
-4.33073334160212
-5.68017261727645
-4.11087386433725
-4.11087386433725
-5.66757943297957
-6.59825671093636
-4.77068462658431
-4.11087386433725
-4.11087386433725
-4.02386249131185
-3.56482680733075
-4.39444915566009
-4.11087386433725
-4.11087386433725
-6.04737218904628
-7.50218649176849
-6.60755068620743
-4.11087386433725
-4.11087386433725
-10.0275177119622
-7.17242458267358
-4.29045944265524
-4.11087386433725
-4.11087386433725
-4.69134788369703
-4.64439090010291
-4.90527478125325
-4.11087386433725
-4.11087386433725
-8.33062262759727
-9.63213804823752
-6.12905021256599
-4.11087386433725
-4.11087386433725
-5.37989735764184
-4.26267987774554
-4.78749175378204
-4.11087386433725
-4.11087386433725
-7.85088267420238
-9.17771387647009
-5.61677110119384
-22.5315546082896
-4.11087386433725
-9.49724714940418
-7.21964204464757
-4.18965474263248
-4.11087386433725
-4.11087386433725
-5.02388052920154
-4.94164242432359
-5.46806014396214
-4.11087386433725
-4.11087386433725
-9.8969160145752
-7.85476918872411
-4.51085950772564
-4.11087386433725
-4.11087386433725
-5.57594910640389
-4.33073334160212
-5.68017261727645
-4.11087386433725
-4.11087386433725
-7.45933890220762
-9.89409357694069
-4.77068462658431
-4.11087386433725
-4.11087386433725
-6.50876914109985
-4.66343909599886
-4.39444915566009
-4.11087386433725
-4.11087386433725
-6.04737218904628
-7.50218649176849
-7.70616297487554
-4.11087386433725
-4.11087386433725
-10.0275177119622
-7.17242458267358
-4.29045944265524
-4.11087386433725
-4.11087386433725
-4.69134788369703
-4.64439090010291
-4.90527478125325
-4.11087386433725
-4.11087386433725
-8.33062262759727
-9.63213804823752
-6.12905021256599
-4.11087386433725
-4.11087386433725
-5.37989735764184
-4.26267987774554
-4.78749175378204
-4.11087386433725
-4.11087386433725
-7.85088267420238
-9.17771387647009
-5.61677110119384
-4.11087386433725
-22.5315546082896
-9.49724714940418
-7.21964204464757
-4.18965474263248
-4.11087386433725
-4.11087386433725
-5.02388052920154
-4.94164242432359
-5.46806014396214
-4.11087386433725
-4.11087386433725
-9.8969160145752
-7.85476918872411
-4.51085950772564
-4.11087386433725
-4.11087386433725
-5.57594910640389
-4.33073334160212
-5.68017261727645
-4.11087386433725
-4.11087386433725
-7.45933890220762
-9.89409357694069
-4.77068462658431
-4.11087386433725
-4.11087386433725
-6.50876914109985
-4.66343909599886
-4.39444915566009
-4.11087386433725
-4.11087386433725
-6.04737218904628
-7.50218649176849
-7.70616297487554
-4.11087386433725
-4.11087386433725
-1.58031789236651
-2.00194058763543
-3.19184715398713
-4.11087386433725
-4.11087386433725
-3.30505352257714
-4.64439090010291
-4.90527478125325
-4.11087386433725
-4.11087386433725
-2.91897657574223
-2.38221251151953
-3.93182563522977
-4.11087386433725
-4.11087386433725
-2.28885490428353
-2.87638551662565
-3.68887946511393
-4.11087386433725
-4.11087386433725
-2.8741489317818
-2.56164869133727
-2.78355775713763
-4.11087386433725
-4.11087386433725
-19.0287574379931
-2.49225422593523
-4.18965474263248
-4.11087386433725
-4.11087386433725
-3.92526824053343
-4.24849524376365
-5.46806014396214
-4.11087386433725
-4.11087386433725
-2.11577750473019
-2.30569310382889
-3.8177123271657
-4.11087386433725
-4.11087386433725
-3.01099974894236
-4.33073334160212
-4.29387825615656
-4.11087386433725
-4.11087386433725
-3.19665902516631
-2.10050677356911
-3.6720723379162
-4.11087386433725
-4.11087386433725
-1.40890271327565
-2.17853244621086
-4.39444915566009
-4.11087386433725
-4.11087386433725
-6.04737218904628
-3.74098637607492
-2.38804298103133
-4.11087386433725
-4.11087386433725
-4.22539933658515
-2.90974470563226
-4.29045944265524
-4.11087386433725
-4.11087386433725
-3.99820070313709
-4.64439090010291
-3.80666249258514
-4.11087386433725
-4.11087386433725
-5.33489035404328
-4.74933612565115
-1.79831687227966
-4.11087386433725
-4.11087386433725
-3.43398720858653
-3.5695326971856
-4.78749175378204
-4.11087386433725
-4.11087386433725
-5.36597602441438
-5.59419493801398
-3.67086095213853
-4.11087386433725
-4.11087386433725
-3.55971094432176
-19.2154537646946
-3.09104245396437
-4.11087386433725
-4.11087386433725
-2.9444389875217
-4.24849524376365
-5.46806014396214
-4.11087386433725
-4.11087386433725
-5.64842077252585
-4.7637267353658
-2.90142159529154
-4.11087386433725
-4.11087386433725
-2.68557734850773
-4.33073334160212
-4.07073470484235
-4.11087386433725
-4.11087386433725
-5.84990098977352
-5.13191964214294
-4.07753744602436
-4.11087386433725
-4.11087386433725
-3.61839738320369
-3.27714473487897
-4.39444915566009
-4.11087386433725
-4.11087386433725
-5.35422500848633
-6.40357420310038
-4.57066875894639
-4.11087386433725
-4.11087386433725
-10.0275177119622
-7.17242458267358
-4.29045944265524
-4.11087386433725
-4.11087386433725
-3.59273559502892
-4.64439090010291
-4.90527478125325
-4.11087386433725
-4.11087386433725
-8.33062262759727
-9.63213804823752
-6.12905021256599
-4.11087386433725
-4.11087386433725
-5.37989735764184
-4.26267987774554
-4.78749175378204
-4.11087386433725
-4.11087386433725
-7.15773549364243
-9.17771387647009
-5.61677110119384
-4.11087386433725
-4.11087386433725
-9.49724714940418
-7.21964204464757
-21.224041125465
-4.11087386433725
-4.11087386433725
-5.02388052920154
-3.84303013565548
-5.46806014396214
-4.11087386433725
-4.11087386433725
-9.8969160145752
-7.85476918872411
-4.51085950772564
-4.11087386433725
-4.11087386433725
-5.57594910640389
-4.33073334160212
-5.68017261727645
-4.11087386433725
-4.11087386433725
-7.45933890220762
-9.89409357694069
-4.77068462658431
-4.11087386433725
-4.11087386433725
-6.50876914109985
-4.66343909599886
-4.39444915566009
-4.11087386433725
-4.11087386433725
-5.35422500848633
-7.50218649176849
-7.70616297487554
-4.11087386433725
-4.11087386433725
-10.0275177119622
-7.17242458267358
-4.29045944265524
-4.11087386433725
-4.11087386433725
-4.69134788369703
-4.64439090010291
-4.90527478125325
-4.11087386433725
-4.11087386433725
-8.33062262759727
-9.63213804823752
-6.12905021256599
-4.11087386433725
-4.11087386433725
-5.37989735764184
-4.26267987774554
-4.78749175378204
-4.11087386433725
-4.11087386433725
-7.85088267420238
-9.17771387647009
-5.61677110119384
-4.11087386433725
-4.11087386433725
-9.49724714940418
-7.21964204464757
-4.18965474263248
-22.5315546082896
-4.11087386433725
-5.02388052920154
-4.94164242432359
-5.46806014396214
-4.11087386433725
-4.11087386433725
-9.8969160145752
-7.85476918872411
-4.51085950772564
-4.11087386433725
-4.11087386433725
-5.57594910640389
-4.33073334160212
-5.68017261727645
-4.11087386433725
-4.11087386433725
-7.45933890220762
-9.89409357694069
-4.77068462658431
-4.11087386433725
-4.11087386433725
-6.50876914109985
-4.66343909599886
-4.39444915566009
-4.11087386433725
-4.11087386433725
-6.04737218904628
-7.50218649176849
-7.70616297487554
-4.11087386433725
-4.11087386433725
-10.0275177119622
-7.17242458267358
-4.29045944265524
-4.11087386433725
-4.11087386433725
-4.69134788369703
-4.64439090010291
-4.90527478125325
-4.11087386433725
-4.11087386433725
-8.33062262759727
-9.63213804823752
-6.12905021256599
-4.11087386433725
-4.11087386433725
-5.37989735764184
-4.26267987774554
-4.78749175378204
-4.11087386433725
-4.11087386433725
-7.85088267420238
-9.17771387647009
-5.61677110119384
-4.11087386433725
-4.11087386433725
-9.49724714940418
-7.21964204464757
-4.18965474263248
-4.11087386433725
-22.5315546082896
-5.02388052920154
-4.94164242432359
-5.46806014396214
-4.11087386433725
-4.11087386433725
-9.8969160145752
-7.85476918872411
-4.51085950772564
-4.11087386433725
-4.11087386433725
-5.57594910640389
-4.33073334160212
-5.68017261727645
-4.11087386433725
-4.11087386433725
-7.45933890220762
-9.89409357694069
-4.77068462658431
-4.11087386433725
-4.11087386433725
-6.50876914109985
-4.66343909599886
-4.39444915566009
-4.11087386433725
-4.11087386433725
-6.04737218904628
-7.50218649176849
-7.70616297487554
-4.11087386433725
-4.11087386433725
-7.46256835450067
-5.09298304099374
-4.29045944265524
-4.11087386433725
-4.11087386433725
-4.69134788369703
-3.95124371954297
-4.90527478125325
-4.11087386433725
-4.11087386433725
-6.53886315836921
-7.06718869077598
-6.12905021256599
-4.11087386433725
-4.11087386433725
-5.37989735764184
-4.26267987774554
-4.0943445732221
-4.11087386433725
-4.11087386433725
-6.75227038553427
-7.23180372741478
-5.61677110119384
-4.11087386433725
-4.11087386433725
-6.55280817023774
-5.42788257541952
-4.18965474263248
-4.11087386433725
-4.11087386433725
-18.6003741866953
-3.84303013565548
-5.46806014396214
-4.11087386433725
-4.11087386433725
-8.7983037259071
-7.85476918872411
-4.51085950772564
-4.11087386433725
-4.11087386433725
-5.57594910640389
-4.33073334160212
-5.68017261727645
-4.11087386433725
-4.11087386433725
-5.66757943297957
-7.59150848394665
-4.77068462658431
-4.11087386433725
-4.11087386433725
-6.50876914109985
-4.66343909599886
-4.39444915566009
-4.11087386433725
-4.11087386433725
-4.94875990037817
-7.50218649176849
-7.0130157943156
-4.11087386433725
-4.11087386433725
-8.23575824273415
-6.47927740211363
-4.29045944265524
-4.11087386433725
-4.11087386433725
-4.69134788369703
-3.5457786114348
-4.2121276006933
-4.11087386433725
-4.11087386433725
-5.9327273547989
-7.84037857900947
-6.12905021256599
-4.11087386433725
-4.11087386433725
-5.37989735764184
-4.26267987774554
-3.68887946511393
-4.11087386433725
-4.11087386433725
-5.452987401404
-6.46966367536788
-4.9236239206339
-4.11087386433725
-4.11087386433725
-9.49724714940418
-6.52649486408763
-4.18965474263248
-4.11087386433725
-4.11087386433725
-5.02388052920154
-20.184269337928
-4.77491296340219
-4.11087386433725
-4.11087386433725
-8.2874781021411
-7.85476918872411
-4.51085950772564
-4.11087386433725
-4.11087386433725
-5.57594910640389
-4.33073334160212
-4.98702543671651
-4.11087386433725
-4.11087386433725
-5.15675380921358
-8.5077992158208
-4.77068462658431
-4.11087386433725
-4.11087386433725
-6.50876914109985
-4.66343909599886
-4.39444915566009
-4.11087386433725
-4.11087386433725
-4.66107782792639
-6.80903931120854
-7.0130157943156
-4.11087386433725
-4.11087386433725
-7.62962243916384
-5.56298667023948
-4.29045944265524
-4.11087386433725
-4.11087386433725
-4.69134788369703
-4.64439090010291
-4.90527478125325
-4.11087386433725
-4.11087386433725
-4.92942524593511
-7.55269650655768
-5.43590303200605
-4.11087386433725
-4.11087386433725
-5.37989735764184
-4.26267987774554
-4.0943445732221
-4.11087386433725
-4.11087386433725
-6.75227038553427
-5.65135335185393
-5.61677110119384
-4.11087386433725
-4.11087386433725
-9.49724714940418
-7.21964204464757
-4.18965474263248
-4.11087386433725
-4.11087386433725
-5.02388052920154
-4.24849524376365
-19.6840482685235
-4.11087386433725
-4.11087386433725
-6.63881947655372
-5.45687391592574
-4.51085950772564
-4.11087386433725
-4.11087386433725
-5.57594910640389
-4.33073334160212
-4.98702543671651
-4.11087386433725
-4.11087386433725
-5.84990098977352
-7.06088023288448
-4.77068462658431
-4.11087386433725
-4.11087386433725
-6.50876914109985
-4.66343909599886
-4.39444915566009
-4.11087386433725
-4.11087386433725
-4.10146203999096
-4.16998198159328
-7.0130157943156
-4.11087386433725
-4.11087386433725
-10.0275177119622
-7.17242458267358
-4.29045944265524
-4.11087386433725
-4.11087386433725
-4.69134788369703
-4.64439090010291
-4.90527478125325
-4.11087386433725
-4.11087386433725
-8.33062262759727
-9.63213804823752
-6.12905021256599
-4.11087386433725
-4.11087386433725
-5.37989735764184
-4.26267987774554
-4.78749175378204
-4.11087386433725
-4.11087386433725
-7.85088267420238
-9.17771387647009
-5.61677110119384
-4.11087386433725
-4.11087386433725
-9.49724714940418
-7.21964204464757
-4.18965474263248
-4.11087386433725
-4.11087386433725
-5.02388052920154
-4.94164242432359
-5.46806014396214
-22.5315546082896
-4.11087386433725
-9.8969160145752
-7.85476918872411
-4.51085950772564
-4.11087386433725
-4.11087386433725
-5.57594910640389
-4.33073334160212
-5.68017261727645
-4.11087386433725
-4.11087386433725
-7.45933890220762
-9.89409357694069
-4.77068462658431
-4.11087386433725
-4.11087386433725
-6.50876914109985
-4.66343909599886
-4.39444915566009
-4.11087386433725
-4.11087386433725
-6.04737218904628
-7.50218649176849
-7.70616297487554
-4.11087386433725
-4.11087386433725
-10.0275177119622
-7.17242458267358
-4.29045944265524
-4.11087386433725
-4.11087386433725
-4.69134788369703
-4.64439090010291
-4.90527478125325
-4.11087386433725
-4.11087386433725
-8.33062262759727
-9.63213804823752
-6.12905021256599
-4.11087386433725
-4.11087386433725
-5.37989735764184
-4.26267987774554
-4.78749175378204
-4.11087386433725
-4.11087386433725
-7.85088267420238
-9.17771387647009
-5.61677110119384
-4.11087386433725
-4.11087386433725
-9.49724714940418
-7.21964204464757
-4.18965474263248
-4.11087386433725
-4.11087386433725
-5.02388052920154
-4.94164242432359
-5.46806014396214
-4.11087386433725
-22.5315546082896
-9.8969160145752
-7.85476918872411
-4.51085950772564
-4.11087386433725
-4.11087386433725
-5.57594910640389
-4.33073334160212
-5.68017261727645
-4.11087386433725
-4.11087386433725
-7.45933890220762
-9.89409357694069
-4.77068462658431
-4.11087386433725
-4.11087386433725
-6.50876914109985
-4.66343909599886
-4.39444915566009
-4.11087386433725
-4.11087386433725
-6.04737218904628
-7.50218649176849
-7.70616297487554
-4.11087386433725
-4.11087386433725
-1.36899858445554
-2.03662614562332
-4.29045944265524
-4.11087386433725
-4.11087386433725
-3.08190997126293
-3.25809653898302
-2.34032542379171
-4.11087386433725
-4.11087386433725
-1.41589173487871
-1.27253477739605
-1.59645071941274
-4.11087386433725
-4.11087386433725
-2.8149480001803
-3.5695326971856
-4.78749175378204
-4.11087386433725
-4.11087386433725
-3.46885603952849
-2.1957791993137
-2.6723321220274
-4.11087386433725
-4.11087386433725
-1.4858920402429
-2.17621692772833
-4.18965474263248
-4.11087386433725
-4.11087386433725
-3.92526824053343
-3.84303013565548
-2.17222327795781
-4.11087386433725
-4.11087386433725
-18.7188018072766
-1.71488463649786
-2.11296423492727
-4.11087386433725
-4.11087386433725
-4.47733681773578
-4.33073334160212
-4.07073470484235
-4.11087386433725
-4.11087386433725
-2.51769647959832
-1.96352772270673
-2.97892515735625
-4.11087386433725
-4.11087386433725
-2.63756813019196
-4.66343909599886
-4.39444915566009
-4.11087386433725
-4.11087386433725
-3.74478709605223
-2.91721901309792
-1.7872691206024
-4.11087386433725
-4.11087386433725
-3.64739517506244
-2.66156507615673
-4.29045944265524
-4.11087386433725
-4.11087386433725
-3.99820070313709
-4.64439090010291
-3.29583686881915
-4.11087386433725
-4.11087386433725
-3.77674573599673
-3.58950521455514
-3.56410085510445
-4.11087386433725
-4.11087386433725
-3.43398720858653
-3.5695326971856
-4.78749175378204
-4.11087386433725
-4.11087386433725
-5.90497252514706
-4.47723351067768
-2.57224866347042
-4.11087386433725
-4.11087386433725
-4.47996731258926
-4.17511960692415
-4.18965474263248
-4.11087386433725
-4.11087386433725
-5.02388052920154
-4.94164242432359
-3.85862223152803
-4.11087386433725
-4.11087386433725
-3.55303558044887
-19.0698147562661
-2.90142159529154
-4.11087386433725
-4.11087386433725
-3.78418963717584
-3.23212105293401
-5.68017261727645
-4.11087386433725
-4.11087386433725
-4.09204307222115
-4.27369271122354
-2.82477447752899
-4.11087386433725
-4.11087386433725
-2.57694350837552
-3.97029191543891
-4.39444915566009
-4.11087386433725
-4.11087386433725
-4.43793427661218
-5.71042702254043
-4.12264403641943
-4.11087386433725
-4.11087386433725
-8.9289054232941
-5.38066511344552
-4.29045944265524
-4.11087386433725
-4.11087386433725
-4.69134788369703
-4.64439090010291
-4.2121276006933
-4.11087386433725
-4.11087386433725
-7.63747544703732
-8.93899086767757
-6.12905021256599
-4.11087386433725
-4.11087386433725
-5.37989735764184
-4.26267987774554
-4.78749175378204
-4.11087386433725
-4.11087386433725
-7.85088267420238
-9.17771387647009
-4.51815881252573
-4.11087386433725
-4.11087386433725
-8.80409996884424
-6.52649486408763
-4.18965474263248
-4.11087386433725
-4.11087386433725
-5.02388052920154
-4.94164242432359
-5.46806014396214
-4.11087386433725
-4.11087386433725
-9.20376883401526
-6.06300971949606
-20.5336449788796
-4.11087386433725
-4.11087386433725
-5.57594910640389
-3.63758616104218
-5.68017261727645
-4.11087386433725
-4.11087386433725
-5.84990098977352
-9.89409357694069
-4.77068462658431
-4.11087386433725
-4.11087386433725
-6.50876914109985
-3.05400118356476
-4.39444915566009
-4.11087386433725
-4.11087386433725
-6.04737218904628
-7.50218649176849
-7.70616297487554
-4.11087386433725
-4.11087386433725
-10.0275177119622
-7.17242458267358
-4.29045944265524
-4.11087386433725
-4.11087386433725
-4.69134788369703
-4.64439090010291
-4.90527478125325
-4.11087386433725
-4.11087386433725
-8.33062262759727
-9.63213804823752
-6.12905021256599
-4.11087386433725
-4.11087386433725
-5.37989735764184
-4.26267987774554
-4.78749175378204
-4.11087386433725
-4.11087386433725
-7.85088267420238
-9.17771387647009
-5.61677110119384
-4.11087386433725
-4.11087386433725
-9.49724714940418
-7.21964204464757
-4.18965474263248
-4.11087386433725
-4.11087386433725
-5.02388052920154
-4.94164242432359
-5.46806014396214
-4.11087386433725
-4.11087386433725
-9.8969160145752
-7.85476918872411
-4.51085950772564
-22.5315546082896
-4.11087386433725
-5.57594910640389
-4.33073334160212
-5.68017261727645
-4.11087386433725
-4.11087386433725
-7.45933890220762
-9.89409357694069
-4.77068462658431
-4.11087386433725
-4.11087386433725
-6.50876914109985
-4.66343909599886
-4.39444915566009
-4.11087386433725
-4.11087386433725
-6.04737218904628
-7.50218649176849
-7.70616297487554
-4.11087386433725
-4.11087386433725
-10.0275177119622
-7.17242458267358
-4.29045944265524
-4.11087386433725
-4.11087386433725
-4.69134788369703
-4.64439090010291
-4.90527478125325
-4.11087386433725
-4.11087386433725
-8.33062262759727
-9.63213804823752
-6.12905021256599
-4.11087386433725
-4.11087386433725
-5.37989735764184
-4.26267987774554
-4.78749175378204
-4.11087386433725
-4.11087386433725
-7.85088267420238
-9.17771387647009
-5.61677110119384
-4.11087386433725
-4.11087386433725
-9.49724714940418
-7.21964204464757
-4.18965474263248
-4.11087386433725
-4.11087386433725
-5.02388052920154
-4.94164242432359
-5.46806014396214
-4.11087386433725
-4.11087386433725
-9.8969160145752
-7.85476918872411
-4.51085950772564
-4.11087386433725
-22.5315546082896
-5.57594910640389
-4.33073334160212
-5.68017261727645
-4.11087386433725
-4.11087386433725
-7.45933890220762
-9.89409357694069
-4.77068462658431
-4.11087386433725
-4.11087386433725
-6.50876914109985
-4.66343909599886
-4.39444915566009
-4.11087386433725
-4.11087386433725
-6.04737218904628
-7.50218649176849
-7.70616297487554
-4.11087386433725
-4.11087386433725
-6.56178180916248
-4.86983948967953
-3.59731226209529
-4.11087386433725
-4.11087386433725
-2.49412330636081
-3.95124371954297
-4.90527478125325
-4.11087386433725
-4.11087386433725
-6.94432826647738
-6.10577752362136
-5.03043792389788
-4.11087386433725
-4.11087386433725
-3.30045581596201
-4.26267987774554
-4.78749175378204
-4.11087386433725
-4.11087386433725
-5.54829758120833
-6.61276451900856
-4.9236239206339
-4.11087386433725
-4.11087386433725
-7.09935187660581
-4.91705695165353
-4.18965474263248
-4.11087386433725
-4.11087386433725
-5.02388052920154
-4.94164242432359
-5.46806014396214
-4.11087386433725
-4.11087386433725
-6.52962018458873
-6.06300971949606
-4.51085950772564
-4.11087386433725
-4.11087386433725
-19.5422825541028
-3.23212105293401
-4.58156032860834
-4.11087386433725
-4.11087386433725
-6.36072661353951
-6.8983613033867
-4.77068462658431
-4.11087386433725
-4.11087386433725
-5.41015685243174
-4.66343909599886
-4.39444915566009
-4.11087386433725
-4.11087386433725
-6.04737218904628
-6.80903931120854
-5.62672143319571
-4.11087386433725
-4.11087386433725
-8.9289054232941
-7.17242458267358
-4.29045944265524
-4.11087386433725
-4.11087386433725
-4.69134788369703
-4.64439090010291
-4.90527478125325
-4.11087386433725
-4.11087386433725
-8.33062262759727
-9.63213804823752
-6.12905021256599
-4.11087386433725
-4.11087386433725
-5.37989735764184
-4.26267987774554
-4.78749175378204
-4.11087386433725
-4.11087386433725
-7.85088267420238
-7.7914195153502
-5.61677110119384
-4.11087386433725
-4.11087386433725
-9.49724714940418
-6.12102975597946
-4.18965474263248
-4.11087386433725
-4.11087386433725
-5.02388052920154
-4.24849524376365
-4.77491296340219
-4.11087386433725
-4.11087386433725
-9.8969160145752
-7.85476918872411
-4.51085950772564
-4.11087386433725
-4.11087386433725
-4.88280192584395
-20.4488289925604
-5.68017261727645
-4.11087386433725
-4.11087386433725
-6.76619172164768
-9.89409357694069
-4.77068462658431
-4.11087386433725
-4.11087386433725
-6.50876914109985
-4.66343909599886
-4.39444915566009
-4.11087386433725
-4.11087386433725
-5.35422500848633
-6.80903931120854
-7.70616297487554
-4.11087386433725
-4.11087386433725
-8.41807979952811
-7.17242458267358
-4.29045944265524
-4.11087386433725
-4.11087386433725
-3.99820070313709
-3.03495298766881
-4.90527478125325
-4.11087386433725
-4.11087386433725
-5.28610018987385
-5.6618461346854
-5.43590303200605
-4.11087386433725
-4.11087386433725
-5.37989735764184
-4.26267987774554
-4.0943445732221
-4.11087386433725
-4.11087386433725
-4.41689546971723
-6.40512515423031
-5.61677110119384
-4.11087386433725
-4.11087386433725
-7.88780923697008
-5.83334768352768
-4.18965474263248
-4.11087386433725
-4.11087386433725
-5.02388052920154
-3.84303013565548
-5.46806014396214
-4.11087386433725
-4.11087386433725
-8.7983037259071
-7.16162200816417
-4.51085950772564
-4.11087386433725
-4.11087386433725
-4.47733681773578
-3.23212105293401
-18.6119156350721
-4.11087386433725
-4.11087386433725
-4.56896714431146
-5.88676039170822
-4.77068462658431
-4.11087386433725
-4.11087386433725
-6.50876914109985
-4.66343909599886
-4.39444915566009
-4.11087386433725
-4.11087386433725
-4.94875990037817
-5.30496191443227
-5.06710564526028
-4.11087386433725
-4.11087386433725
-10.0275177119622
-7.17242458267358
-4.29045944265524
-4.11087386433725
-4.11087386433725
-4.69134788369703
-4.64439090010291
-4.90527478125325
-4.11087386433725
-4.11087386433725
-8.33062262759727
-9.63213804823752
-6.12905021256599
-4.11087386433725
-4.11087386433725
-5.37989735764184
-4.26267987774554
-4.78749175378204
-4.11087386433725
-4.11087386433725
-7.85088267420238
-9.17771387647009
-5.61677110119384
-4.11087386433725
-4.11087386433725
-9.49724714940418
-7.21964204464757
-4.18965474263248
-4.11087386433725
-4.11087386433725
-5.02388052920154
-4.94164242432359
-5.46806014396214
-4.11087386433725
-4.11087386433725
-9.8969160145752
-7.85476918872411
-4.51085950772564
-4.11087386433725
-4.11087386433725
-5.57594910640389
-4.33073334160212
-5.68017261727645
-22.5315546082896
-4.11087386433725
-7.45933890220762
-9.89409357694069
-4.77068462658431
-4.11087386433725
-4.11087386433725
-6.50876914109985
-4.66343909599886
-4.39444915566009
-4.11087386433725
-4.11087386433725
-6.04737218904628
-7.50218649176849
-7.70616297487554
-4.11087386433725
-4.11087386433725
-10.0275177119622
-7.17242458267358
-4.29045944265524
-4.11087386433725
-4.11087386433725
-4.69134788369703
-4.64439090010291
-4.90527478125325
-4.11087386433725
-4.11087386433725
-8.33062262759727
-9.63213804823752
-6.12905021256599
-4.11087386433725
-4.11087386433725
-5.37989735764184
-4.26267987774554
-4.78749175378204
-4.11087386433725
-4.11087386433725
-7.85088267420238
-9.17771387647009
-5.61677110119384
-4.11087386433725
-4.11087386433725
-9.49724714940418
-7.21964204464757
-4.18965474263248
-4.11087386433725
-4.11087386433725
-5.02388052920154
-4.94164242432359
-5.46806014396214
-4.11087386433725
-4.11087386433725
-9.8969160145752
-7.85476918872411
-4.51085950772564
-4.11087386433725
-4.11087386433725
-5.57594910640389
-4.33073334160212
-5.68017261727645
-4.11087386433725
-22.5315546082896
-7.45933890220762
-9.89409357694069
-4.77068462658431
-4.11087386433725
-4.11087386433725
-6.50876914109985
-4.66343909599886
-4.39444915566009
-4.11087386433725
-4.11087386433725
-6.04737218904628
-7.50218649176849
-7.70616297487554
-4.11087386433725
-4.11087386433725
-4.7045077328238
-4.60747522521204
-4.29045944265524
-4.11087386433725
-4.11087386433725
-2.89958841446898
-2.85263143087486
-2.34032542379171
-4.11087386433725
-4.11087386433725
-3.44027349937552
-4.24306631842102
-6.12905021256599
-4.11087386433725
-4.11087386433725
-4.28128506897373
-4.26267987774554
-3.17805384134794
-4.11087386433725
-4.11087386433725
-3.206491775061
-3.62863779157487
-3.3141860081998
-4.11087386433725
-4.11087386433725
-6.36175293347503
-5.83334768352768
-4.18965474263248
-4.11087386433725
-4.11087386433725
-3.07797038014623
-2.74441784698737
-3.85862223152803
-4.11087386433725
-4.11087386433725
-4.87303549372893
-3.47274255405023
-4.51085950772564
-4.11087386433725
-4.11087386433725
-5.57594910640389
-3.63758616104218
-3.48294803994023
-4.11087386433725
-4.11087386433725
-18.7791677372159
-4.15430066476146
-4.07753744602436
-4.11087386433725
-4.11087386433725
-4.42932759942001
-4.66343909599886
-4.39444915566009
-4.11087386433725
-4.11087386433725
-4.10146203999096
-3.81330703765455
-4.12264403641943
-4.11087386433725
-4.11087386433725
-1.61435259097002
-2.96773196328261
-3.59731226209529
-4.11087386433725
-4.11087386433725
-3.59273559502892
-3.5457786114348
-3.11351531202519
-4.11087386433725
-4.11087386433725
-1.69336459631281
-1.53837029030644
-2.36785009687243
-4.11087386433725
-4.11087386433725
-2.54668401358563
-4.26267987774554
-1.56861592891384
-4.11087386433725
-4.11087386433725
-0.841473741493739
-1.0365240830124
-2.32093423518951
-4.11087386433725
-4.11087386433725
-2.35521057469738
-2.9155769514434
-4.18965474263248
-4.11087386433725
-4.11087386433725
-2.31583032809933
-1.99720344515715
-2.37701769060382
-4.11087386433725
-4.11087386433725
-1.80070774292517
-2.46569745890761
-4.51085950772564
-4.11087386433725
-4.11087386433725
-2.24374459622869
-4.33073334160212
-1.38971317612806
-4.11087386433725
-4.11087386433725
-1.69414779942278
-18.4160480854586
-2.46809953359026
-4.11087386433725
-4.11087386433725
-2.65862153938979
-2.8716796267708
-3.29583686699198
-4.11087386433725
-4.11087386433725
-2.11554655632195
-1.45009732284407
-2.02258320753686
-4.11087386433725
-4.11087386433725
-8.41807979952811
-5.38066511344552
-4.29045944265524
-4.11087386433725
-4.11087386433725
-4.69134788369703
-4.64439090010291
-4.90527478125325
-4.11087386433725
-4.11087386433725
-6.38471247854196
-7.23424277543915
-6.12905021256599
-4.11087386433725
-4.11087386433725
-5.37989735764184
-4.26267987774554
-4.78749175378204
-4.11087386433725
-4.11087386433725
-7.85088267420238
-9.17771387647009
-5.61677110119384
-4.11087386433725
-4.11087386433725
-8.11095278828429
-7.21964204464757
-4.18965474263248
-4.11087386433725
-4.11087386433725
-3.92526824053343
-4.94164242432359
-5.46806014396214
-4.11087386433725
-4.11087386433725
-7.81747447289537
-6.24533127629001
-4.51085950772564
-4.11087386433725
-4.11087386433725
-5.57594910640389
-4.33073334160212
-5.68017261727645
-4.11087386433725
-4.11087386433725
-7.45933890220762
-7.25503624732543
-19.9724895456685
-4.11087386433725
-4.11087386433725
-5.41015685243174
-4.66343909599886
-4.39444915566009
-4.11087386433725
-4.11087386433725
-6.04737218904628
-7.50218649176849
-7.70616297487554
-4.11087386433725
-4.11087386433725
-10.0275177119622
-7.17242458267358
-4.29045944265524
-4.11087386433725
-4.11087386433725
-4.69134788369703
-4.64439090010291
-4.90527478125325
-4.11087386433725
-4.11087386433725
-8.33062262759727
-9.63213804823752
-6.12905021256599
-4.11087386433725
-4.11087386433725
-5.37989735764184
-4.26267987774554
-4.78749175378204
-4.11087386433725
-4.11087386433725
-7.85088267420238
-9.17771387647009
-5.61677110119384
-4.11087386433725
-4.11087386433725
-9.49724714940418
-7.21964204464757
-4.18965474263248
-4.11087386433725
-4.11087386433725
-5.02388052920154
-4.94164242432359
-5.46806014396214
-4.11087386433725
-4.11087386433725
-9.8969160145752
-7.85476918872411
-4.51085950772564
-4.11087386433725
-4.11087386433725
-5.57594910640389
-4.33073334160212
-5.68017261727645
-4.11087386433725
-4.11087386433725
-7.45933890220762
-9.89409357694069
-4.77068462658431
-22.5315546082896
-4.11087386433725
-6.50876914109985
-4.66343909599886
-4.39444915566009
-4.11087386433725
-4.11087386433725
-6.04737218904628
-7.50218649176849
-7.70616297487554
-4.11087386433725
-4.11087386433725
-10.0275177119622
-7.17242458267358
-4.29045944265524
-4.11087386433725
-4.11087386433725
-4.69134788369703
-4.64439090010291
-4.90527478125325
-4.11087386433725
-4.11087386433725
-8.33062262759727
-9.63213804823752
-6.12905021256599
-4.11087386433725
-4.11087386433725
-5.37989735764184
-4.26267987774554
-4.78749175378204
-4.11087386433725
-4.11087386433725
-7.85088267420238
-9.17771387647009
-5.61677110119384
-4.11087386433725
-4.11087386433725
-9.49724714940418
-7.21964204464757
-4.18965474263248
-4.11087386433725
-4.11087386433725
-5.02388052920154
-4.94164242432359
-5.46806014396214
-4.11087386433725
-4.11087386433725
-9.8969160145752
-7.85476918872411
-4.51085950772564
-4.11087386433725
-4.11087386433725
-5.57594910640389
-4.33073334160212
-5.68017261727645
-4.11087386433725
-4.11087386433725
-7.45933890220762
-9.89409357694069
-4.77068462658431
-4.11087386433725
-22.5315546082896
-6.50876914109985
-4.66343909599886
-4.39444915566009
-4.11087386433725
-4.11087386433725
-6.04737218904628
-7.50218649176849
-7.70616297487554
-4.11087386433725
-4.11087386433725
-5.04391109025387
-3.6759170212071
-4.29045944265524
-4.11087386433725
-4.11087386433725
-4.69134788369703
-4.64439090010291
-4.90527478125325
-4.11087386433725
-4.11087386433725
-5.9327273547989
-5.21329744044092
-4.7427558514461
-4.11087386433725
-4.11087386433725
-2.24440314171269
-3.5695326971856
-4.78749175378204
-4.11087386433725
-4.11087386433725
-7.15773549364243
-6.40512515423031
-2.57224866347042
-4.11087386433725
-4.11087386433725
-5.20678770825579
-4.32927028675141
-4.18965474263248
-4.11087386433725
-4.11087386433725
-4.33073334864159
-4.94164242432359
-5.46806014396214
-4.11087386433725
-4.11087386433725
-6.28599810193098
-3.56430974757572
-4.51085950772564
-4.11087386433725
-4.11087386433725
-2.68557734850773
-4.33073334160212
-5.68017261727645
-4.11087386433725
-4.11087386433725
-4.89438954474609
-6.42835767414097
-4.77068462658431
-4.11087386433725
-4.11087386433725
-19.3054323788649
-2.8716796267708
-4.39444915566009
-4.11087386433725
-4.11087386433725
-6.04737218904628
-6.1158921306486
-6.09672506244144
-4.11087386433725
-4.11087386433725
-8.41807979952811
-6.07381229400547
-4.29045944265524
-4.11087386433725
-4.11087386433725
-4.69134788369703
-4.64439090010291
-4.90527478125325
-4.11087386433725
-4.11087386433725
-8.33062262759727
-8.02270013580342
-6.12905021256599
-4.11087386433725
-4.11087386433725
-4.28128506897373
-4.26267987774554
-4.78749175378204
-4.11087386433725
-4.11087386433725
-7.85088267420238
-9.17771387647009
-4.23047674007395
-4.11087386433725
-4.11087386433725
-7.70548768017613
-5.61020413221347
-4.18965474263248
-4.11087386433725
-4.11087386433725
-5.02388052920154
-4.94164242432359
-5.46806014396214
-4.11087386433725
-4.11087386433725
-8.10515654534715
-6.06300971949606
-3.41224721905753
-4.11087386433725
-4.11087386433725
-4.88280192584395
-4.33073334160212
-5.68017261727645
-4.11087386433725
-4.11087386433725
-7.45933890220762
-9.89409357694069
-4.77068462658431
-4.11087386433725
-4.11087386433725
-4.42932759942001
-20.0883875663972
-4.39444915566009
-4.11087386433725
-4.11087386433725
-6.04737218904628
-7.50218649176849
-7.70616297487554
-4.11087386433725
-4.11087386433725
-10.0275177119622
-7.17242458267358
-4.29045944265524
-4.11087386433725
-4.11087386433725
-4.69134788369703
-3.95124371954297
-4.90527478125325
-4.11087386433725
-4.11087386433725
-8.33062262759727
-9.63213804823752
-6.12905021256599
-4.11087386433725
-4.11087386433725
-5.37989735764184
-4.26267987774554
-4.78749175378204
-4.11087386433725
-4.11087386433725
-6.75227038553427
-6.61276451900856
-5.61677110119384
-4.11087386433725
-4.11087386433725
-8.80409996884424
-7.21964204464757
-4.18965474263248
-4.11087386433725
-4.11087386433725
-3.92526824053343
-4.94164242432359
-5.46806014396214
-4.11087386433725
-4.11087386433725
-9.8969160145752
-7.85476918872411
-4.51085950772564
-4.11087386433725
-4.11087386433725
-5.57594910640389
-4.33073334160212
-4.98702543671651
-4.11087386433725
-4.11087386433725
-7.45933890220762
-9.89409357694069
-4.77068462658431
-4.11087386433725
-4.11087386433725
-6.50876914109985
-4.66343909599886
-20.7356883579326
-4.11087386433725
-4.11087386433725
-6.04737218904628
-7.50218649176849
-7.70616297487554
-4.11087386433725
-4.11087386433725
-10.0275177119622
-7.17242458267358
-4.29045944265524
-4.11087386433725
-4.11087386433725
-4.69134788369703
-4.64439090010291
-4.90527478125325
-4.11087386433725
-4.11087386433725
-8.33062262759727
-9.63213804823752
-6.12905021256599
-4.11087386433725
-4.11087386433725
-5.37989735764184
-4.26267987774554
-4.78749175378204
-4.11087386433725
-4.11087386433725
-7.85088267420238
-9.17771387647009
-5.61677110119384
-4.11087386433725
-4.11087386433725
-9.49724714940418
-7.21964204464757
-4.18965474263248
-4.11087386433725
-4.11087386433725
-5.02388052920154
-4.94164242432359
-5.46806014396214
-4.11087386433725
-4.11087386433725
-9.8969160145752
-7.85476918872411
-4.51085950772564
-4.11087386433725
-4.11087386433725
-5.57594910640389
-4.33073334160212
-5.68017261727645
-4.11087386433725
-4.11087386433725
-7.45933890220762
-9.89409357694069
-4.77068462658431
-4.11087386433725
-4.11087386433725
-6.50876914109985
-4.66343909599886
-4.39444915566009
-22.5315546082896
-4.11087386433725
-6.04737218904628
-7.50218649176849
-7.70616297487554
-4.11087386433725
-4.11087386433725
-10.0275177119622
-7.17242458267358
-4.29045944265524
-4.11087386433725
-4.11087386433725
-4.69134788369703
-4.64439090010291
-4.90527478125325
-4.11087386433725
-4.11087386433725
-8.33062262759727
-9.63213804823752
-6.12905021256599
-4.11087386433725
-4.11087386433725
-5.37989735764184
-4.26267987774554
-4.78749175378204
-4.11087386433725
-4.11087386433725
-7.85088267420238
-9.17771387647009
-5.61677110119384
-4.11087386433725
-4.11087386433725
-9.49724714940418
-7.21964204464757
-4.18965474263248
-4.11087386433725
-4.11087386433725
-5.02388052920154
-4.94164242432359
-5.46806014396214
-4.11087386433725
-4.11087386433725
-9.8969160145752
-7.85476918872411
-4.51085950772564
-4.11087386433725
-4.11087386433725
-5.57594910640389
-4.33073334160212
-5.68017261727645
-4.11087386433725
-4.11087386433725
-7.45933890220762
-9.89409357694069
-4.77068462658431
-4.11087386433725
-4.11087386433725
-6.50876914109985
-4.66343909599886
-4.39444915566009
-4.11087386433725
-22.5315546082896
-6.04737218904628
-7.50218649176849
-7.70616297487554
-4.11087386433725
-4.11087386433725
-6.09569207923788
-6.47927740211363
-4.29045944265524
-4.11087386433725
-4.11087386433725
-3.99820070313709
-3.95124371954297
-4.2121276006933
-4.11087386433725
-4.11087386433725
-5.55803390535749
-7.14723139844952
-5.43590303200605
-4.11087386433725
-4.11087386433725
-4.6867501770819
-4.26267987774554
-3.17805384134794
-4.11087386433725
-4.11087386433725
-3.63137496902627
-5.28589357835947
-4.9236239206339
-4.11087386433725
-4.11087386433725
-7.55133700034887
-6.52649486408763
-4.18965474263248
-4.11087386433725
-4.11087386433725
-3.92526824053343
-3.14988295509554
-2.69547142172235
-4.11087386433725
-4.11087386433725
-7.49902074177683
-7.85476918872411
-4.51085950772564
-4.11087386433725
-4.11087386433725
-5.57594910640389
-2.72129542916802
-4.07073470484235
-4.11087386433725
-4.11087386433725
-4.75128870110541
-5.63141369989938
-4.07753744602436
-4.11087386433725
-4.11087386433725
-6.50876914109985
-4.66343909599886
-3.70130197510015
-4.11087386433725
-4.11087386433725
-18.4206807539524
-4.20634962576416
-6.60755068620743
-4.11087386433725
-4.11087386433725
-4.82902068069638
-6.07381229400547
-2.2110179009754
-4.11087386433725
-4.11087386433725
-3.59273559502892
-2.44716632276669
-3.80666249258514
-4.11087386433725
-4.11087386433725
-3.52660158286401
-5.00716523495325
-6.12905021256599
-4.11087386433725
-4.11087386433725
-5.37989735764184
-4.26267987774554
-4.78749175378204
-4.11087386433725
-4.11087386433725
-2.55256530765434
-3.47393140181389
-4.9236239206339
-4.11087386433725
-4.11087386433725
-6.16504263922898
-7.21964204464757
-4.18965474263248
-4.11087386433725
-4.11087386433725
-4.33073334864159
-2.99573227526828
-2.47232787040814
-4.11087386433725
-4.11087386433725
-4.83432098154824
-5.77532764704428
-3.8177123271657
-4.11087386433725
-4.11087386433725
-4.189654745284
-4.33073334160212
-2.90758389503667
-4.11087386433725
-4.11087386433725
-4.05814152054547
-3.83965423067132
-4.07753744602436
-4.11087386433725
-4.11087386433725
-5.41015685243174
-4.66343909599886
-3.70130197510015
-4.11087386433725
-4.11087386433725
-3.00284975132285
-19.0812517592433
-3.20635330454528
-4.11087386433725
-4.11087386433725
-4.22842505750168
-3.26040157724543
-4.29045944265524
-4.11087386433725
-4.11087386433725
-4.69134788369703
-3.95124371954297
-3.80666249258514
-4.11087386433725
-4.11087386433725
-4.92942524593511
-4.43364101697169
-4.51961230013189
-4.11087386433725
-4.11087386433725
-5.37989735764184
-4.26267987774554
-4.78749175378204
-4.11087386433725
-4.11087386433725
-3.50707725234869
-3.33416945943873
-4.51815881252573
-4.11087386433725
-4.11087386433725
-3.84475796913553
-4.08414782871842
-3.49650756207254
-4.11087386433725
-4.11087386433725
-3.92526824053343
-4.24849524376365
-4.36944785529403
-4.11087386433725
-4.11087386433725
-4.05337159754384
-4.45357180706196
-3.8177123271657
-4.11087386433725
-4.11087386433725
-4.47733681773578
-4.33073334160212
-3.37758752428241
-4.11087386433725
-4.11087386433725
-4.24046307733942
-4.12577258114692
-4.07753744602436
-4.11087386433725
-4.11087386433725
-6.50876914109985
-4.66343909599886
-4.39444915566009
-4.11087386433725
-4.11087386433725
-4.10146203999096
-2.51175390498975
-19.1808297277287
-4.11087386433725
-4.11087386433725
-10.0275177119622
-7.17242458267358
-4.29045944265524
-4.11087386433725
-4.11087386433725
-4.69134788369703
-4.64439090010291
-4.90527478125325
-4.11087386433725
-4.11087386433725
-8.33062262759727
-9.63213804823752
-6.12905021256599
-4.11087386433725
-4.11087386433725
-5.37989735764184
-4.26267987774554
-4.78749175378204
-4.11087386433725
-4.11087386433725
-7.85088267420238
-9.17771387647009
-5.61677110119384
-4.11087386433725
-4.11087386433725
-9.49724714940418
-7.21964204464757
-4.18965474263248
-4.11087386433725
-4.11087386433725
-5.02388052920154
-4.94164242432359
-5.46806014396214
-4.11087386433725
-4.11087386433725
-9.8969160145752
-7.85476918872411
-4.51085950772564
-4.11087386433725
-4.11087386433725
-5.57594910640389
-4.33073334160212
-5.68017261727645
-4.11087386433725
-4.11087386433725
-7.45933890220762
-9.89409357694069
-4.77068462658431
-4.11087386433725
-4.11087386433725
-6.50876914109985
-4.66343909599886
-4.39444915566009
-4.11087386433725
-4.11087386433725
-6.04737218904628
-7.50218649176849
-7.70616297487554
-22.5315546082896
-4.11087386433725
-10.0275177119622
-7.17242458267358
-4.29045944265524
-4.11087386433725
-4.11087386433725
-4.69134788369703
-4.64439090010291
-4.90527478125325
-4.11087386433725
-4.11087386433725
-8.33062262759727
-9.63213804823752
-6.12905021256599
-4.11087386433725
-4.11087386433725
-5.37989735764184
-4.26267987774554
-4.78749175378204
-4.11087386433725
-4.11087386433725
-7.85088267420238
-9.17771387647009
-5.61677110119384
-4.11087386433725
-4.11087386433725
-9.49724714940418
-7.21964204464757
-4.18965474263248
-4.11087386433725
-4.11087386433725
-5.02388052920154
-4.94164242432359
-5.46806014396214
-4.11087386433725
-4.11087386433725
-9.8969160145752
-7.85476918872411
-4.51085950772564
-4.11087386433725
-4.11087386433725
-5.57594910640389
-4.33073334160212
-5.68017261727645
-4.11087386433725
-4.11087386433725
-7.45933890220762
-9.89409357694069
-4.77068462658431
-4.11087386433725
-4.11087386433725
-6.50876914109985
-4.66343909599886
-4.39444915566009
-4.11087386433725
-4.11087386433725
-6.04737218904628
-7.50218649176849
-7.70616297487554
-4.11087386433725
-22.5315546082896
60
-3.69423808382252
-4.60747522521204
-4.29045944265524
-4.11087386433725
-4.11087386433725
-4.69134788369703
-3.95124371954297
-4.2121276006933
-4.11087386433725
-4.11087386433725
-4.61705056089296
-5.17779075198401
-5.03043792389788
-4.11087386433725
-4.11087386433725
-4.28128506897373
-4.26267987774554
-4.78749175378204
-4.11087386433725
-4.11087386433725
-4.4835868442159
-5.10017643256437
-4.9236239206339
-4.11087386433725
-4.11087386433725
-5.27773944422808
-4.91705695165353
-4.18965474263248
-4.11087386433725
-4.11087386433725
-5.02388052920154
-3.84303013565548
-4.77491296340219
-4.11087386433725
-4.11087386433725
-4.671169340862
-4.42078198423897
-4.51085950772564
-4.11087386433725
-4.11087386433725
-4.88280192584395
-4.33073334160212
-4.98702543671651
-4.11087386433725
-4.11087386433725
-3.82175274248124
-4.58582587953949
-4.77068462658431
-4.11087386433725
-4.11087386433725
-5.12247477997996
-4.66343909599886
-4.39444915566009
-4.11087386433725
-4.11087386433725
-4.10146203999096
-4.86312916215323
-5.50893839753932
-4.11087386433725
-4.11087386433725
