60
-4.43081679896236
-4.43081679896236
-4.43081679896236
-4.43081679896236
-4.43081679896236
-4.43081679896236
-4.43081679896236
-4.43081679896236
-4.43081679896236
-4.43081679896236
-4.43081679896236
-4.43081679896236
-4.43081679896236
-4.43081679896236
-4.43081679896236
-4.43081679896236
-4.43081679896236
-4.43081679896236
-4.43081679896236
-4.43081679896236
-1.94591014917436
-4.43081679896236
-4.43081679896236
-4.43081679896236
-4.43081679896236
-4.43081679896236
-4.43081679896236
-4.43081679896236
-4.43081679896236
-4.43081679896236
-4.43081679896236
-4.43081679896236
-4.43081679896236
-4.43081679896236
-4.43081679896236
-4.43081679896236
-4.43081679896236
-4.43081679896236
-4.43081679896236
-4.43081679896236
-4.43081679896236
-4.43081679896236
-3.33220451029425
-4.43081679896236
-4.43081679896236
-4.43081679896236
-4.43081679896236
-4.43081679896236
-4.43081679896236
-4.43081679896236
-4.43081679896236
-4.43081679896236
-4.43081679896236
-4.43081679896236
-4.43081679896236
-3.33220451029425
-2.48490664990705
-3.33220451029425
-4.43081679896236
-4.43081679896236
60 60
-22.5315546082896
-4.12713438520638
-4.11087386433725
-4.11087386433725
-4.11087386433725
-4.11087386433725
-4.11087386433725
-4.11087386433725
-4.11087386433725
-4.11087386433725
-4.12713438520638
-4.12713438520638
-4.11087386433725
-4.11087386433725
-4.11087386433725
-4.11087386433725
-4.11087386433725
-4.11087386433725
-4.11087386433725
-4.11087386433725
-6.51914733745367
-6.03308624573166
-4.11087386433725
-4.11087386433725
-4.11087386433725
-4.11087386433725
-4.11087386433725
-4.11087386433725
-4.11087386433725
-4.11087386433725
-4.11087386433725
-4.11087386433725
-4.11087386433725
-4.11087386433725
-4.11087386433725
-4.11087386433725
-4.11087386433725
-4.11087386433725
-4.11087386433725
-4.11087386433725
-4.11087386433725
-4.11087386433725
-4.8040210563726
-4.11087386433725
-4.11087386433725
-5.11198779871799
-4.34380542406147
-3.43398720464644
-4.11087386433725
-4.11087386433725
-4.11087386433725
-4.11087386433725
-4.12713438859348
-4.11087386433725
-4.11087386433725
-5.88610404711682
-6.26339827752496
-4.33073336541791
-4.11087386433725
-4.11087386433725
-4.11087386433725
-22.5478151291587
-4.11087386433725
-4.11087386433725
-4.11087386433725
-4.11087386433725
-4.11087386433725
-4.11087386433725
-4.11087386433725
-4.11087386433725
-4.12713438520638
-4.12713438520638
-4.11087386433725
-4.11087386433725
-4.11087386433725
-4.11087386433725
-4.11087386433725
-4.11087386433725
-4.11087386433725
-4.11087386433725
-6.51914733745367
-6.03308624573166
-4.11087386433725
-4.11087386433725
-4.11087386433725
-4.11087386433725
-4.11087386433725
-4.11087386433725
-4.11087386433725
-4.11087386433725
-4.11087386433725
-4.11087386433725
-4.11087386433725
-4.11087386433725
-4.11087386433725
-4.11087386433725
-4.11087386433725
-4.11087386433725
-4.11087386433725
-4.11087386433725
-4.11087386433725
-4.11087386433725
-4.8040210563726
-4.11087386433725
-4.11087386433725
-5.11198779871799
-4.34380542406147
-4.12713438520638
-4.11087386433725
-4.11087386433725
-4.11087386433725
-4.11087386433725
-4.12713438859348
-4.11087386433725
-4.11087386433725
-5.88610404711682
-6.26339827752496
-4.33073336541791
-4.11087386433725
-4.11087386433725
-4.11087386433725
-4.12713438520638
-22.5315546082896
-4.11087386433725
-4.11087386433725
-4.11087386433725
-4.11087386433725
-4.11087386433725
-4.11087386433725
-4.11087386433725
-4.12713438520638
-4.12713438520638
-4.11087386433725
-4.11087386433725
-4.11087386433725
-4.11087386433725
-4.11087386433725
-4.11087386433725
-4.11087386433725
-4.11087386433725
-6.51914733745367
-6.03308624573166
-4.11087386433725
-4.11087386433725
-4.11087386433725
-4.11087386433725
-4.11087386433725
-4.11087386433725
-4.11087386433725
-4.11087386433725
-4.11087386433725
-4.11087386433725
-4.11087386433725
-4.11087386433725
-4.11087386433725
-4.11087386433725
-4.11087386433725
-4.11087386433725
-4.11087386433725
-4.11087386433725
-4.11087386433725
-4.11087386433725
-4.8040210563726
-4.11087386433725
-4.11087386433725
-5.11198779871799
-4.34380542406147
-4.12713438520638
-4.11087386433725
-4.11087386433725
-4.11087386433725
-4.11087386433725
-4.12713438859348
-4.11087386433725
-4.11087386433725
-5.88610404711682
-6.26339827752496
-4.33073336541791
-4.11087386433725
-4.11087386433725
-4.11087386433725
-4.12713438520638
-4.11087386433725
-22.5315546082896
-4.11087386433725
-4.11087386433725
-4.11087386433725
-4.11087386433725
-4.11087386433725
-4.11087386433725
-4.12713438520638
-4.12713438520638
-4.11087386433725
-4.11087386433725
-4.11087386433725
-4.11087386433725
-4.11087386433725
-4.11087386433725
-4.11087386433725
-4.11087386433725
-6.51914733745367
-6.03308624573166
-4.11087386433725
-4.11087386433725
-4.11087386433725
-4.11087386433725
-4.11087386433725
-4.11087386433725
-4.11087386433725
-4.11087386433725
-4.11087386433725
-4.11087386433725
-4.11087386433725
-4.11087386433725
-4.11087386433725
-4.11087386433725
-4.11087386433725
-4.11087386433725
-4.11087386433725
-4.11087386433725
-4.11087386433725
-4.11087386433725
-4.8040210563726
-4.11087386433725
-4.11087386433725
-5.11198779871799
-4.34380542406147
-4.12713438520638
-4.11087386433725
-4.11087386433725
-4.11087386433725
-4.11087386433725
-4.12713438859348
-4.11087386433725
-4.11087386433725
-5.88610404711682
-6.26339827752496
-4.33073336541791
-4.11087386433725
-4.11087386433725
-4.11087386433725
-4.12713438520638
-4.11087386433725
-4.11087386433725
-22.5315546082896
-4.11087386433725
-4.11087386433725
-4.11087386433725
-4.11087386433725
-4.11087386433725
-4.12713438520638
-4.12713438520638
-4.11087386433725
-4.11087386433725
-4.11087386433725
-4.11087386433725
-4.11087386433725
-4.11087386433725
-4.11087386433725
-4.11087386433725
-6.51914733745367
-6.03308624573166
-4.11087386433725
-4.11087386433725
-4.11087386433725
-4.11087386433725
-4.11087386433725
-4.11087386433725
-4.11087386433725
-4.11087386433725
-4.11087386433725
-4.11087386433725
-4.11087386433725
-4.11087386433725
-4.11087386433725
-4.11087386433725
-4.11087386433725
-4.11087386433725
-4.11087386433725
-4.11087386433725
-4.11087386433725
-4.11087386433725
-4.8040210563726
-4.11087386433725
-4.11087386433725
-5.11198779871799
-4.34380542406147
-4.12713438520638
-4.11087386433725
-4.11087386433725
-4.11087386433725
-4.11087386433725
-4.12713438859348
-4.11087386433725
-4.11087386433725
-5.88610404711682
-6.26339827752496
-4.33073336541791
-4.11087386433725
-4.11087386433725
-4.11087386433725
-4.12713438520638
-4.11087386433725
-4.11087386433725
-4.11087386433725
-22.5315546082896
-4.11087386433725
-4.11087386433725
-4.11087386433725
-4.11087386433725
-4.12713438520638
-4.12713438520638
-4.11087386433725
-4.11087386433725
-4.11087386433725
-4.11087386433725
-4.11087386433725
-4.11087386433725
-4.11087386433725
-4.11087386433725
-6.51914733745367
-6.03308624573166
-4.11087386433725
-4.11087386433725
-4.11087386433725
-4.11087386433725
-4.11087386433725
-4.11087386433725
-4.11087386433725
-4.11087386433725
-4.11087386433725
-4.11087386433725
-4.11087386433725
-4.11087386433725
-4.11087386433725
-4.11087386433725
-4.11087386433725
-4.11087386433725
-4.11087386433725
-4.11087386433725
-4.11087386433725
-4.11087386433725
-4.8040210563726
-4.11087386433725
-4.11087386433725
-5.11198779871799
-4.34380542406147
-4.12713438520638
-4.11087386433725
-4.11087386433725
-4.11087386433725
-4.11087386433725
-4.12713438859348
-4.11087386433725
-4.11087386433725
-5.88610404711682
-6.26339827752496
-4.33073336541791
-4.11087386433725
-4.11087386433725
-4.11087386433725
-4.12713438520638
-4.11087386433725
-4.11087386433725
-4.11087386433725
-4.11087386433725
-22.5315546082896
-4.11087386433725
-4.11087386433725
-4.11087386433725
-4.12713438520638
-4.12713438520638
-4.11087386433725
-4.11087386433725
-4.11087386433725
-4.11087386433725
-4.11087386433725
-4.11087386433725
-4.11087386433725
-4.11087386433725
-6.51914733745367
-6.03308624573166
-4.11087386433725
-4.11087386433725
-4.11087386433725
-4.11087386433725
-4.11087386433725
-4.11087386433725
-4.11087386433725
-4.11087386433725
-4.11087386433725
-4.11087386433725
-4.11087386433725
-4.11087386433725
-4.11087386433725
-4.11087386433725
-4.11087386433725
-4.11087386433725
-4.11087386433725
-4.11087386433725
-4.11087386433725
-4.11087386433725
-4.8040210563726
-4.11087386433725
-4.11087386433725
-5.11198779871799
-4.34380542406147
-4.12713438520638
-4.11087386433725
-4.11087386433725
-4.11087386433725
-4.11087386433725
-4.12713438859348
-4.11087386433725
-4.11087386433725
-5.88610404711682
-6.26339827752496
-4.33073336541791
-4.11087386433725
-4.11087386433725
-4.11087386433725
-4.12713438520638
-4.11087386433725
-4.11087386433725
-4.11087386433725
-4.11087386433725
-4.11087386433725
-22.5315546082896
-4.11087386433725
-4.11087386433725
-4.12713438520638
-4.12713438520638
-4.11087386433725
-4.11087386433725
-4.11087386433725
-4.11087386433725
-4.11087386433725
-4.11087386433725
-4.11087386433725
-4.11087386433725
-6.51914733745367
-6.03308624573166
-4.11087386433725
-4.11087386433725
-4.11087386433725
-4.11087386433725
-4.11087386433725
-4.11087386433725
-4.11087386433725
-4.11087386433725
-4.11087386433725
-4.11087386433725
-4.11087386433725
-4.11087386433725
-4.11087386433725
-4.11087386433725
-4.11087386433725
-4.11087386433725
-4.11087386433725
-4.11087386433725
-4.11087386433725
-4.11087386433725
-4.8040210563726
-4.11087386433725
-4.11087386433725
-5.11198779871799
-4.34380542406147
-4.12713438520638
-4.11087386433725
-4.11087386433725
-4.11087386433725
-4.11087386433725
-4.12713438859348
-4.11087386433725
-4.11087386433725
-5.88610404711682
-6.26339827752496
-4.33073336541791
-4.11087386433725
-4.11087386433725
-4.11087386433725
-4.12713438520638
-4.11087386433725
-4.11087386433725
-4.11087386433725
-4.11087386433725
-4.11087386433725
-4.11087386433725
-22.5315546082896
-4.11087386433725
-4.12713438520638
-4.12713438520638
-4.11087386433725
-4.11087386433725
-4.11087386433725
-4.11087386433725
-4.11087386433725
-4.11087386433725
-4.11087386433725
-4.11087386433725
-6.51914733745367
-6.03308624573166
-4.11087386433725
-4.11087386433725
-4.11087386433725
-4.11087386433725
-4.11087386433725
-4.11087386433725
-4.11087386433725
-4.11087386433725
-4.11087386433725
-4.11087386433725
-4.11087386433725
-4.11087386433725
-4.11087386433725
-4.11087386433725
-4.11087386433725
-4.11087386433725
-4.11087386433725
-4.11087386433725
-4.11087386433725
-4.11087386433725
-4.8040210563726
-4.11087386433725
-4.11087386433725
-5.11198779871799
-4.34380542406147
-4.12713438520638
-4.11087386433725
-4.11087386433725
-4.11087386433725
-4.11087386433725
-4.12713438859348
-4.11087386433725
-4.11087386433725
-5.88610404711682
-6.26339827752496
-4.33073336541791
-4.11087386433725
-4.11087386433725
-4.11087386433725
-4.12713438520638
-4.11087386433725
-4.11087386433725
-4.11087386433725
-4.11087386433725
-4.11087386433725
-4.11087386433725
-4.11087386433725
-22.5315546082896
-4.12713438520638
-4.12713438520638
-4.11087386433725
-4.11087386433725
-4.11087386433725
-4.11087386433725
-4.11087386433725
-4.11087386433725
-4.11087386433725
-4.11087386433725
-6.51914733745367
-6.03308624573166
-4.11087386433725
-4.11087386433725
-4.11087386433725
-4.11087386433725
-4.11087386433725
-4.11087386433725
-4.11087386433725
-4.11087386433725
-4.11087386433725
-4.11087386433725
-4.11087386433725
-4.11087386433725
-4.11087386433725
-4.11087386433725
-4.11087386433725
-4.11087386433725
-4.11087386433725
-4.11087386433725
-4.11087386433725
-4.11087386433725
-4.8040210563726
-4.11087386433725
-4.11087386433725
-5.11198779871799
-4.34380542406147
-4.12713438520638
-4.11087386433725
-4.11087386433725
-4.11087386433725
-4.11087386433725
-4.12713438859348
-4.11087386433725
-4.11087386433725
-5.88610404711682
-6.26339827752496
-4.33073336541791
-4.11087386433725
-4.11087386433725
-4.11087386433725
-4.12713438520638
-4.11087386433725
-4.11087386433725
-4.11087386433725
-4.11087386433725
-4.11087386433725
-4.11087386433725
-4.11087386433725
-4.11087386433725
-22.5478151291587
-4.12713438520638
-4.11087386433725
-4.11087386433725
-4.11087386433725
-4.11087386433725
-4.11087386433725
-4.11087386433725
-4.11087386433725
-4.11087386433725
-6.51914733745367
-6.03308624573166
-4.11087386433725
-4.11087386433725
-4.11087386433725
-4.11087386433725
-4.11087386433725
-4.11087386433725
-4.11087386433725
-4.11087386433725
-4.11087386433725
-4.11087386433725
-4.11087386433725
-4.11087386433725
-4.11087386433725
-4.11087386433725
-4.11087386433725
-4.11087386433725
-4.11087386433725
-4.11087386433725
-4.11087386433725
-4.11087386433725
-4.8040210563726
-4.11087386433725
-4.11087386433725
-3.50254988628389
-4.34380542406147
-4.12713438520638
-4.11087386433725
-4.11087386433725
-4.11087386433725
-4.11087386433725
-4.12713438859348
-4.11087386433725
-4.11087386433725
-5.88610404711682
-6.26339827752496
-4.33073336541791
-4.11087386433725
-4.11087386433725
-4.11087386433725
-4.12713438520638
-4.11087386433725
-4.11087386433725
-4.11087386433725
-4.11087386433725
-4.11087386433725
-4.11087386433725
-4.11087386433725
-4.11087386433725
-4.12713438520638
-22.5478151291587
-4.11087386433725
-4.11087386433725
-4.11087386433725
-4.11087386433725
-4.11087386433725
-4.11087386433725
-4.11087386433725
-4.11087386433725
-6.51914733745367
-6.03308624573166
-4.11087386433725
-4.11087386433725
-4.11087386433725
-4.11087386433725
-4.11087386433725
-4.11087386433725
-4.11087386433725
-4.11087386433725
-4.11087386433725
-4.11087386433725
-4.11087386433725
-4.11087386433725
-4.11087386433725
-4.11087386433725
-4.11087386433725
-4.11087386433725
-4.11087386433725
-4.11087386433725
-4.11087386433725
-4.11087386433725
-4.11087387581266
-4.11087386433725
-4.11087386433725
-5.11198779871799
-4.34380542406147
-4.12713438520638
-4.11087386433725
-4.11087386433725
-4.11087386433725
-4.11087386433725
-4.12713438859348
-4.11087386433725
-4.11087386433725
-5.88610404711682
-6.26339827752496
-4.33073336541791
-4.11087386433725
-4.11087386433725
-4.11087386433725
-4.12713438520638
-4.11087386433725
-4.11087386433725
-4.11087386433725
-4.11087386433725
-4.11087386433725
-4.11087386433725
-4.11087386433725
-4.11087386433725
-4.12713438520638
-4.12713438520638
-22.5315546082896
-4.11087386433725
-4.11087386433725
-4.11087386433725
-4.11087386433725
-4.11087386433725
-4.11087386433725
-4.11087386433725
-6.51914733745367
-6.03308624573166
-4.11087386433725
-4.11087386433725
-4.11087386433725
-4.11087386433725
-4.11087386433725
-4.11087386433725
-4.11087386433725
-4.11087386433725
-4.11087386433725
-4.11087386433725
-4.11087386433725
-4.11087386433725
-4.11087386433725
-4.11087386433725
-4.11087386433725
-4.11087386433725
-4.11087386433725
-4.11087386433725
-4.11087386433725
-4.11087386433725
-4.8040210563726
-4.11087386433725
-4.11087386433725
-5.11198779871799
-4.34380542406147
-4.12713438520638
-4.11087386433725
-4.11087386433725
-4.11087386433725
-4.11087386433725
-4.12713438859348
-4.11087386433725
-4.11087386433725
-5.88610404711682
-6.26339827752496
-4.33073336541791
-4.11087386433725
-4.11087386433725
-4.11087386433725
-4.12713438520638
-4.11087386433725
-4.11087386433725
-4.11087386433725
-4.11087386433725
-4.11087386433725
-4.11087386433725
-4.11087386433725
-4.11087386433725
-4.12713438520638
-4.12713438520638
-4.11087386433725
-22.5315546082896
-4.11087386433725
-4.11087386433725
-4.11087386433725
-4.11087386433725
-4.11087386433725
-4.11087386433725
-6.51914733745367
-6.03308624573166
-4.11087386433725
-4.11087386433725
-4.11087386433725
-4.11087386433725
-4.11087386433725
-4.11087386433725
-4.11087386433725
-4.11087386433725
-4.11087386433725
-4.11087386433725
-4.11087386433725
-4.11087386433725
-4.11087386433725
-4.11087386433725
-4.11087386433725
-4.11087386433725
-4.11087386433725
-4.11087386433725
-4.11087386433725
-4.11087386433725
-4.8040210563726
-4.11087386433725
-4.11087386433725
-5.11198779871799
-4.34380542406147
-4.12713438520638
-4.11087386433725
-4.11087386433725
-4.11087386433725
-4.11087386433725
-4.12713438859348
-4.11087386433725
-4.11087386433725
-5.88610404711682
-6.26339827752496
-4.33073336541791
-4.11087386433725
-4.11087386433725
-4.11087386433725
-4.12713438520638
-4.11087386433725
-4.11087386433725
-4.11087386433725
-4.11087386433725
-4.11087386433725
-4.11087386433725
-4.11087386433725
-4.11087386433725
-4.12713438520638
-4.12713438520638
-4.11087386433725
-4.11087386433725
-22.5315546082896
-4.11087386433725
-4.11087386433725
-4.11087386433725
-4.11087386433725
-4.11087386433725
-6.51914733745367
-6.03308624573166
-4.11087386433725
-4.11087386433725
-4.11087386433725
-4.11087386433725
-4.11087386433725
-4.11087386433725
-4.11087386433725
-4.11087386433725
-4.11087386433725
-4.11087386433725
-4.11087386433725
-4.11087386433725
-4.11087386433725
-4.11087386433725
-4.11087386433725
-4.11087386433725
-4.11087386433725
-4.11087386433725
-4.11087386433725
-4.11087386433725
-4.8040210563726
-4.11087386433725
-4.11087386433725
-5.11198779871799
-4.34380542406147
-4.12713438520638
-4.11087386433725
-4.11087386433725
-4.11087386433725
-4.11087386433725
-4.12713438859348
-4.11087386433725
-4.11087386433725
-5.88610404711682
-6.26339827752496
-4.33073336541791
-4.11087386433725
-4.11087386433725
-4.11087386433725
-4.12713438520638
-4.11087386433725
-4.11087386433725
-4.11087386433725
-4.11087386433725
-4.11087386433725
-4.11087386433725
-4.11087386433725
-4.11087386433725
-4.12713438520638
-4.12713438520638
-4.11087386433725
-4.11087386433725
-4.11087386433725
-22.5315546082896
-4.11087386433725
-4.11087386433725
-4.11087386433725
-4.11087386433725
-6.51914733745367
-6.03308624573166
-4.11087386433725
-4.11087386433725
-4.11087386433725
-4.11087386433725
-4.11087386433725
-4.11087386433725
-4.11087386433725
-4.11087386433725
-4.11087386433725
-4.11087386433725
-4.11087386433725
-4.11087386433725
-4.11087386433725
-4.11087386433725
-4.11087386433725
-4.11087386433725
-4.11087386433725
-4.11087386433725
-4.11087386433725
-4.11087386433725
-4.8040210563726
-4.11087386433725
-4.11087386433725
-5.11198779871799
-4.34380542406147
-4.12713438520638
-4.11087386433725
-4.11087386433725
-4.11087386433725
-4.11087386433725
-4.12713438859348
-4.11087386433725
-4.11087386433725
-5.88610404711682
-6.26339827752496
-4.33073336541791
-4.11087386433725
-4.11087386433725
-4.11087386433725
-4.12713438520638
-4.11087386433725
-4.11087386433725
-4.11087386433725
-4.11087386433725
-4.11087386433725
-4.11087386433725
-4.11087386433725
-4.11087386433725
-4.12713438520638
-4.12713438520638
-4.11087386433725
-4.11087386433725
-4.11087386433725
-4.11087386433725
-22.5315546082896
-4.11087386433725
-4.11087386433725
-4.11087386433725
-6.51914733745367
-6.03308624573166
-4.11087386433725
-4.11087386433725
-4.11087386433725
-4.11087386433725
-4.11087386433725
-4.11087386433725
-4.11087386433725
-4.11087386433725
-4.11087386433725
-4.11087386433725
-4.11087386433725
-4.11087386433725
-4.11087386433725
-4.11087386433725
-4.11087386433725
-4.11087386433725
-4.11087386433725
-4.11087386433725
-4.11087386433725
-4.11087386433725
-4.8040210563726
-4.11087386433725
-4.11087386433725
-5.11198779871799
-4.34380542406147
-4.12713438520638
-4.11087386433725
-4.11087386433725
-4.11087386433725
-4.11087386433725
-4.12713438859348
-4.11087386433725
-4.11087386433725
-5.88610404711682
-6.26339827752496
-4.33073336541791
-4.11087386433725
-4.11087386433725
-4.11087386433725
-4.12713438520638
-4.11087386433725
-4.11087386433725
-4.11087386433725
-4.11087386433725
-4.11087386433725
-4.11087386433725
-4.11087386433725
-4.11087386433725
-4.12713438520638
-4.12713438520638
-4.11087386433725
-4.11087386433725
-4.11087386433725
-4.11087386433725
-4.11087386433725
-22.5315546082896
-4.11087386433725
-4.11087386433725
-6.51914733745367
-6.03308624573166
-4.11087386433725
-4.11087386433725
-4.11087386433725
-4.11087386433725
-4.11087386433725
-4.11087386433725
-4.11087386433725
-4.11087386433725
-4.11087386433725
-4.11087386433725
-4.11087386433725
-4.11087386433725
-4.11087386433725
-4.11087386433725
-4.11087386433725
-4.11087386433725
-4.11087386433725
-4.11087386433725
-4.11087386433725
-4.11087386433725
-4.8040210563726
-4.11087386433725
-4.11087386433725
-5.11198779871799
-4.34380542406147
-4.12713438520638
-4.11087386433725
-4.11087386433725
-4.11087386433725
-4.11087386433725
-4.12713438859348
-4.11087386433725
-4.11087386433725
-5.88610404711682
-6.26339827752496
-4.33073336541791
-4.11087386433725
-4.11087386433725
-4.11087386433725
-4.12713438520638
-4.11087386433725
-4.11087386433725
-4.11087386433725
-4.11087386433725
-4.11087386433725
-4.11087386433725
-4.11087386433725
-4.11087386433725
-4.12713438520638
-4.12713438520638
-4.11087386433725
-4.11087386433725
-4.11087386433725
-4.11087386433725
-4.11087386433725
-4.11087386433725
-22.5315546082896
-4.11087386433725
-6.51914733745367
-6.03308624573166
-4.11087386433725
-4.11087386433725
-4.11087386433725
-4.11087386433725
-4.11087386433725
-4.11087386433725
-4.11087386433725
-4.11087386433725
-4.11087386433725
-4.11087386433725
-4.11087386433725
-4.11087386433725
-4.11087386433725
-4.11087386433725
-4.11087386433725
-4.11087386433725
-4.11087386433725
-4.11087386433725
-4.11087386433725
-4.11087386433725
-4.8040210563726
-4.11087386433725
-4.11087386433725
-5.11198779871799
-4.34380542406147
-4.12713438520638
-4.11087386433725
-4.11087386433725
-4.11087386433725
-4.11087386433725
-4.12713438859348
-4.11087386433725
-4.11087386433725
-5.88610404711682
-6.26339827752496
-4.33073336541791
-4.11087386433725
-4.11087386433725
-4.11087386433725
-4.12713438520638
-4.11087386433725
-4.11087386433725
-4.11087386433725
-4.11087386433725
-4.11087386433725
-4.11087386433725
-4.11087386433725
-4.11087386433725
-4.12713438520638
-4.12713438520638
-4.11087386433725
-4.11087386433725
-4.11087386433725
-4.11087386433725
-4.11087386433725
-4.11087386433725
-4.11087386433725
-22.5315546082896
-6.51914733745367
-6.03308624573166
-4.11087386433725
-4.11087386433725
-4.11087386433725
-4.11087386433725
-4.11087386433725
-4.11087386433725
-4.11087386433725
-4.11087386433725
-4.11087386433725
-4.11087386433725
-4.11087386433725
-4.11087386433725
-4.11087386433725
-4.11087386433725
-4.11087386433725
-4.11087386433725
-4.11087386433725
-4.11087386433725
-4.11087386433725
-4.11087386433725
-4.8040210563726
-4.11087386433725
-4.11087386433725
-5.11198779871799
-4.34380542406147
-4.12713438520638
-4.11087386433725
-4.11087386433725
-4.11087386433725
-4.11087386433725
-4.12713438859348
-4.11087386433725
-4.11087386433725
-5.88610404711682
-6.26339827752496
-4.33073336541791
-4.11087386433725
-4.11087386433725
-4.11087386433725
-4.12713438520638
-4.11087386433725
-4.11087386433725
-4.11087386433725
-4.11087386433725
-4.11087386433725
-4.11087386433725
-4.11087386433725
-4.11087386433725
-4.12713438520638
-4.12713438520638
-4.11087386433725
-4.11087386433725
-4.11087386433725
-4.11087386433725
-4.11087386433725
-4.11087386433725
-4.11087386433725
-4.11087386433725
-16.821025084426
-1.54444987599952
-4.11087386433725
-4.11087386433725
-4.11087386433725
-4.11087386433725
-4.11087386433725
-4.11087386433725
-4.11087386433725
-4.11087386433725
-4.11087386433725
-4.11087386433725
-4.11087386433725
-4.11087386433725
-4.11087386433725
-4.11087386433725
-4.11087386433725
-4.11087386433725
-4.11087386433725
-4.11087386433725
-4.11087386433725
-4.11087386433725
-2.03143233413282
-4.11087386433725
-4.11087386433725
-0.863492556668631
-2.14658084672526
-4.12713438520638
-4.11087386433725
-4.11087386433725
-4.11087386433725
-4.11087386433725
-4.12713438859348
-4.11087386433725
-4.11087386433725
-0.393042603776273
-0.834052648570515
-4.33073336541791
-4.11087386433725
-4.11087386433725
-4.11087386433725
-4.12713438520638
-4.11087386433725
-4.11087386433725
-4.11087386433725
-4.11087386433725
-4.11087386433725
-4.11087386433725
-4.11087386433725
-4.11087386433725
-4.12713438520638
-4.12713438520638
-4.11087386433725
-4.11087386433725
-4.11087386433725
-4.11087386433725
-4.11087386433725
-4.11087386433725
-4.11087386433725
-4.11087386433725
-1.97585255518367
-17.5480137133726
-4.11087386433725
-4.11087386433725
-4.11087386433725
-4.11087386433725
-4.11087386433725
-4.11087386433725
-4.11087386433725
-4.11087386433725
-4.11087386433725
-4.11087386433725
-4.11087386433725
-4.11087386433725
-4.11087386433725
-4.11087386433725
-4.11087386433725
-4.11087386433725
-4.11087386433725
-4.11087386433725
-4.11087386433725
-4.11087386433725
-1.80828878281861
-4.11087386433725
-4.11087386433725
-2.116255525164
-2.55204595483342
-4.12713438520638
-4.11087386433725
-4.11087386433725
-4.11087386433725
-4.11087386433725
-4.12713438859348
-4.11087386433725
-4.11087386433725
-2.0794415573465
-0.950192298483168
-2.3848232163626
-4.11087386433725
-4.11087386433725
-4.11087386433725
-4.12713438520638
-4.11087386433725
-4.11087386433725
-4.11087386433725
-4.11087386433725
-4.11087386433725
-4.11087386433725
-4.11087386433725
-4.11087386433725
-4.12713438520638
-4.12713438520638
-4.11087386433725
-4.11087386433725
-4.11087386433725
-4.11087386433725
-4.11087386433725
-4.11087386433725
-4.11087386433725
-4.11087386433725
-6.51914733745367
-6.03308624573166
-22.5315546082896
-4.11087386433725
-4.11087386433725
-4.11087386433725
-4.11087386433725
-4.11087386433725
-4.11087386433725
-4.11087386433725
-4.11087386433725
-4.11087386433725
-4.11087386433725
-4.11087386433725
-4.11087386433725
-4.11087386433725
-4.11087386433725
-4.11087386433725
-4.11087386433725
-4.11087386433725
-4.11087386433725
-4.11087386433725
-4.8040210563726
-4.11087386433725
-4.11087386433725
-5.11198779871799
-4.34380542406147
-4.12713438520638
-4.11087386433725
-4.11087386433725
-4.11087386433725
-4.11087386433725
-4.12713438859348
-4.11087386433725
-4.11087386433725
-5.88610404711682
-6.26339827752496
-4.33073336541791
-4.11087386433725
-4.11087386433725
-4.11087386433725
-4.12713438520638
-4.11087386433725
-4.11087386433725
-4.11087386433725
-4.11087386433725
-4.11087386433725
-4.11087386433725
-4.11087386433725
-4.11087386433725
-4.12713438520638
-4.12713438520638
-4.11087386433725
-4.11087386433725
-4.11087386433725
-4.11087386433725
-4.11087386433725
-4.11087386433725
-4.11087386433725
-4.11087386433725
-6.51914733745367
-6.03308624573166
-4.11087386433725
-22.5315546082896
-4.11087386433725
-4.11087386433725
-4.11087386433725
-4.11087386433725
-4.11087386433725
-4.11087386433725
-4.11087386433725
-4.11087386433725
-4.11087386433725
-4.11087386433725
-4.11087386433725
-4.11087386433725
-4.11087386433725
-4.11087386433725
-4.11087386433725
-4.11087386433725
-4.11087386433725
-4.11087386433725
-4.8040210563726
-4.11087386433725
-4.11087386433725
-5.11198779871799
-4.34380542406147
-4.12713438520638
-4.11087386433725
-4.11087386433725
-4.11087386433725
-4.11087386433725
-4.12713438859348
-4.11087386433725
-4.11087386433725
-5.88610404711682
-6.26339827752496
-4.33073336541791
-4.11087386433725
-4.11087386433725
-4.11087386433725
-4.12713438520638
-4.11087386433725
-4.11087386433725
-4.11087386433725
-4.11087386433725
-4.11087386433725
-4.11087386433725
-4.11087386433725
-4.11087386433725
-4.12713438520638
-4.12713438520638
-4.11087386433725
-4.11087386433725
-4.11087386433725
-4.11087386433725
-4.11087386433725
-4.11087386433725
-4.11087386433725
-4.11087386433725
-6.51914733745367
-6.03308624573166
-4.11087386433725
-4.11087386433725
-22.5315546082896
-4.11087386433725
-4.11087386433725
-4.11087386433725
-4.11087386433725
-4.11087386433725
-4.11087386433725
-4.11087386433725
-4.11087386433725
-4.11087386433725
-4.11087386433725
-4.11087386433725
-4.11087386433725
-4.11087386433725
-4.11087386433725
-4.11087386433725
-4.11087386433725
-4.11087386433725
-4.8040210563726
-4.11087386433725
-4.11087386433725
-5.11198779871799
-4.34380542406147
-4.12713438520638
-4.11087386433725
-4.11087386433725
-4.11087386433725
-4.11087386433725
-4.12713438859348
-4.11087386433725
-4.11087386433725
-5.88610404711682
-6.26339827752496
-4.33073336541791
-4.11087386433725
-4.11087386433725
-4.11087386433725
-4.12713438520638
-4.11087386433725
-4.11087386433725
-4.11087386433725
-4.11087386433725
-4.11087386433725
-4.11087386433725
-4.11087386433725
-4.11087386433725
-4.12713438520638
-4.12713438520638
-4.11087386433725
-4.11087386433725
-4.11087386433725
-4.11087386433725
-4.11087386433725
-4.11087386433725
-4.11087386433725
-4.11087386433725
-6.51914733745367
-6.03308624573166
-4.11087386433725
-4.11087386433725
-4.11087386433725
-22.5315546082896
-4.11087386433725
-4.11087386433725
-4.11087386433725
-4.11087386433725
-4.11087386433725
-4.11087386433725
-4.11087386433725
-4.11087386433725
-4.11087386433725
-4.11087386433725
-4.11087386433725
-4.11087386433725
-4.11087386433725
-4.11087386433725
-4.11087386433725
-4.11087386433725
-4.8040210563726
-4.11087386433725
-4.11087386433725
-5.11198779871799
-4.34380542406147
-4.12713438520638
-4.11087386433725
-4.11087386433725
-4.11087386433725
-4.11087386433725
-4.12713438859348
-4.11087386433725
-4.11087386433725
-5.88610404711682
-6.26339827752496
-4.33073336541791
-4.11087386433725
-4.11087386433725
-4.11087386433725
-4.12713438520638
-4.11087386433725
-4.11087386433725
-4.11087386433725
-4.11087386433725
-4.11087386433725
-4.11087386433725
-4.11087386433725
-4.11087386433725
-4.12713438520638
-4.12713438520638
-4.11087386433725
-4.11087386433725
-4.11087386433725
-4.11087386433725
-4.11087386433725
-4.11087386433725
-4.11087386433725
-4.11087386433725
-6.51914733745367
-6.03308624573166
-4.11087386433725
-4.11087386433725
-4.11087386433725
-4.11087386433725
-22.5315546082896
-4.11087386433725
-4.11087386433725
-4.11087386433725
-4.11087386433725
-4.11087386433725
-4.11087386433725
-4.11087386433725
-4.11087386433725
-4.11087386433725
-4.11087386433725
-4.11087386433725
-4.11087386433725
-4.11087386433725
-4.11087386433725
-4.11087386433725
-4.8040210563726
-4.11087386433725
-4.11087386433725
-5.11198779871799
-4.34380542406147
-4.12713438520638
-4.11087386433725
-4.11087386433725
-4.11087386433725
-4.11087386433725
-4.12713438859348
-4.11087386433725
-4.11087386433725
-5.88610404711682
-6.26339827752496
-4.33073336541791
-4.11087386433725
-4.11087386433725
-4.11087386433725
-4.12713438520638
-4.11087386433725
-4.11087386433725
-4.11087386433725
-4.11087386433725
-4.11087386433725
-4.11087386433725
-4.11087386433725
-4.11087386433725
-4.12713438520638
-4.12713438520638
-4.11087386433725
-4.11087386433725
-4.11087386433725
-4.11087386433725
-4.11087386433725
-4.11087386433725
-4.11087386433725
-4.11087386433725
-6.51914733745367
-6.03308624573166
-4.11087386433725
-4.11087386433725
-4.11087386433725
-4.11087386433725
-4.11087386433725
-22.5315546082896
-4.11087386433725
-4.11087386433725
-4.11087386433725
-4.11087386433725
-4.11087386433725
-4.11087386433725
-4.11087386433725
-4.11087386433725
-4.11087386433725
-4.11087386433725
-4.11087386433725
-4.11087386433725
-4.11087386433725
-4.11087386433725
-4.8040210563726
-4.11087386433725
-4.11087386433725
-5.11198779871799
-4.34380542406147
-4.12713438520638
-4.11087386433725
-4.11087386433725
-4.11087386433725
-4.11087386433725
-4.12713438859348
-4.11087386433725
-4.11087386433725
-5.88610404711682
-6.26339827752496
-4.33073336541791
-4.11087386433725
-4.11087386433725
-4.11087386433725
-4.12713438520638
-4.11087386433725
-4.11087386433725
-4.11087386433725
-4.11087386433725
-4.11087386433725
-4.11087386433725
-4.11087386433725
-4.11087386433725
-4.12713438520638
-4.12713438520638
-4.11087386433725
-4.11087386433725
-4.11087386433725
-4.11087386433725
-4.11087386433725
-4.11087386433725
-4.11087386433725
-4.11087386433725
-6.51914733745367
-6.03308624573166
-4.11087386433725
-4.11087386433725
-4.11087386433725
-4.11087386433725
-4.11087386433725
-4.11087386433725
-22.5315546082896
-4.11087386433725
-4.11087386433725
-4.11087386433725
-4.11087386433725
-4.11087386433725
-4.11087386433725
-4.11087386433725
-4.11087386433725
-4.11087386433725
-4.11087386433725
-4.11087386433725
-4.11087386433725
-4.11087386433725
-4.8040210563726
-4.11087386433725
-4.11087386433725
-5.11198779871799
-4.34380542406147
-4.12713438520638
-4.11087386433725
-4.11087386433725
-4.11087386433725
-4.11087386433725
-4.12713438859348
-4.11087386433725
-4.11087386433725
-5.88610404711682
-6.26339827752496
-4.33073336541791
-4.11087386433725
-4.11087386433725
-4.11087386433725
-4.12713438520638
-4.11087386433725
-4.11087386433725
-4.11087386433725
-4.11087386433725
-4.11087386433725
-4.11087386433725
-4.11087386433725
-4.11087386433725
-4.12713438520638
-4.12713438520638
-4.11087386433725
-4.11087386433725
-4.11087386433725
-4.11087386433725
-4.11087386433725
-4.11087386433725
-4.11087386433725
-4.11087386433725
-6.51914733745367
-6.03308624573166
-4.11087386433725
-4.11087386433725
-4.11087386433725
-4.11087386433725
-4.11087386433725
-4.11087386433725
-4.11087386433725
-22.5315546082896
-4.11087386433725
-4.11087386433725
-4.11087386433725
-4.11087386433725
-4.11087386433725
-4.11087386433725
-4.11087386433725
-4.11087386433725
-4.11087386433725
-4.11087386433725
-4.11087386433725
-4.11087386433725
-4.8040210563726
-4.11087386433725
-4.11087386433725
-5.11198779871799
-4.34380542406147
-4.12713438520638
-4.11087386433725
-4.11087386433725
-4.11087386433725
-4.11087386433725
-4.12713438859348
-4.11087386433725
-4.11087386433725
-5.88610404711682
-6.26339827752496
-4.33073336541791
-4.11087386433725
-4.11087386433725
-4.11087386433725
-4.12713438520638
-4.11087386433725
-4.11087386433725
-4.11087386433725
-4.11087386433725
-4.11087386433725
-4.11087386433725
-4.11087386433725
-4.11087386433725
-4.12713438520638
-4.12713438520638
-4.11087386433725
-4.11087386433725
-4.11087386433725
-4.11087386433725
-4.11087386433725
-4.11087386433725
-4.11087386433725
-4.11087386433725
-6.51914733745367
-6.03308624573166
-4.11087386433725
-4.11087386433725
-4.11087386433725
-4.11087386433725
-4.11087386433725
-4.11087386433725
-4.11087386433725
-4.11087386433725
-22.5315546082896
-4.11087386433725
-4.11087386433725
-4.11087386433725
-4.11087386433725
-4.11087386433725
-4.11087386433725
-4.11087386433725
-4.11087386433725
-4.11087386433725
-4.11087386433725
-4.11087386433725
-4.8040210563726
-4.11087386433725
-4.11087386433725
-5.11198779871799
-4.34380542406147
-4.12713438520638
-4.11087386433725
-4.11087386433725
-4.11087386433725
-4.11087386433725
-4.12713438859348
-4.11087386433725
-4.11087386433725
-5.88610404711682
-6.26339827752496
-4.33073336541791
-4.11087386433725
-4.11087386433725
-4.11087386433725
-4.12713438520638
-4.11087386433725
-4.11087386433725
-4.11087386433725
-4.11087386433725
-4.11087386433725
-4.11087386433725
-4.11087386433725
-4.11087386433725
-4.12713438520638
-4.12713438520638
-4.11087386433725
-4.11087386433725
-4.11087386433725
-4.11087386433725
-4.11087386433725
-4.11087386433725
-4.11087386433725
-4.11087386433725
-6.51914733745367
-6.03308624573166
-4.11087386433725
-4.11087386433725
-4.11087386433725
-4.11087386433725
-4.11087386433725
-4.11087386433725
-4.11087386433725
-4.11087386433725
-4.11087386433725
-22.5315546082896
-4.11087386433725
-4.11087386433725
-4.11087386433725
-4.11087386433725
-4.11087386433725
-4.11087386433725
-4.11087386433725
-4.11087386433725
-4.11087386433725
-4.11087386433725
-4.8040210563726
-4.11087386433725
-4.11087386433725
-5.11198779871799
-4.34380542406147
-4.12713438520638
-4.11087386433725
-4.11087386433725
-4.11087386433725
-4.11087386433725
-4.12713438859348
-4.11087386433725
-4.11087386433725
-5.88610404711682
-6.26339827752496
-4.33073336541791
-4.11087386433725
-4.11087386433725
-4.11087386433725
-4.12713438520638
-4.11087386433725
-4.11087386433725
-4.11087386433725
-4.11087386433725
-4.11087386433725
-4.11087386433725
-4.11087386433725
-4.11087386433725
-4.12713438520638
-4.12713438520638
-4.11087386433725
-4.11087386433725
-4.11087386433725
-4.11087386433725
-4.11087386433725
-4.11087386433725
-4.11087386433725
-4.11087386433725
-6.51914733745367
-6.03308624573166
-4.11087386433725
-4.11087386433725
-4.11087386433725
-4.11087386433725
-4.11087386433725
-4.11087386433725
-4.11087386433725
-4.11087386433725
-4.11087386433725
-4.11087386433725
-22.5315546082896
-4.11087386433725
-4.11087386433725
-4.11087386433725
-4.11087386433725
-4.11087386433725
-4.11087386433725
-4.11087386433725
-4.11087386433725
-4.11087386433725
-4.8040210563726
-4.11087386433725
-4.11087386433725
-5.11198779871799
-4.34380542406147
-4.12713438520638
-4.11087386433725
-4.11087386433725
-4.11087386433725
-4.11087386433725
-4.12713438859348
-4.11087386433725
-4.11087386433725
-5.88610404711682
-6.26339827752496
-4.33073336541791
-4.11087386433725
-4.11087386433725
-4.11087386433725
-4.12713438520638
-4.11087386433725
-4.11087386433725
-4.11087386433725
-4.11087386433725
-4.11087386433725
-4.11087386433725
-4.11087386433725
-4.11087386433725
-4.12713438520638
-4.12713438520638
-4.11087386433725
-4.11087386433725
-4.11087386433725
-4.11087386433725
-4.11087386433725
-4.11087386433725
-4.11087386433725
-4.11087386433725
-6.51914733745367
-6.03308624573166
-4.11087386433725
-4.11087386433725
-4.11087386433725
-4.11087386433725
-4.11087386433725
-4.11087386433725
-4.11087386433725
-4.11087386433725
-4.11087386433725
-4.11087386433725
-4.11087386433725
-22.5315546082896
-4.11087386433725
-4.11087386433725
-4.11087386433725
-4.11087386433725
-4.11087386433725
-4.11087386433725
-4.11087386433725
-4.11087386433725
-4.8040210563726
-4.11087386433725
-4.11087386433725
-5.11198779871799
-4.34380542406147
-4.12713438520638
-4.11087386433725
-4.11087386433725
-4.11087386433725
-4.11087386433725
-4.12713438859348
-4.11087386433725
-4.11087386433725
-5.88610404711682
-6.26339827752496
-4.33073336541791
-4.11087386433725
-4.11087386433725
-4.11087386433725
-4.12713438520638
-4.11087386433725
-4.11087386433725
-4.11087386433725
-4.11087386433725
-4.11087386433725
-4.11087386433725
-4.11087386433725
-4.11087386433725
-4.12713438520638
-4.12713438520638
-4.11087386433725
-4.11087386433725
-4.11087386433725
-4.11087386433725
-4.11087386433725
-4.11087386433725
-4.11087386433725
-4.11087386433725
-6.51914733745367
-6.03308624573166
-4.11087386433725
-4.11087386433725
-4.11087386433725
-4.11087386433725
-4.11087386433725
-4.11087386433725
-4.11087386433725
-4.11087386433725
-4.11087386433725
-4.11087386433725
-4.11087386433725
-4.11087386433725
-22.5315546082896
-4.11087386433725
-4.11087386433725
-4.11087386433725
-4.11087386433725
-4.11087386433725
-4.11087386433725
-4.11087386433725
-4.8040210563726
-4.11087386433725
-4.11087386433725
-5.11198779871799
-4.34380542406147
-4.12713438520638
-4.11087386433725
-4.11087386433725
-4.11087386433725
-4.11087386433725
-4.12713438859348
-4.11087386433725
-4.11087386433725
-5.88610404711682
-6.26339827752496
-4.33073336541791
-4.11087386433725
-4.11087386433725
-4.11087386433725
-4.12713438520638
-4.11087386433725
-4.11087386433725
-4.11087386433725
-4.11087386433725
-4.11087386433725
-4.11087386433725
-4.11087386433725
-4.11087386433725
-4.12713438520638
-4.12713438520638
-4.11087386433725
-4.11087386433725
-4.11087386433725
-4.11087386433725
-4.11087386433725
-4.11087386433725
-4.11087386433725
-4.11087386433725
-6.51914733745367
-6.03308624573166
-4.11087386433725
-4.11087386433725
-4.11087386433725
-4.11087386433725
-4.11087386433725
-4.11087386433725
-4.11087386433725
-4.11087386433725
-4.11087386433725
-4.11087386433725
-4.11087386433725
-4.11087386433725
-4.11087386433725
-22.5315546082896
-4.11087386433725
-4.11087386433725
-4.11087386433725
-4.11087386433725
-4.11087386433725
-4.11087386433725
-4.8040210563726
-4.11087386433725
-4.11087386433725
-5.11198779871799
-4.34380542406147
-4.12713438520638
-4.11087386433725
-4.11087386433725
-4.11087386433725
-4.11087386433725
-4.12713438859348
-4.11087386433725
-4.11087386433725
-5.88610404711682
-6.26339827752496
-4.33073336541791
-4.11087386433725
-4.11087386433725
-4.11087386433725
-4.12713438520638
-4.11087386433725
-4.11087386433725
-4.11087386433725
-4.11087386433725
-4.11087386433725
-4.11087386433725
-4.11087386433725
-4.11087386433725
-4.12713438520638
-4.12713438520638
-4.11087386433725
-4.11087386433725
-4.11087386433725
-4.11087386433725
-4.11087386433725
-4.11087386433725
-4.11087386433725
-4.11087386433725
-6.51914733745367
-6.03308624573166
-4.11087386433725
-4.11087386433725
-4.11087386433725
-4.11087386433725
-4.11087386433725
-4.11087386433725
-4.11087386433725
-4.11087386433725
-4.11087386433725
-4.11087386433725
-4.11087386433725
-4.11087386433725
-4.11087386433725
-4.11087386433725
-22.5315546082896
-4.11087386433725
-4.11087386433725
-4.11087386433725
-4.11087386433725
-4.11087386433725
-4.8040210563726
-4.11087386433725
-4.11087386433725
-5.11198779871799
-4.34380542406147
-4.12713438520638
-4.11087386433725
-4.11087386433725
-4.11087386433725
-4.11087386433725
-4.12713438859348
-4.11087386433725
-4.11087386433725
-5.88610404711682
-6.26339827752496
-4.33073336541791
-4.11087386433725
-4.11087386433725
-4.11087386433725
-4.12713438520638
-4.11087386433725
-4.11087386433725
-4.11087386433725
-4.11087386433725
-4.11087386433725
-4.11087386433725
-4.11087386433725
-4.11087386433725
-4.12713438520638
-4.12713438520638
-4.11087386433725
-4.11087386433725
-4.11087386433725
-4.11087386433725
-4.11087386433725
-4.11087386433725
-4.11087386433725
-4.11087386433725
-6.51914733745367
-6.03308624573166
-4.11087386433725
-4.11087386433725
-4.11087386433725
-4.11087386433725
-4.11087386433725
-4.11087386433725
-4.11087386433725
-4.11087386433725
-4.11087386433725
-4.11087386433725
-4.11087386433725
-4.11087386433725
-4.11087386433725
-4.11087386433725
-4.11087386433725
-22.5315546082896
-4.11087386433725
-4.11087386433725
-4.11087386433725
-4.11087386433725
-4.8040210563726
-4.11087386433725
-4.11087386433725
-5.11198779871799
-4.34380542406147
-4.12713438520638
-4.11087386433725
-4.11087386433725
-4.11087386433725
-4.11087386433725
-4.12713438859348
-4.11087386433725
-4.11087386433725
-5.88610404711682
-6.26339827752496
-4.33073336541791
-4.11087386433725
-4.11087386433725
-4.11087386433725
-4.12713438520638
-4.11087386433725
-4.11087386433725
-4.11087386433725
-4.11087386433725
-4.11087386433725
-4.11087386433725
-4.11087386433725
-4.11087386433725
-4.12713438520638
-4.12713438520638
-4.11087386433725
-4.11087386433725
-4.11087386433725
-4.11087386433725
-4.11087386433725
-4.11087386433725
-4.11087386433725
-4.11087386433725
-6.51914733745367
-6.03308624573166
-4.11087386433725
-4.11087386433725
-4.11087386433725
-4.11087386433725
-4.11087386433725
-4.11087386433725
-4.11087386433725
-4.11087386433725
-4.11087386433725
-4.11087386433725
-4.11087386433725
-4.11087386433725
-4.11087386433725
-4.11087386433725
-4.11087386433725
-4.11087386433725
-22.5315546082896
-4.11087386433725
-4.11087386433725
-4.11087386433725
-4.8040210563726
-4.11087386433725
-4.11087386433725
-5.11198779871799
-4.34380542406147
-4.12713438520638
-4.11087386433725
-4.11087386433725
-4.11087386433725
-4.11087386433725
-4.12713438859348
-4.11087386433725
-4.11087386433725
-5.88610404711682
-6.26339827752496
-4.33073336541791
-4.11087386433725
-4.11087386433725
-4.11087386433725
-4.12713438520638
-4.11087386433725
-4.11087386433725
-4.11087386433725
-4.11087386433725
-4.11087386433725
-4.11087386433725
-4.11087386433725
-4.11087386433725
-4.12713438520638
-4.12713438520638
-4.11087386433725
-4.11087386433725
-4.11087386433725
-4.11087386433725
-4.11087386433725
-4.11087386433725
-4.11087386433725
-4.11087386433725
-6.51914733745367
-6.03308624573166
-4.11087386433725
-4.11087386433725
-4.11087386433725
-4.11087386433725
-4.11087386433725
-4.11087386433725
-4.11087386433725
-4.11087386433725
-4.11087386433725
-4.11087386433725
-4.11087386433725
-4.11087386433725
-4.11087386433725
-4.11087386433725
-4.11087386433725
-4.11087386433725
-4.11087386433725
-22.5315546082896
-4.11087386433725
-4.11087386433725
-4.8040210563726
-4.11087386433725
-4.11087386433725
-5.11198779871799
-4.34380542406147
-4.12713438520638
-4.11087386433725
-4.11087386433725
-4.11087386433725
-4.11087386433725
-4.12713438859348
-4.11087386433725
-4.11087386433725
-5.88610404711682
-6.26339827752496
-4.33073336541791
-4.11087386433725
-4.11087386433725
-4.11087386433725
-4.12713438520638
-4.11087386433725
-4.11087386433725
-4.11087386433725
-4.11087386433725
-4.11087386433725
-4.11087386433725
-4.11087386433725
-4.11087386433725
-4.12713438520638
-4.12713438520638
-4.11087386433725
-4.11087386433725
-4.11087386433725
-4.11087386433725
-4.11087386433725
-4.11087386433725
-4.11087386433725
-4.11087386433725
-6.51914733745367
-6.03308624573166
-4.11087386433725
-4.11087386433725
-4.11087386433725
-4.11087386433725
-4.11087386433725
-4.11087386433725
-4.11087386433725
-4.11087386433725
-4.11087386433725
-4.11087386433725
-4.11087386433725
-4.11087386433725
-4.11087386433725
-4.11087386433725
-4.11087386433725
-4.11087386433725
-4.11087386433725
-4.11087386433725
-22.5315546082896
-4.11087386433725
-4.8040210563726
-4.11087386433725
-4.11087386433725
-5.11198779871799
-4.34380542406147
-4.12713438520638
-4.11087386433725
-4.11087386433725
-4.11087386433725
-4.11087386433725
-4.12713438859348
-4.11087386433725
-4.11087386433725
-5.88610404711682
-6.26339827752496
-4.33073336541791
-4.11087386433725
-4.11087386433725
-4.11087386433725
-4.12713438520638
-4.11087386433725
-4.11087386433725
-4.11087386433725
-4.11087386433725
-4.11087386433725
-4.11087386433725
-4.11087386433725
-4.11087386433725
-4.12713438520638
-4.12713438520638
-4.11087386433725
-4.11087386433725
-4.11087386433725
-4.11087386433725
-4.11087386433725
-4.11087386433725
-4.11087386433725
-4.11087386433725
-6.51914733745367
-6.03308624573166
-4.11087386433725
-4.11087386433725
-4.11087386433725
-4.11087386433725
-4.11087386433725
-4.11087386433725
-4.11087386433725
-4.11087386433725
-4.11087386433725
-4.11087386433725
-4.11087386433725
-4.11087386433725
-4.11087386433725
-4.11087386433725
-4.11087386433725
-4.11087386433725
-4.11087386433725
-4.11087386433725
-4.11087386433725
-22.5315546082896
-4.8040210563726
-4.11087386433725
-4.11087386433725
-5.11198779871799
-4.34380542406147
-4.12713438520638
-4.11087386433725
-4.11087386433725
-4.11087386433725
-4.11087386433725
-4.12713438859348
-4.11087386433725
-4.11087386433725
-5.88610404711682
-6.26339827752496
-4.33073336541791
-4.11087386433725
-4.11087386433725
-4.11087386433725
-4.12713438520638
-4.11087386433725
-4.11087386433725
-4.11087386433725
-4.11087386433725
-4.11087386433725
-4.11087386433725
-4.11087386433725
-4.11087386433725
-4.12713438520638
-3.43398720464644
-4.11087386433725
-4.11087386433725
-4.11087386433725
-4.11087386433725
-4.11087386433725
-4.11087386433725
-4.11087386433725
-4.11087386433725
-3.81109713635146
-3.73050115273761
-4.11087386433725
-4.11087386433725
-4.11087386433725
-4.11087386433725
-4.11087386433725
-4.11087386433725
-4.11087386433725
-4.11087386433725
-4.11087386433725
-4.11087386433725
-4.11087386433725
-4.11087386433725
-4.11087386433725
-4.11087386433725
-4.11087386433725
-4.11087386433725
-4.11087386433725
-4.11087386433725
-4.11087386433725
-4.11087386433725
-18.2688747427237
-4.11087386433725
-4.11087386433725
-4.01337551004988
-4.34380542406147
-4.12713438520638
-4.11087386433725
-4.11087386433725
-4.11087386433725
-4.11087386433725
-4.12713438859348
-4.11087386433725
-4.11087386433725
-4.78749175844871
-3.77849162773696
-2.25129182373807
-4.11087386433725
-4.11087386433725
-4.11087386433725
-4.12713438520638
-4.11087386433725
-4.11087386433725
-4.11087386433725
-4.11087386433725
-4.11087386433725
-4.11087386433725
-4.11087386433725
-4.11087386433725
-4.12713438520638
-4.12713438520638
-4.11087386433725
-4.11087386433725
-4.11087386433725
-4.11087386433725
-4.11087386433725
-4.11087386433725
-4.11087386433725
-4.11087386433725
-6.51914733745367
-6.03308624573166
-4.11087386433725
-4.11087386433725
-4.11087386433725
-4.11087386433725
-4.11087386433725
-4.11087386433725
-4.11087386433725
-4.11087386433725
-4.11087386433725
-4.11087386433725
-4.11087386433725
-4.11087386433725
-4.11087386433725
-4.11087386433725
-4.11087386433725
-4.11087386433725
-4.11087386433725
-4.11087386433725
-4.11087386433725
-4.11087386433725
-4.8040210563726
-22.5315546082896
-4.11087386433725
-5.11198779871799
-4.34380542406147
-4.12713438520638
-4.11087386433725
-4.11087386433725
-4.11087386433725
-4.11087386433725
-4.12713438859348
-4.11087386433725
-4.11087386433725
-5.88610404711682
-6.26339827752496
-4.33073336541791
-4.11087386433725
-4.11087386433725
-4.11087386433725
-4.12713438520638
-4.11087386433725
-4.11087386433725
-4.11087386433725
-4.11087386433725
-4.11087386433725
-4.11087386433725
-4.11087386433725
-4.11087386433725
-4.12713438520638
-4.12713438520638
-4.11087386433725
-4.11087386433725
-4.11087386433725
-4.11087386433725
-4.11087386433725
-4.11087386433725
-4.11087386433725
-4.11087386433725
-6.51914733745367
-6.03308624573166
-4.11087386433725
-4.11087386433725
-4.11087386433725
-4.11087386433725
-4.11087386433725
-4.11087386433725
-4.11087386433725
-4.11087386433725
-4.11087386433725
-4.11087386433725
-4.11087386433725
-4.11087386433725
-4.11087386433725
-4.11087386433725
-4.11087386433725
-4.11087386433725
-4.11087386433725
-4.11087386433725
-4.11087386433725
-4.11087386433725
-4.8040210563726
-4.11087386433725
-22.5315546082896
-5.11198779871799
-4.34380542406147
-4.12713438520638
-4.11087386433725
-4.11087386433725
-4.11087386433725
-4.11087386433725
-4.12713438859348
-4.11087386433725
-4.11087386433725
-5.88610404711682
-6.26339827752496
-4.33073336541791
-4.11087386433725
-4.11087386433725
-4.11087386433725
-4.12713438520638
-4.11087386433725
-4.11087386433725
-4.11087386433725
-4.11087386433725
-4.11087386433725
-4.11087386433725
-4.11087386433725
-4.11087386433725
-4.12713438520638
-4.12713438520638
-4.11087386433725
-4.11087386433725
-4.11087386433725
-4.11087386433725
-4.11087386433725
-4.11087386433725
-4.11087386433725
-4.11087386433725
-3.1518515074672
-6.03308624573166
-4.11087386433725
-4.11087386433725
-4.11087386433725
-4.11087386433725
-4.11087386433725
-4.11087386433725
-4.11087386433725
-4.11087386433725
-4.11087386433725
-4.11087386433725
-4.11087386433725
-4.11087386433725
-4.11087386433725
-4.11087386433725
-4.11087386433725
-4.11087386433725
-4.11087386433725
-4.11087386433725
-4.11087386433725
-4.11087386433725
-4.8040210563726
-4.11087386433725
-4.11087386433725
-18.3851740658569
-4.34380542406147
-4.12713438520638
-4.11087386433725
-4.11087386433725
-4.11087386433725
-4.11087386433725
-4.12713438859348
-4.11087386433725
-4.11087386433725
-4.27666613468272
-4.4716388082969
-4.33073336541791
-4.11087386433725
-4.11087386433725
-4.11087386433725
-4.12713438520638
-4.11087386433725
-4.11087386433725
-4.11087386433725
-4.11087386433725
-4.11087386433725
-4.11087386433725
-4.11087386433725
-4.11087386433725
-4.12713438520638
-4.12713438520638
-4.11087386433725
-4.11087386433725
-4.11087386433725
-4.11087386433725
-4.11087386433725
-4.11087386433725
-4.11087386433725
-4.11087386433725
-5.13285297633378
-5.33993906517171
-4.11087386433725
-4.11087386433725
-4.11087386433725
-4.11087386433725
-4.11087386433725
-4.11087386433725
-4.11087386433725
-4.11087386433725
-4.11087386433725
-4.11087386433725
-4.11087386433725
-4.11087386433725
-4.11087386433725
-4.11087386433725
-4.11087386433725
-4.11087386433725
-4.11087386433725
-4.11087386433725
-4.11087386433725
-4.11087386433725
-4.8040210563726
-4.11087386433725
-4.11087386433725
-5.11198779871799
-19.9312728239576
-4.12713438520638
-4.11087386433725
-4.11087386433725
-4.11087386433725
-4.11087386433725
-4.12713438859348
-4.11087386433725
-4.11087386433725
-5.88610404711682
-6.26339827752496
-4.33073336541791
-4.11087386433725
-4.11087386433725
-4.11087386433725
-4.12713438520638
-4.11087386433725
-4.11087386433725
-4.11087386433725
-4.11087386433725
-4.11087386433725
-4.11087386433725
-4.11087386433725
-4.11087386433725
-4.12713438520638
-4.12713438520638
-4.11087386433725
-4.11087386433725
-4.11087386433725
-4.11087386433725
-4.11087386433725
-4.11087386433725
-4.11087386433725
-4.11087386433725
-6.51914733745367
-5.33993906517171
-4.11087386433725
-4.11087386433725
-4.11087386433725
-4.11087386433725
-4.11087386433725
-4.11087386433725
-4.11087386433725
-4.11087386433725
-4.11087386433725
-4.11087386433725
-4.11087386433725
-4.11087386433725
-4.11087386433725
-4.11087386433725
-4.11087386433725
-4.11087386433725
-4.11087386433725
-4.11087386433725
-4.11087386433725
-4.11087386433725
-4.8040210563726
-4.11087386433725
-4.11087386433725
-5.11198779871799
-4.34380542406147
-22.5478151291587
-4.11087386433725
-4.11087386433725
-4.11087386433725
-4.11087386433725
-4.12713438859348
-4.11087386433725
-4.11087386433725
-5.88610404711682
-6.26339827752496
-4.33073336541791
-4.11087386433725
-4.11087386433725
-4.11087386433725
-4.12713438520638
-4.11087386433725
-4.11087386433725
-4.11087386433725
-4.11087386433725
-4.11087386433725
-4.11087386433725
-4.11087386433725
-4.11087386433725
-4.12713438520638
-4.12713438520638
-4.11087386433725
-4.11087386433725
-4.11087386433725
-4.11087386433725
-4.11087386433725
-4.11087386433725
-4.11087386433725
-4.11087386433725
-6.51914733745367
-6.03308624573166
-4.11087386433725
-4.11087386433725
-4.11087386433725
-4.11087386433725
-4.11087386433725
-4.11087386433725
-4.11087386433725
-4.11087386433725
-4.11087386433725
-4.11087386433725
-4.11087386433725
-4.11087386433725
-4.11087386433725
-4.11087386433725
-4.11087386433725
-4.11087386433725
-4.11087386433725
-4.11087386433725
-4.11087386433725
-4.11087386433725
-4.8040210563726
-4.11087386433725
-4.11087386433725
-5.11198779871799
-4.34380542406147
-4.12713438520638
-22.5315546082896
-4.11087386433725
-4.11087386433725
-4.11087386433725
-4.12713438859348
-4.11087386433725
-4.11087386433725
-5.88610404711682
-6.26339827752496
-4.33073336541791
-4.11087386433725
-4.11087386433725
-4.11087386433725
-4.12713438520638
-4.11087386433725
-4.11087386433725
-4.11087386433725
-4.11087386433725
-4.11087386433725
-4.11087386433725
-4.11087386433725
-4.11087386433725
-4.12713438520638
-4.12713438520638
-4.11087386433725
-4.11087386433725
-4.11087386433725
-4.11087386433725
-4.11087386433725
-4.11087386433725
-4.11087386433725
-4.11087386433725
-6.51914733745367
-6.03308624573166
-4.11087386433725
-4.11087386433725
-4.11087386433725
-4.11087386433725
-4.11087386433725
-4.11087386433725
-4.11087386433725
-4.11087386433725
-4.11087386433725
-4.11087386433725
-4.11087386433725
-4.11087386433725
-4.11087386433725
-4.11087386433725
-4.11087386433725
-4.11087386433725
-4.11087386433725
-4.11087386433725
-4.11087386433725
-4.11087386433725
-4.8040210563726
-4.11087386433725
-4.11087386433725
-5.11198779871799
-4.34380542406147
-4.12713438520638
-4.11087386433725
-22.5315546082896
-4.11087386433725
-4.11087386433725
-4.12713438859348
-4.11087386433725
-4.11087386433725
-5.88610404711682
-6.26339827752496
-4.33073336541791
-4.11087386433725
-4.11087386433725
-4.11087386433725
-4.12713438520638
-4.11087386433725
-4.11087386433725
-4.11087386433725
-4.11087386433725
-4.11087386433725
-4.11087386433725
-4.11087386433725
-4.11087386433725
-4.12713438520638
-4.12713438520638
-4.11087386433725
-4.11087386433725
-4.11087386433725
-4.11087386433725
-4.11087386433725
-4.11087386433725
-4.11087386433725
-4.11087386433725
-6.51914733745367
-6.03308624573166
-4.11087386433725
-4.11087386433725
-4.11087386433725
-4.11087386433725
-4.11087386433725
-4.11087386433725
-4.11087386433725
-4.11087386433725
-4.11087386433725
-4.11087386433725
-4.11087386433725
-4.11087386433725
-4.11087386433725
-4.11087386433725
-4.11087386433725
-4.11087386433725
-4.11087386433725
-4.11087386433725
-4.11087386433725
-4.11087386433725
-4.8040210563726
-4.11087386433725
-4.11087386433725
-5.11198779871799
-4.34380542406147
-4.12713438520638
-4.11087386433725
-4.11087386433725
-22.5315546082896
-4.11087386433725
-4.12713438859348
-4.11087386433725
-4.11087386433725
-5.88610404711682
-6.26339827752496
-4.33073336541791
-4.11087386433725
-4.11087386433725
-4.11087386433725
-4.12713438520638
-4.11087386433725
-4.11087386433725
-4.11087386433725
-4.11087386433725
-4.11087386433725
-4.11087386433725
-4.11087386433725
-4.11087386433725
-4.12713438520638
-4.12713438520638
-4.11087386433725
-4.11087386433725
-4.11087386433725
-4.11087386433725
-4.11087386433725
-4.11087386433725
-4.11087386433725
-4.11087386433725
-6.51914733745367
-6.03308624573166
-4.11087386433725
-4.11087386433725
-4.11087386433725
-4.11087386433725
-4.11087386433725
-4.11087386433725
-4.11087386433725
-4.11087386433725
-4.11087386433725
-4.11087386433725
-4.11087386433725
-4.11087386433725
-4.11087386433725
-4.11087386433725
-4.11087386433725
-4.11087386433725
-4.11087386433725
-4.11087386433725
-4.11087386433725
-4.11087386433725
-4.8040210563726
-4.11087386433725
-4.11087386433725
-5.11198779871799
-4.34380542406147
-4.12713438520638
-4.11087386433725
-4.11087386433725
-4.11087386433725
-22.5315546082896
-4.12713438859348
-4.11087386433725
-4.11087386433725
-5.88610404711682
-6.26339827752496
-4.33073336541791
-4.11087386433725
-4.11087386433725
-4.11087386433725
-4.12713438520638
-4.11087386433725
-4.11087386433725
-4.11087386433725
-4.11087386433725
-4.11087386433725
-4.11087386433725
-4.11087386433725
-4.11087386433725
-4.12713438520638
-4.12713438520638
-4.11087386433725
-4.11087386433725
-4.11087386433725
-4.11087386433725
-4.11087386433725
-4.11087386433725
-4.11087386433725
-4.11087386433725
-6.51914733745367
-6.03308624573166
-4.11087386433725
-4.11087386433725
-4.11087386433725
-4.11087386433725
-4.11087386433725
-4.11087386433725
-4.11087386433725
-4.11087386433725
-4.11087386433725
-4.11087386433725
-4.11087386433725
-4.11087386433725
-4.11087386433725
-4.11087386433725
-4.11087386433725
-4.11087386433725
-4.11087386433725
-4.11087386433725
-4.11087386433725
-4.11087386433725
-4.8040210563726
-4.11087386433725
-4.11087386433725
-5.11198779871799
-4.34380542406147
-4.12713438520638
-4.11087386433725
-4.11087386433725
-4.11087386433725
-4.11087386433725
-19.4567726791875
-4.11087386433725
-4.11087386433725
-5.19295686655688
-6.26339827752496
-4.33073336541791
-4.11087386433725
-4.11087386433725
-4.11087386433725
-4.12713438520638
-4.11087386433725
-4.11087386433725
-4.11087386433725
-4.11087386433725
-4.11087386433725
-4.11087386433725
-4.11087386433725
-4.11087386433725
-4.12713438520638
-4.12713438520638
-4.11087386433725
-4.11087386433725
-4.11087386433725
-4.11087386433725
-4.11087386433725
-4.11087386433725
-4.11087386433725
-4.11087386433725
-6.51914733745367
-6.03308624573166
-4.11087386433725
-4.11087386433725
-4.11087386433725
-4.11087386433725
-4.11087386433725
-4.11087386433725
-4.11087386433725
-4.11087386433725
-4.11087386433725
-4.11087386433725
-4.11087386433725
-4.11087386433725
-4.11087386433725
-4.11087386433725
-4.11087386433725
-4.11087386433725
-4.11087386433725
-4.11087386433725
-4.11087386433725
-4.11087386433725
-4.8040210563726
-4.11087386433725
-4.11087386433725
-5.11198779871799
-4.34380542406147
-4.12713438520638
-4.11087386433725
-4.11087386433725
-4.11087386433725
-4.11087386433725
-4.12713438859348
-22.5315546082896
-4.11087386433725
-5.88610404711682
-6.26339827752496
-4.33073336541791
-4.11087386433725
-4.11087386433725
-4.11087386433725
-4.12713438520638
-4.11087386433725
-4.11087386433725
-4.11087386433725
-4.11087386433725
-4.11087386433725
-4.11087386433725
-4.11087386433725
-4.11087386433725
-4.12713438520638
-4.12713438520638
-4.11087386433725
-4.11087386433725
-4.11087386433725
-4.11087386433725
-4.11087386433725
-4.11087386433725
-4.11087386433725
-4.11087386433725
-6.51914733745367
-6.03308624573166
-4.11087386433725
-4.11087386433725
-4.11087386433725
-4.11087386433725
-4.11087386433725
-4.11087386433725
-4.11087386433725
-4.11087386433725
-4.11087386433725
-4.11087386433725
-4.11087386433725
-4.11087386433725
-4.11087386433725
-4.11087386433725
-4.11087386433725
-4.11087386433725
-4.11087386433725
-4.11087386433725
-4.11087386433725
-4.11087386433725
-4.8040210563726
-4.11087386433725
-4.11087386433725
-5.11198779871799
-4.34380542406147
-4.12713438520638
-4.11087386433725
-4.11087386433725
-4.11087386433725
-4.11087386433725
-4.12713438859348
-4.11087386433725
-22.5315546082896
-5.88610404711682
-6.26339827752496
-4.33073336541791
-4.11087386433725
-4.11087386433725
-4.11087386433725
-4.12713438520638
-4.11087386433725
-4.11087386433725
-4.11087386433725
-4.11087386433725
-4.11087386433725
-4.11087386433725
-4.11087386433725
-4.11087386433725
-3.43398720464644
-4.12713438520638
-4.11087386433725
-4.11087386433725
-4.11087386433725
-4.11087386433725
-4.11087386433725
-4.11087386433725
-4.11087386433725
-4.11087386433725
-1.09861233818138
-2.10126061300733
-4.11087386433725
-4.11087386433725
-4.11087386433725
-4.11087386433725
-4.11087386433725
-4.11087386433725
-4.11087386433725
-4.11087386433725
-4.11087386433725
-4.11087386433725
-4.11087386433725
-4.11087386433725
-4.11087386433725
-4.11087386433725
-4.11087386433725
-4.11087386433725
-4.11087386433725
-4.11087386433725
-4.11087386433725
-4.11087386433725
-3.70540876770449
-4.11087386433725
-4.11087386433725
-3.50254988628389
-4.34380542406147
-4.12713438520638
-4.11087386433725
-4.11087386433725
-4.11087386433725
-4.11087386433725
-4.12713438859348
-4.11087386433725
-4.11087386433725
-17.9717305395711
-3.55534807642275
-3.2321210767498
-4.11087386433725
-4.11087386433725
-4.11087386433725
-3.43398720464644
-4.11087386433725
-4.11087386433725
-4.11087386433725
-4.11087386433725
-4.11087386433725
-4.11087386433725
-4.11087386433725
-4.11087386433725
-4.12713438520638
-4.12713438520638
-4.11087386433725
-4.11087386433725
-4.11087386433725
-4.11087386433725
-4.11087386433725
-4.11087386433725
-4.11087386433725
-4.11087386433725
-1.06382622209597
-0.754971586501138
-4.11087386433725
-4.11087386433725
-4.11087386433725
-4.11087386433725
-4.11087386433725
-4.11087386433725
-4.11087386433725
-4.11087386433725
-4.11087386433725
-4.11087386433725
-4.11087386433725
-4.11087386433725
-4.11087386433725
-4.11087386433725
-4.11087386433725
-4.11087386433725
-4.11087386433725
-4.11087386433725
-4.11087386433725
-4.11087386433725
-1.75949861864918
-4.11087386433725
-4.11087386433725
-3.16607764966268
-2.95751106294158
-4.12713438520638
-4.11087386433725
-4.11087386433725
-4.11087386433725
-4.11087386433725
-4.12713438859348
-4.11087386433725
-4.11087386433725
-4.49980968599693
-18.0196700011269
-4.33073336541791
-4.11087386433725
-4.11087386433725
-4.11087386433725
-4.12713438520638
-4.11087386433725
-4.11087386433725
-4.11087386433725
-4.11087386433725
-4.11087386433725
-4.11087386433725
-4.11087386433725
-4.11087386433725
-4.12713438520638
-4.12713438520638
-4.11087386433725
-4.11087386433725
-4.11087386433725
-4.11087386433725
-4.11087386433725
-4.11087386433725
-4.11087386433725
-4.11087386433725
-4.32192276011745
-4.08717609667634
-4.11087386433725
-4.11087386433725
-4.11087386433725
-4.11087386433725
-4.11087386433725
-4.11087386433725
-4.11087386433725
-4.11087386433725
-4.11087386433725
-4.11087386433725
-4.11087386433725
-4.11087386433725
-4.11087386433725
-4.11087386433725
-4.11087386433725
-4.11087386433725
-4.11087386433725
-4.11087386433725
-4.11087386433725
-4.11087386433725
-3.1945831439385
-4.11087386433725
-4.11087386433725
-5.11198779871799
-4.34380542406147
-4.12713438520638
-4.11087386433725
-4.11087386433725
-4.11087386433725
-4.11087386433725
-3.43398720803353
-4.11087386433725
-4.11087386433725
-5.88610404711682
-5.57025109696501
-17.4991406813236
-4.11087386433725
-4.11087386433725
-4.11087386433725
-4.12713438520638
-4.11087386433725
-4.11087386433725
-4.11087386433725
-4.11087386433725
-4.11087386433725
-4.11087386433725
-4.11087386433725
-4.11087386433725
-4.12713438520638
-4.12713438520638
-4.11087386433725
-4.11087386433725
-4.11087386433725
-4.11087386433725
-4.11087386433725
-4.11087386433725
-4.11087386433725
-4.11087386433725
-6.51914733745367
-6.03308624573166
-4.11087386433725
-4.11087386433725
-4.11087386433725
-4.11087386433725
-4.11087386433725
-4.11087386433725
-4.11087386433725
-4.11087386433725
-4.11087386433725
-4.11087386433725
-4.11087386433725
-4.11087386433725
-4.11087386433725
-4.11087386433725
-4.11087386433725
-4.11087386433725
-4.11087386433725
-4.11087386433725
-4.11087386433725
-4.11087386433725
-4.8040210563726
-4.11087386433725
-4.11087386433725
-5.11198779871799
-4.34380542406147
-4.12713438520638
-4.11087386433725
-4.11087386433725
-4.11087386433725
-4.11087386433725
-4.12713438859348
-4.11087386433725
-4.11087386433725
-5.88610404711682
-6.26339827752496
-4.33073336541791
-22.5315546082896
-4.11087386433725
-4.11087386433725
-4.12713438520638
-4.11087386433725
-4.11087386433725
-4.11087386433725
-4.11087386433725
-4.11087386433725
-4.11087386433725
-4.11087386433725
-4.11087386433725
-4.12713438520638
-4.12713438520638
-4.11087386433725
-4.11087386433725
-4.11087386433725
-4.11087386433725
-4.11087386433725
-4.11087386433725
-4.11087386433725
-4.11087386433725
-6.51914733745367
-6.03308624573166
-4.11087386433725
-4.11087386433725
-4.11087386433725
-4.11087386433725
-4.11087386433725
-4.11087386433725
-4.11087386433725
-4.11087386433725
-4.11087386433725
-4.11087386433725
-4.11087386433725
-4.11087386433725
-4.11087386433725
-4.11087386433725
-4.11087386433725
-4.11087386433725
-4.11087386433725
-4.11087386433725
-4.11087386433725
-4.11087386433725
-4.8040210563726
-4.11087386433725
-4.11087386433725
-5.11198779871799
-4.34380542406147
-4.12713438520638
-4.11087386433725
-4.11087386433725
-4.11087386433725
-4.11087386433725
-4.12713438859348
-4.11087386433725
-4.11087386433725
-5.88610404711682
-6.26339827752496
-4.33073336541791
-4.11087386433725
-22.5315546082896
60
-4.11087386433725
-4.12713438520638
-4.11087386433725
-4.11087386433725
-4.11087386433725
-4.11087386433725
-4.11087386433725
-4.11087386433725
-4.11087386433725
-4.11087386433725
-4.12713438520638
-4.12713438520638
-4.11087386433725
-4.11087386433725
-4.11087386433725
-4.11087386433725
-4.11087386433725
-4.11087386433725
-4.11087386433725
-4.11087386433725
-3.88009000783841
-4.08717609667634
-4.11087386433725
-4.11087386433725
-4.11087386433725
-4.11087386433725
-4.11087386433725
-4.11087386433725
-4.11087386433725
-4.11087386433725
-4.11087386433725
-4.11087386433725
-4.11087386433725
-4.11087386433725
-4.11087386433725
-4.11087386433725
-4.11087386433725
-4.11087386433725
-4.11087386433725
-4.11087386433725
-4.11087386433725
-4.11087386433725
-4.8040210563726
-4.11087386433725
-4.11087386433725
-4.41884061815805
-4.34380542406147
-4.12713438520638
-4.11087386433725
-4.11087386433725
-4.11087386433725
-4.11087386433725
-4.12713438859348
-4.11087386433725
-4.11087386433725
-4.49980968599693
-4.65396036509086
-4.33073336541791
-4.11087386433725
-4.11087386433725
