60
-1.16962332435162
-3.72166927697725
-5.51342874620531
-5.51342874620531
-5.51342874620531
-5.51342874620531
-5.51342874620531
-5.51342874620531
-5.51342874620531
-5.51342874620531
-4.12713438508542
-2.94847938874377
-5.51342874620531
-5.51342874620531
-5.51342874620531
-5.51342874620531
-5.51342874620531
-5.51342874620531
-5.51342874620531
-5.51342874620531
-4.82028156564536
-3.02852209641731
-5.51342874620531
-5.51342874620531
-5.51342874620531
-2.94847938874377
-5.51342874620531
-5.51342874620531
-5.51342874620531
-5.51342874620531
-5.51342874620531
-5.51342874620531
-5.51342874620531
-5.51342874620531
-5.51342874620531
-1.84986710007566
-3.72166927697725
-5.51342874620531
-5.51342874620531
-5.51342874620531
-4.82028156564536
-5.51342874620531
-5.51342874620531
-5.51342874620531
-5.51342874620531
-3.90399083377121
-2.62305698830914
-5.51342874620531
-5.51342874620531
-5.51342874620531
-4.82028156564536
-5.51342874620531
-5.51342874620531
-5.51342874620531
-5.51342874620531
-4.82028156564536
-5.51342874620531
-5.51342874620531
-5.51342874620531
-5.51342874620531
60 60
-17.9838444143748
-1.47508986398799
-4.11087386433725
-4.11087386433725
-4.11087386433725
-4.14313472686772
-4.12713438520638
-4.23410650517697
-4.11087386433725
-4.11087386433725
-2.09222710891329
-1.78016772710911
-2.44853900685169
-4.11087386433725
-4.11087386433725
-2.77258872336478
-4.12713438520638
-4.12713438520638
-4.11087386433725
-4.11087386433725
-3.1593616999773
-1.96398293460755
-3.59731226086242
-4.11087386433725
-4.11087386433725
-0.705373157767005
-0.739667199285746
-4.11087386433725
-4.11087386433725
-4.11087386433725
-4.17438727066487
-4.15888308351592
-2.86789890374865
-4.11087386433725
-4.11087386433725
-0.723837893695375
-1.3197736846778
-3.62434093337636
-4.11087386433725
-4.11087386433725
-2.19722458017573
-4.12713438520638
-4.33073334120738
-4.11087386433725
-4.11087386433725
-4.30406509869967
-1.52260654521474
-3.48124008948954
-4.11087386433725
-4.11087386433725
-1.69459572267917
-4.23410650503204
-4.11087386433725
-4.11087386433725
-4.11087386433725
-2.31253542493632
-2.52572864598826
-2.40201899117565
-4.11087386433725
-4.11087386433725
-3.21252236637405
-19.3159521126874
-4.11087386433725
-4.11087386433725
-4.11087386433725
-4.14313472686772
-4.12713438520638
-4.23410650517697
-4.11087386433725
-4.11087386433725
-5.61858763352945
-5.40717177750496
-3.70130197534706
-4.11087386433725
-4.11087386433725
-3.68887945523894
-4.12713438520638
-4.12713438520638
-4.11087386433725
-4.11087386433725
-5.35658627731352
-4.7155182476495
-4.29045944142236
-4.11087386433725
-4.11087386433725
-3.91130847135947
-4.00733318832338
-4.11087386433725
-4.11087386433725
-4.11087386433725
-4.17438727066487
-4.15888308351592
-3.78418963562281
-4.11087386433725
-4.11087386433725
-4.1922487869444
-2.84385174816074
-4.31748811393631
-4.11087386433725
-4.11087386433725
-4.39444915751194
-4.12713438520638
-4.33073334120738
-4.11087386433725
-4.11087386433725
-3.61091791813972
-4.83844407792574
-3.48124008948954
-4.11087386433725
-4.11087386433725
-3.19867311945544
-3.5409593244721
-4.11087386433725
-4.11087386433725
-4.11087386433725
-4.61512051793037
-3.44201937786241
-3.70130197530591
-4.11087386433725
-4.11087386433725
-8.0000141091561
-5.72358510603735
-22.5315546082896
-4.11087386433725
-4.11087386433725
-4.14313472686772
-4.12713438520638
-4.23410650517697
-4.11087386433725
-4.11087386433725
-6.31173481408939
-7.01660968993906
-4.39444915590701
-4.11087386433725
-4.11087386433725
-4.38202663579888
-4.12713438520638
-4.12713438520638
-4.11087386433725
-4.11087386433725
-5.35658627731352
-6.50727771687755
-4.29045944142236
-4.11087386433725
-4.11087386433725
-7.24351298153467
-5.39362754944327
-4.11087386433725
-4.11087386433725
-4.11087386433725
-4.17438727066487
-4.15888308351592
-4.47733681618275
-4.11087386433725
-4.11087386433725
-7.74759684843382
-5.93489420151906
-4.31748811393631
-4.11087386433725
-4.11087386433725
-4.39444915751194
-4.12713438520638
-4.33073334120738
-4.11087386433725
-4.11087386433725
-5.40267738736777
-7.23633935072411
-4.17438727004948
-4.11087386433725
-4.11087386433725
-4.9904325886835
-4.23410650503204
-4.11087386433725
-4.11087386433725
-4.11087386433725
-4.61512051793037
-4.8283137389823
-5.49306144453396
-4.11087386433725
-4.11087386433725
-8.0000141091561
-5.72358510603735
-4.11087386433725
-22.5315546082896
-4.11087386433725
-4.14313472686772
-4.12713438520638
-4.23410650517697
-4.11087386433725
-4.11087386433725
-6.31173481408939
-7.01660968993906
-4.39444915590701
-4.11087386433725
-4.11087386433725
-4.38202663579888
-4.12713438520638
-4.12713438520638
-4.11087386433725
-4.11087386433725
-5.35658627731352
-6.50727771687755
-4.29045944142236
-4.11087386433725
-4.11087386433725
-7.24351298153467
-5.39362754944327
-4.11087386433725
-4.11087386433725
-4.11087386433725
-4.17438727066487
-4.15888308351592
-4.47733681618275
-4.11087386433725
-4.11087386433725
-7.74759684843382
-5.93489420151906
-4.31748811393631
-4.11087386433725
-4.11087386433725
-4.39444915751194
-4.12713438520638
-4.33073334120738
-4.11087386433725
-4.11087386433725
-5.40267738736777
-7.23633935072411
-4.17438727004948
-4.11087386433725
-4.11087386433725
-4.9904325886835
-4.23410650503204
-4.11087386433725
-4.11087386433725
-4.11087386433725
-4.61512051793037
-4.8283137389823
-5.49306144453396
-4.11087386433725
-4.11087386433725
-8.0000141091561
-5.72358510603735
-4.11087386433725
-4.11087386433725
-22.5315546082896
-4.14313472686772
-4.12713438520638
-4.23410650517697
-4.11087386433725
-4.11087386433725
-6.31173481408939
-7.01660968993906
-4.39444915590701
-4.11087386433725
-4.11087386433725
-4.38202663579888
-4.12713438520638
-4.12713438520638
-4.11087386433725
-4.11087386433725
-5.35658627731352
-6.50727771687755
-4.29045944142236
-4.11087386433725
-4.11087386433725
-7.24351298153467
-5.39362754944327
-4.11087386433725
-4.11087386433725
-4.11087386433725
-4.17438727066487
-4.15888308351592
-4.47733681618275
-4.11087386433725
-4.11087386433725
-7.74759684843382
-5.93489420151906
-4.31748811393631
-4.11087386433725
-4.11087386433725
-4.39444915751194
-4.12713438520638
-4.33073334120738
-4.11087386433725
-4.11087386433725
-5.40267738736777
-7.23633935072411
-4.17438727004948
-4.11087386433725
-4.11087386433725
-4.9904325886835
-4.23410650503204
-4.11087386433725
-4.11087386433725
-4.11087386433725
-4.61512051793037
-4.8283137389823
-5.49306144453396
-4.11087386433725
-4.11087386433725
-8.0000141091561
-5.72358510603735
-4.11087386433725
-4.11087386433725
-4.11087386433725
-21.465203182152
-4.12713438520638
-4.23410650517697
-4.11087386433725
-4.11087386433725
-6.31173481408939
-7.01660968993906
-4.39444915590701
-4.11087386433725
-4.11087386433725
-4.38202663579888
-4.12713438520638
-4.12713438520638
-4.11087386433725
-4.11087386433725
-5.35658627731352
-5.40866542820944
-4.29045944142236
-4.11087386433725
-4.11087386433725
-7.24351298153467
-5.39362754944327
-4.11087386433725
-4.11087386433725
-4.11087386433725
-4.17438727066487
-4.15888308351592
-4.47733681618275
-4.11087386433725
-4.11087386433725
-7.74759684843382
-5.93489420151906
-4.31748811393631
-4.11087386433725
-4.11087386433725
-4.39444915751194
-4.12713438520638
-4.33073334120738
-4.11087386433725
-4.11087386433725
-5.40267738736777
-7.23633935072411
-4.17438727004948
-4.11087386433725
-4.11087386433725
-4.29728540812355
-4.23410650503204
-4.11087386433725
-4.11087386433725
-4.11087386433725
-4.61512051793037
-4.8283137389823
-5.49306144453396
-4.11087386433725
-4.11087386433725
-8.0000141091561
-5.72358510603735
-4.11087386433725
-4.11087386433725
-4.11087386433725
-4.14313472686772
-22.5478151291587
-4.23410650517697
-4.11087386433725
-4.11087386433725
-6.31173481408939
-7.01660968993906
-4.39444915590701
-4.11087386433725
-4.11087386433725
-4.38202663579888
-4.12713438520638
-4.12713438520638
-4.11087386433725
-4.11087386433725
-4.66343909675358
-6.50727771687755
-4.29045944142236
-4.11087386433725
-4.11087386433725
-7.24351298153467
-5.39362754944327
-4.11087386433725
-4.11087386433725
-4.11087386433725
-4.17438727066487
-4.15888308351592
-4.47733681618275
-4.11087386433725
-4.11087386433725
-7.74759684843382
-5.93489420151906
-4.31748811393631
-4.11087386433725
-4.11087386433725
-4.39444915751194
-4.12713438520638
-4.33073334120738
-4.11087386433725
-4.11087386433725
-5.40267738736777
-7.23633935072411
-4.17438727004948
-4.11087386433725
-4.11087386433725
-4.9904325886835
-4.23410650503204
-4.11087386433725
-4.11087386433725
-4.11087386433725
-4.61512051793037
-4.8283137389823
-5.49306144453396
-4.11087386433725
-4.11087386433725
-8.0000141091561
-5.72358510603735
-4.11087386433725
-4.11087386433725
-4.11087386433725
-4.14313472686772
-4.12713438520638
-21.2684928880094
-4.11087386433725
-4.11087386433725
-6.31173481408939
-5.91799740127095
-4.39444915590701
-4.11087386433725
-4.11087386433725
-4.38202663579888
-4.12713438520638
-4.12713438520638
-4.11087386433725
-4.11087386433725
-5.35658627731352
-6.50727771687755
-3.59731226086242
-4.11087386433725
-4.11087386433725
-7.24351298153467
-5.39362754944327
-4.11087386433725
-4.11087386433725
-4.11087386433725
-4.17438727066487
-4.15888308351592
-4.47733681618275
-4.11087386433725
-4.11087386433725
-6.13815893599972
-5.24174702095911
-4.31748811393631
-4.11087386433725
-4.11087386433725
-4.39444915751194
-4.12713438520638
-4.33073334120738
-4.11087386433725
-4.11087386433725
-5.40267738736777
-7.23633935072411
-4.17438727004948
-4.11087386433725
-4.11087386433725
-4.9904325886835
-4.23410650503204
-4.11087386433725
-4.11087386433725
-4.11087386433725
-4.61512051793037
-4.8283137389823
-5.49306144453396
-4.11087386433725
-4.11087386433725
-8.0000141091561
-5.72358510603735
-4.11087386433725
-4.11087386433725
-4.11087386433725
-4.14313472686772
-4.12713438520638
-4.23410650517697
-22.5315546082896
-4.11087386433725
-6.31173481408939
-7.01660968993906
-4.39444915590701
-4.11087386433725
-4.11087386433725
-4.38202663579888
-4.12713438520638
-4.12713438520638
-4.11087386433725
-4.11087386433725
-5.35658627731352
-6.50727771687755
-4.29045944142236
-4.11087386433725
-4.11087386433725
-7.24351298153467
-5.39362754944327
-4.11087386433725
-4.11087386433725
-4.11087386433725
-4.17438727066487
-4.15888308351592
-4.47733681618275
-4.11087386433725
-4.11087386433725
-7.74759684843382
-5.93489420151906
-4.31748811393631
-4.11087386433725
-4.11087386433725
-4.39444915751194
-4.12713438520638
-4.33073334120738
-4.11087386433725
-4.11087386433725
-5.40267738736777
-7.23633935072411
-4.17438727004948
-4.11087386433725
-4.11087386433725
-4.9904325886835
-4.23410650503204
-4.11087386433725
-4.11087386433725
-4.11087386433725
-4.61512051793037
-4.8283137389823
-5.49306144453396
-4.11087386433725
-4.11087386433725
-8.0000141091561
-5.72358510603735
-4.11087386433725
-4.11087386433725
-4.11087386433725
-4.14313472686772
-4.12713438520638
-4.23410650517697
-4.11087386433725
-22.5315546082896
-6.31173481408939
-7.01660968993906
-4.39444915590701
-4.11087386433725
-4.11087386433725
-4.38202663579888
-4.12713438520638
-4.12713438520638
-4.11087386433725
-4.11087386433725
-5.35658627731352
-6.50727771687755
-4.29045944142236
-4.11087386433725
-4.11087386433725
-7.24351298153467
-5.39362754944327
-4.11087386433725
-4.11087386433725
-4.11087386433725
-4.17438727066487
-4.15888308351592
-4.47733681618275
-4.11087386433725
-4.11087386433725
-7.74759684843382
-5.93489420151906
-4.31748811393631
-4.11087386433725
-4.11087386433725
-4.39444915751194
-4.12713438520638
-4.33073334120738
-4.11087386433725
-4.11087386433725
-5.40267738736777
-7.23633935072411
-4.17438727004948
-4.11087386433725
-4.11087386433725
-4.9904325886835
-4.23410650503204
-4.11087386433725
-4.11087386433725
-4.11087386433725
-4.61512051793037
-4.8283137389823
-5.49306144453396
-4.11087386433725
-4.11087386433725
-3.41504663048553
-3.23867845624935
-4.11087386433725
-4.11087386433725
-4.11087386433725
-3.44998754630778
-4.12713438520638
-4.23410650517697
-4.11087386433725
-4.11087386433725
-19.1266134917458
-3.75851315191758
-4.39444915590701
-4.11087386433725
-4.11087386433725
-3.68887945523894
-4.12713438520638
-4.12713438520638
-4.11087386433725
-4.11087386433725
-3.97029191619363
-3.17507320670235
-4.29045944142236
-4.11087386433725
-4.11087386433725
-3.74700542006819
-3.60186808021521
-4.11087386433725
-4.11087386433725
-4.11087386433725
-2.78809290954498
-3.46573590295598
-4.47733681618275
-4.11087386433725
-4.11087386433725
-3.3049455919435
-3.98898405246374
-4.31748811393631
-4.11087386433725
-4.11087386433725
-4.39444915751194
-4.12713438520638
-3.63758616064744
-4.11087386433725
-4.11087386433725
-2.26718317143863
-2.23239304477865
-3.07577498138137
-4.11087386433725
-4.11087386433725
-3.89182030001539
-4.23410650503204
-4.11087386433725
-4.11087386433725
-4.11087386433725
-4.61512051793037
-2.74887219730247
-2.92811208707243
-4.11087386433725
-4.11087386433725
-2.62473570147193
-3.23867845624935
-4.11087386433725
-4.11087386433725
-4.11087386433725
-4.14313472686772
-4.12713438520638
-3.54095932461703
-4.11087386433725
-4.11087386433725
-2.25129180354297
-18.9240603229791
-4.39444915590701
-4.11087386433725
-4.11087386433725
-4.38202663579888
-4.12713438520638
-4.12713438520638
-4.11087386433725
-4.11087386433725
-3.74714836487942
-2.16347229502387
-3.59731226086242
-4.11087386433725
-4.11087386433725
-2.68963608993413
-5.39362754944327
-4.11087386433725
-4.11087386433725
-4.11087386433725
-4.17438727066487
-4.15888308351592
-2.86789890374865
-4.11087386433725
-4.11087386433725
-2.60010237162037
-2.71601837665086
-3.62434093337636
-4.11087386433725
-4.11087386433725
-4.39444915751194
-4.12713438520638
-3.63758616064744
-4.11087386433725
-4.11087386433725
-1.35962611953323
-1.51931164931789
-4.17438727004948
-4.11087386433725
-4.11087386433725
-3.89182030001539
-4.23410650503204
-4.11087386433725
-4.11087386433725
-4.11087386433725
-2.31253542493632
-3.72970145031419
-2.54862246536752
-4.11087386433725
-4.11087386433725
-8.0000141091561
-5.72358510603735
-4.11087386433725
-4.11087386433725
-4.11087386433725
-4.14313472686772
-4.12713438520638
-4.23410650517697
-4.11087386433725
-4.11087386433725
-5.61858763352945
-4.81938511260284
-20.5125448068653
-4.11087386433725
-4.11087386433725
-4.38202663579888
-4.12713438520638
-4.12713438520638
-4.11087386433725
-4.11087386433725
-5.35658627731352
-6.50727771687755
-4.29045944142236
-4.11087386433725
-4.11087386433725
-6.55036580097473
-5.39362754944327
-4.11087386433725
-4.11087386433725
-4.11087386433725
-4.17438727066487
-4.15888308351592
-4.47733681618275
-4.11087386433725
-4.11087386433725
-6.64898455976571
-5.93489420151906
-4.31748811393631
-4.11087386433725
-4.11087386433725
-4.39444915751194
-4.12713438520638
-4.33073334120738
-4.11087386433725
-4.11087386433725
-5.40267738736777
-5.15689780904427
-4.17438727004948
-4.11087386433725
-4.11087386433725
-4.9904325886835
-4.23410650503204
-4.11087386433725
-4.11087386433725
-4.11087386433725
-4.61512051793037
-4.8283137389823
-5.49306144453396
-4.11087386433725
-4.11087386433725
-8.0000141091561
-5.72358510603735
-4.11087386433725
-4.11087386433725
-4.11087386433725
-4.14313472686772
-4.12713438520638
-4.23410650517697
-4.11087386433725
-4.11087386433725
-6.31173481408939
-7.01660968993906
-4.39444915590701
-22.5315546082896
-4.11087386433725
-4.38202663579888
-4.12713438520638
-4.12713438520638
-4.11087386433725
-4.11087386433725
-5.35658627731352
-6.50727771687755
-4.29045944142236
-4.11087386433725
-4.11087386433725
-7.24351298153467
-5.39362754944327
-4.11087386433725
-4.11087386433725
-4.11087386433725
-4.17438727066487
-4.15888308351592
-4.47733681618275
-4.11087386433725
-4.11087386433725
-7.74759684843382
-5.93489420151906
-4.31748811393631
-4.11087386433725
-4.11087386433725
-4.39444915751194
-4.12713438520638
-4.33073334120738
-4.11087386433725
-4.11087386433725
-5.40267738736777
-7.23633935072411
-4.17438727004948
-4.11087386433725
-4.11087386433725
-4.9904325886835
-4.23410650503204
-4.11087386433725
-4.11087386433725
-4.11087386433725
-4.61512051793037
-4.8283137389823
-5.49306144453396
-4.11087386433725
-4.11087386433725
-8.0000141091561
-5.72358510603735
-4.11087386433725
-4.11087386433725
-4.11087386433725
-4.14313472686772
-4.12713438520638
-4.23410650517697
-4.11087386433725
-4.11087386433725
-6.31173481408939
-7.01660968993906
-4.39444915590701
-4.11087386433725
-22.5315546082896
-4.38202663579888
-4.12713438520638
-4.12713438520638
-4.11087386433725
-4.11087386433725
-5.35658627731352
-6.50727771687755
-4.29045944142236
-4.11087386433725
-4.11087386433725
-7.24351298153467
-5.39362754944327
-4.11087386433725
-4.11087386433725
-4.11087386433725
-4.17438727066487
-4.15888308351592
-4.47733681618275
-4.11087386433725
-4.11087386433725
-7.74759684843382
-5.93489420151906
-4.31748811393631
-4.11087386433725
-4.11087386433725
-4.39444915751194
-4.12713438520638
-4.33073334120738
-4.11087386433725
-4.11087386433725
-5.40267738736777
-7.23633935072411
-4.17438727004948
-4.11087386433725
-4.11087386433725
-4.9904325886835
-4.23410650503204
-4.11087386433725
-4.11087386433725
-4.11087386433725
-4.61512051793037
-4.8283137389823
-5.49306144453396
-4.11087386433725
-4.11087386433725
-6.05410396010079
-4.11414719360325
-4.11087386433725
-4.11087386433725
-4.11087386433725
-4.14313472686772
-4.12713438520638
-4.23410650517697
-4.11087386433725
-4.11087386433725
-5.21312252542128
-7.01660968993906
-4.39444915590701
-4.11087386433725
-4.11087386433725
-20.605482802415
-4.12713438520638
-4.12713438520638
-4.11087386433725
-4.11087386433725
-5.35658627731352
-6.50727771687755
-4.29045944142236
-4.11087386433725
-4.11087386433725
-6.14490069286656
-5.39362754944327
-4.11087386433725
-4.11087386433725
-4.11087386433725
-4.17438727066487
-4.15888308351592
-4.47733681618275
-4.11087386433725
-4.11087386433725
-7.05444966787387
-4.54859984039917
-4.31748811393631
-4.11087386433725
-4.11087386433725
-4.39444915751194
-4.12713438520638
-4.33073334120738
-4.11087386433725
-4.11087386433725
-5.40267738736777
-6.54319217016416
-4.17438727004948
-4.11087386433725
-4.11087386433725
-4.9904325886835
-4.23410650503204
-4.11087386433725
-4.11087386433725
-4.11087386433725
-4.61512051793037
-4.8283137389823
-5.49306144453396
-4.11087386433725
-4.11087386433725
-8.0000141091561
-5.72358510603735
-4.11087386433725
-4.11087386433725
-4.11087386433725
-4.14313472686772
-4.12713438520638
-4.23410650517697
-4.11087386433725
-4.11087386433725
-6.31173481408939
-7.01660968993906
-4.39444915590701
-4.11087386433725
-4.11087386433725
-3.68887945523894
-22.5478151291587
-4.12713438520638
-4.11087386433725
-4.11087386433725
-5.35658627731352
-6.50727771687755
-4.29045944142236
-4.11087386433725
-4.11087386433725
-7.24351298153467
-5.39362754944327
-4.11087386433725
-4.11087386433725
-4.11087386433725
-4.17438727066487
-4.15888308351592
-4.47733681618275
-4.11087386433725
-4.11087386433725
-7.74759684843382
-5.93489420151906
-4.31748811393631
-4.11087386433725
-4.11087386433725
-4.39444915751194
-4.12713438520638
-4.33073334120738
-4.11087386433725
-4.11087386433725
-5.40267738736777
-7.23633935072411
-4.17438727004948
-4.11087386433725
-4.11087386433725
-4.9904325886835
-4.23410650503204
-4.11087386433725
-4.11087386433725
-4.11087386433725
-4.61512051793037
-4.8283137389823
-5.49306144453396
-4.11087386433725
-4.11087386433725
-8.0000141091561
-5.72358510603735
-4.11087386433725
-4.11087386433725
-4.11087386433725
-4.14313472686772
-4.12713438520638
-4.23410650517697
-4.11087386433725
-4.11087386433725
-6.31173481408939
-7.01660968993906
-4.39444915590701
-4.11087386433725
-4.11087386433725
-4.38202663579888
-4.12713438520638
-22.5478151291587
-4.11087386433725
-4.11087386433725
-5.35658627731352
-6.50727771687755
-3.59731226086242
-4.11087386433725
-4.11087386433725
-7.24351298153467
-5.39362754944327
-4.11087386433725
-4.11087386433725
-4.11087386433725
-4.17438727066487
-4.15888308351592
-4.47733681618275
-4.11087386433725
-4.11087386433725
-7.74759684843382
-5.93489420151906
-4.31748811393631
-4.11087386433725
-4.11087386433725
-4.39444915751194
-4.12713438520638
-4.33073334120738
-4.11087386433725
-4.11087386433725
-5.40267738736777
-7.23633935072411
-4.17438727004948
-4.11087386433725
-4.11087386433725
-4.9904325886835
-4.23410650503204
-4.11087386433725
-4.11087386433725
-4.11087386433725
-4.61512051793037
-4.8283137389823
-5.49306144453396
-4.11087386433725
-4.11087386433725
-8.0000141091561
-5.72358510603735
-4.11087386433725
-4.11087386433725
-4.11087386433725
-4.14313472686772
-4.12713438520638
-4.23410650517697
-4.11087386433725
-4.11087386433725
-6.31173481408939
-7.01660968993906
-4.39444915590701
-4.11087386433725
-4.11087386433725
-4.38202663579888
-4.12713438520638
-4.12713438520638
-22.5315546082896
-4.11087386433725
-5.35658627731352
-6.50727771687755
-4.29045944142236
-4.11087386433725
-4.11087386433725
-7.24351298153467
-5.39362754944327
-4.11087386433725
-4.11087386433725
-4.11087386433725
-4.17438727066487
-4.15888308351592
-4.47733681618275
-4.11087386433725
-4.11087386433725
-7.74759684843382
-5.93489420151906
-4.31748811393631
-4.11087386433725
-4.11087386433725
-4.39444915751194
-4.12713438520638
-4.33073334120738
-4.11087386433725
-4.11087386433725
-5.40267738736777
-7.23633935072411
-4.17438727004948
-4.11087386433725
-4.11087386433725
-4.9904325886835
-4.23410650503204
-4.11087386433725
-4.11087386433725
-4.11087386433725
-4.61512051793037
-4.8283137389823
-5.49306144453396
-4.11087386433725
-4.11087386433725
-8.0000141091561
-5.72358510603735
-4.11087386433725
-4.11087386433725
-4.11087386433725
-4.14313472686772
-4.12713438520638
-4.23410650517697
-4.11087386433725
-4.11087386433725
-6.31173481408939
-7.01660968993906
-4.39444915590701
-4.11087386433725
-4.11087386433725
-4.38202663579888
-4.12713438520638
-4.12713438520638
-4.11087386433725
-22.5315546082896
-5.35658627731352
-6.50727771687755
-4.29045944142236
-4.11087386433725
-4.11087386433725
-7.24351298153467
-5.39362754944327
-4.11087386433725
-4.11087386433725
-4.11087386433725
-4.17438727066487
-4.15888308351592
-4.47733681618275
-4.11087386433725
-4.11087386433725
-7.74759684843382
-5.93489420151906
-4.31748811393631
-4.11087386433725
-4.11087386433725
-4.39444915751194
-4.12713438520638
-4.33073334120738
-4.11087386433725
-4.11087386433725
-5.40267738736777
-7.23633935072411
-4.17438727004948
-4.11087386433725
-4.11087386433725
-4.9904325886835
-4.23410650503204
-4.11087386433725
-4.11087386433725
-4.11087386433725
-4.61512051793037
-4.8283137389823
-5.49306144453396
-4.11087386433725
-4.11087386433725
-4.82196027880815
-5.72358510603735
-4.11087386433725
-4.11087386433725
-4.11087386433725
-3.44998754630778
-4.12713438520638
-4.23410650517697
-4.11087386433725
-4.11087386433725
-4.11451023675317
-3.40569177729484
-4.39444915590701
-4.11087386433725
-4.11087386433725
-4.38202663579888
-4.12713438520638
-4.12713438520638
-4.11087386433725
-4.11087386433725
-19.7519153305307
-4.02237106708955
-4.29045944142236
-4.11087386433725
-4.11087386433725
-5.45175351230662
-5.39362754944327
-4.11087386433725
-4.11087386433725
-4.11087386433725
-4.17438727066487
-4.15888308351592
-4.47733681618275
-4.11087386433725
-4.11087386433725
-5.5503722710976
-5.93489420151906
-4.31748811393631
-4.11087386433725
-4.11087386433725
-3.29583686884383
-4.12713438520638
-4.33073334120738
-4.11087386433725
-4.11087386433725
-3.0047821145694
-3.80235214623896
-4.17438727004948
-4.11087386433725
-4.11087386433725
-3.89182030001539
-4.23410650503204
-4.11087386433725
-4.11087386433725
-4.11087386433725
-4.61512051793037
-2.63108916164608
-4.10676708341407
-4.11087386433725
-4.11087386433725
-3.19599306442284
-5.0304379254774
-4.11087386433725
-4.11087386433725
-4.11087386433725
-4.14313472686772
-4.12713438520638
-4.23410650517697
-4.11087386433725
-4.11087386433725
-3.26721237636597
-2.64716183747204
-3.70130197534706
-4.11087386433725
-4.11087386433725
-4.38202663579888
-4.12713438520638
-4.12713438520638
-4.11087386433725
-4.11087386433725
-4.66343909675358
-19.220848196081
-3.59731226086242
-4.11087386433725
-4.11087386433725
-4.06545915118673
-4.29501526077516
-4.11087386433725
-4.11087386433725
-4.11087386433725
-4.17438727066487
-4.15888308351592
-2.6855773469547
-4.11087386433725
-4.11087386433725
-2.77086310601324
-4.83628191285095
-4.31748811393631
-4.11087386433725
-4.11087386433725
-3.701301976952
-4.12713438520638
-2.53897387197933
-4.11087386433725
-4.11087386433725
-4.70953020680783
-2.23912707695999
-4.17438727004948
-4.11087386433725
-4.11087386433725
-3.89182030001539
-4.23410650503204
-4.11087386433725
-4.11087386433725
-4.11087386433725
-1.97606318831511
-2.26336438152077
-2.78501124343175
-4.11087386433725
-4.11087386433725
-8.0000141091561
-5.72358510603735
-4.11087386433725
-4.11087386433725
-4.11087386433725
-4.14313472686772
-4.12713438520638
-4.23410650517697
-4.11087386433725
-4.11087386433725
-6.31173481408939
-5.91799740127095
-4.39444915590701
-4.11087386433725
-4.11087386433725
-4.38202663579888
-4.12713438520638
-4.12713438520638
-4.11087386433725
-4.11087386433725
-5.35658627731352
-6.50727771687755
-22.0179930048148
-4.11087386433725
-4.11087386433725
-5.45175351230662
-5.39362754944327
-4.11087386433725
-4.11087386433725
-4.11087386433725
-4.17438727066487
-4.15888308351592
-4.47733681618275
-4.11087386433725
-4.11087386433725
-7.74759684843382
-5.24174702095911
-4.31748811393631
-4.11087386433725
-4.11087386433725
-4.39444915751194
-4.12713438520638
-4.33073334120738
-4.11087386433725
-4.11087386433725
-5.40267738736777
-6.137727062056
-4.17438727004948
-4.11087386433725
-4.11087386433725
-4.29728540812355
-3.5409593244721
-4.11087386433725
-4.11087386433725
-4.11087386433725
-4.61512051793037
-4.8283137389823
-5.49306144453396
-4.11087386433725
-4.11087386433725
-8.0000141091561
-5.72358510603735
-4.11087386433725
-4.11087386433725
-4.11087386433725
-4.14313472686772
-4.12713438520638
-4.23410650517697
-4.11087386433725
-4.11087386433725
-6.31173481408939
-7.01660968993906
-4.39444915590701
-4.11087386433725
-4.11087386433725
-4.38202663579888
-4.12713438520638
-4.12713438520638
-4.11087386433725
-4.11087386433725
-5.35658627731352
-6.50727771687755
-4.29045944142236
-22.5315546082896
-4.11087386433725
-7.24351298153467
-5.39362754944327
-4.11087386433725
-4.11087386433725
-4.11087386433725
-4.17438727066487
-4.15888308351592
-4.47733681618275
-4.11087386433725
-4.11087386433725
-7.74759684843382
-5.93489420151906
-4.31748811393631
-4.11087386433725
-4.11087386433725
-4.39444915751194
-4.12713438520638
-4.33073334120738
-4.11087386433725
-4.11087386433725
-5.40267738736777
-7.23633935072411
-4.17438727004948
-4.11087386433725
-4.11087386433725
-4.9904325886835
-4.23410650503204
-4.11087386433725
-4.11087386433725
-4.11087386433725
-4.61512051793037
-4.8283137389823
-5.49306144453396
-4.11087386433725
-4.11087386433725
-8.0000141091561
-5.72358510603735
-4.11087386433725
-4.11087386433725
-4.11087386433725
-4.14313472686772
-4.12713438520638
-4.23410650517697
-4.11087386433725
-4.11087386433725
-6.31173481408939
-7.01660968993906
-4.39444915590701
-4.11087386433725
-4.11087386433725
-4.38202663579888
-4.12713438520638
-4.12713438520638
-4.11087386433725
-4.11087386433725
-5.35658627731352
-6.50727771687755
-4.29045944142236
-4.11087386433725
-22.5315546082896
-7.24351298153467
-5.39362754944327
-4.11087386433725
-4.11087386433725
-4.11087386433725
-4.17438727066487
-4.15888308351592
-4.47733681618275
-4.11087386433725
-4.11087386433725
-7.74759684843382
-5.93489420151906
-4.31748811393631
-4.11087386433725
-4.11087386433725
-4.39444915751194
-4.12713438520638
-4.33073334120738
-4.11087386433725
-4.11087386433725
-5.40267738736777
-7.23633935072411
-4.17438727004948
-4.11087386433725
-4.11087386433725
-4.9904325886835
-4.23410650503204
-4.11087386433725
-4.11087386433725
-4.11087386433725
-4.61512051793037
-4.8283137389823
-5.49306144453396
-4.11087386433725
-4.11087386433725
-1.53542580546614
-1.71625192080488
-4.11087386433725
-4.11087386433725
-4.11087386433725
-4.14313472686772
-4.12713438520638
-4.23410650517697
-4.11087386433725
-4.11087386433725
-2.36049109550797
-2.84222242004343
-4.39444915590701
-4.11087386433725
-4.11087386433725
-2.43611648674357
-3.43398720464644
-4.12713438520638
-4.11087386433725
-4.11087386433725
-3.41067612825821
-3.01077015541107
-3.59731226086242
-4.11087386433725
-4.11087386433725
-18.7962193165167
-2.68557734834106
-4.11087386433725
-4.11087386433725
-4.11087386433725
-4.17438727066487
-4.15888308351592
-4.47733681618275
-4.11087386433725
-4.11087386433725
-2.20633330327539
-3.04452244362289
-4.31748811393631
-4.11087386433725
-4.11087386433725
-4.39444915751194
-4.12713438520638
-4.33073334120738
-4.11087386433725
-4.11087386433725
-3.20545281003156
-2.24590676394537
-4.17438727004948
-4.11087386433725
-4.11087386433725
-1.69459572267917
-2.84781214391215
-4.11087386433725
-4.11087386433725
-4.11087386433725
-4.61512051793037
-4.8283137389823
-2.6026896866378
-4.11087386433725
-4.11087386433725
-4.50350654768962
-3.23867845624935
-4.11087386433725
-4.11087386433725
-4.11087386433725
-4.14313472686772
-4.12713438520638
-3.54095932461703
-4.11087386433725
-4.11087386433725
-6.31173481408939
-4.02087741638507
-2.19722457857079
-4.11087386433725
-4.11087386433725
-4.38202663579888
-4.12713438520638
-4.12713438520638
-4.11087386433725
-4.11087386433725
-5.35658627731352
-6.50727771687755
-3.59731226086242
-4.11087386433725
-4.11087386433725
-3.33148997610653
-19.5948005882195
-4.11087386433725
-4.11087386433725
-4.11087386433725
-4.17438727066487
-4.15888308351592
-4.47733681618275
-4.11087386433725
-4.11087386433725
-6.36130248731393
-5.93489420151906
-3.62434093337636
-4.11087386433725
-4.11087386433725
-4.39444915751194
-4.12713438520638
-4.33073334120738
-4.11087386433725
-4.11087386433725
-5.40267738736777
-4.24060707717012
-4.17438727004948
-4.11087386433725
-4.11087386433725
-3.3809946762494
-4.23410650503204
-4.11087386433725
-4.11087386433725
-4.11087386433725
-4.61512051793037
-4.8283137389823
-3.88362353209986
-4.11087386433725
-4.11087386433725
-8.0000141091561
-5.72358510603735
-4.11087386433725
-4.11087386433725
-4.11087386433725
-4.14313472686772
-4.12713438520638
-4.23410650517697
-4.11087386433725
-4.11087386433725
-6.31173481408939
-7.01660968993906
-4.39444915590701
-4.11087386433725
-4.11087386433725
-4.38202663579888
-4.12713438520638
-4.12713438520638
-4.11087386433725
-4.11087386433725
-5.35658627731352
-6.50727771687755
-4.29045944142236
-4.11087386433725
-4.11087386433725
-7.24351298153467
-5.39362754944327
-22.5315546082896
-4.11087386433725
-4.11087386433725
-4.17438727066487
-4.15888308351592
-4.47733681618275
-4.11087386433725
-4.11087386433725
-7.74759684843382
-5.93489420151906
-4.31748811393631
-4.11087386433725
-4.11087386433725
-4.39444915751194
-4.12713438520638
-4.33073334120738
-4.11087386433725
-4.11087386433725
-5.40267738736777
-7.23633935072411
-4.17438727004948
-4.11087386433725
-4.11087386433725
-4.9904325886835
-4.23410650503204
-4.11087386433725
-4.11087386433725
-4.11087386433725
-4.61512051793037
-4.8283137389823
-5.49306144453396
-4.11087386433725
-4.11087386433725
-8.0000141091561
-5.72358510603735
-4.11087386433725
-4.11087386433725
-4.11087386433725
-4.14313472686772
-4.12713438520638
-4.23410650517697
-4.11087386433725
-4.11087386433725
-6.31173481408939
-7.01660968993906
-4.39444915590701
-4.11087386433725
-4.11087386433725
-4.38202663579888
-4.12713438520638
-4.12713438520638
-4.11087386433725
-4.11087386433725
-5.35658627731352
-6.50727771687755
-4.29045944142236
-4.11087386433725
-4.11087386433725
-7.24351298153467
-5.39362754944327
-4.11087386433725
-22.5315546082896
-4.11087386433725
-4.17438727066487
-4.15888308351592
-4.47733681618275
-4.11087386433725
-4.11087386433725
-7.74759684843382
-5.93489420151906
-4.31748811393631
-4.11087386433725
-4.11087386433725
-4.39444915751194
-4.12713438520638
-4.33073334120738
-4.11087386433725
-4.11087386433725
-5.40267738736777
-7.23633935072411
-4.17438727004948
-4.11087386433725
-4.11087386433725
-4.9904325886835
-4.23410650503204
-4.11087386433725
-4.11087386433725
-4.11087386433725
-4.61512051793037
-4.8283137389823
-5.49306144453396
-4.11087386433725
-4.11087386433725
-8.0000141091561
-5.72358510603735
-4.11087386433725
-4.11087386433725
-4.11087386433725
-4.14313472686772
-4.12713438520638
-4.23410650517697
-4.11087386433725
-4.11087386433725
-6.31173481408939
-7.01660968993906
-4.39444915590701
-4.11087386433725
-4.11087386433725
-4.38202663579888
-4.12713438520638
-4.12713438520638
-4.11087386433725
-4.11087386433725
-5.35658627731352
-6.50727771687755
-4.29045944142236
-4.11087386433725
-4.11087386433725
-7.24351298153467
-5.39362754944327
-4.11087386433725
-4.11087386433725
-22.5315546082896
-4.17438727066487
-4.15888308351592
-4.47733681618275
-4.11087386433725
-4.11087386433725
-7.74759684843382
-5.93489420151906
-4.31748811393631
-4.11087386433725
-4.11087386433725
-4.39444915751194
-4.12713438520638
-4.33073334120738
-4.11087386433725
-4.11087386433725
-5.40267738736777
-7.23633935072411
-4.17438727004948
-4.11087386433725
-4.11087386433725
-4.9904325886835
-4.23410650503204
-4.11087386433725
-4.11087386433725
-4.11087386433725
-4.61512051793037
-4.8283137389823
-5.49306144453396
-4.11087386433725
-4.11087386433725
-7.30686692859615
-5.72358510603735
-4.11087386433725
-4.11087386433725
-4.11087386433725
-4.14313472686772
-4.12713438520638
-4.23410650517697
-4.11087386433725
-4.11087386433725
-5.21312252542128
-7.01660968993906
-4.39444915590701
-4.11087386433725
-4.11087386433725
-4.38202663579888
-4.12713438520638
-4.12713438520638
-4.11087386433725
-4.11087386433725
-5.35658627731352
-6.50727771687755
-4.29045944142236
-4.11087386433725
-4.11087386433725
-6.55036580097473
-5.39362754944327
-4.11087386433725
-4.11087386433725
-4.11087386433725
-20.9856301021831
-4.15888308351592
-4.47733681618275
-4.11087386433725
-4.11087386433725
-7.74759684843382
-5.93489420151906
-4.31748811393631
-4.11087386433725
-4.11087386433725
-4.39444915751194
-4.12713438520638
-4.33073334120738
-4.11087386433725
-4.11087386433725
-5.40267738736777
-7.23633935072411
-4.17438727004948
-4.11087386433725
-4.11087386433725
-4.9904325886835
-4.23410650503204
-4.11087386433725
-4.11087386433725
-4.11087386433725
-4.61512051793037
-4.8283137389823
-5.49306144453396
-4.11087386433725
-4.11087386433725
-7.30686692859615
-5.72358510603735
-4.11087386433725
-4.11087386433725
-4.11087386433725
-4.14313472686772
-4.12713438520638
-4.23410650517697
-4.11087386433725
-4.11087386433725
-6.31173481408939
-7.01660968993906
-4.39444915590701
-4.11087386433725
-4.11087386433725
-4.38202663579888
-4.12713438520638
-4.12713438520638
-4.11087386433725
-4.11087386433725
-5.35658627731352
-6.50727771687755
-4.29045944142236
-4.11087386433725
-4.11087386433725
-7.24351298153467
-5.39362754944327
-4.11087386433725
-4.11087386433725
-4.11087386433725
-4.17438727066487
-22.5795638274683
-4.47733681618275
-4.11087386433725
-4.11087386433725
-7.74759684843382
-5.93489420151906
-4.31748811393631
-4.11087386433725
-4.11087386433725
-4.39444915751194
-4.12713438520638
-4.33073334120738
-4.11087386433725
-4.11087386433725
-5.40267738736777
-6.137727062056
-4.17438727004948
-4.11087386433725
-4.11087386433725
-4.9904325886835
-4.23410650503204
-4.11087386433725
-4.11087386433725
-4.11087386433725
-4.61512051793037
-4.8283137389823
-5.49306144453396
-4.11087386433725
-4.11087386433725
-7.30686692859615
-4.33729074491746
-4.11087386433725
-4.11087386433725
-4.11087386433725
-4.14313472686772
-4.12713438520638
-4.23410650517697
-4.11087386433725
-4.11087386433725
-4.11451023675317
-7.01660968993906
-4.39444915590701
-4.11087386433725
-4.11087386433725
-4.38202663579888
-4.12713438520638
-4.12713438520638
-4.11087386433725
-4.11087386433725
-5.35658627731352
-4.89783980444345
-4.29045944142236
-4.11087386433725
-4.11087386433725
-7.24351298153467
-5.39362754944327
-4.11087386433725
-4.11087386433725
-4.11087386433725
-4.17438727066487
-4.15888308351592
-20.1899673590329
-4.11087386433725
-4.11087386433725
-5.95583737920576
-4.83628191285095
-4.31748811393631
-4.11087386433725
-4.11087386433725
-4.39444915751194
-4.12713438520638
-4.33073334120738
-4.11087386433725
-4.11087386433725
-4.70953020680783
-6.54319217016416
-4.17438727004948
-4.11087386433725
-4.11087386433725
-4.29728540812355
-4.23410650503204
-4.11087386433725
-4.11087386433725
-4.11087386433725
-3.92197333737042
-3.72970145031419
-5.49306144453396
-4.11087386433725
-4.11087386433725
-8.0000141091561
-5.72358510603735
-4.11087386433725
-4.11087386433725
-4.11087386433725
-4.14313472686772
-4.12713438520638
-4.23410650517697
-4.11087386433725
-4.11087386433725
-6.31173481408939
-7.01660968993906
-4.39444915590701
-4.11087386433725
-4.11087386433725
-4.38202663579888
-4.12713438520638
-4.12713438520638
-4.11087386433725
-4.11087386433725
-5.35658627731352
-6.50727771687755
-4.29045944142236
-4.11087386433725
-4.11087386433725
-7.24351298153467
-5.39362754944327
-4.11087386433725
-4.11087386433725
-4.11087386433725
-4.17438727066487
-4.15888308351592
-4.47733681618275
-22.5315546082896
-4.11087386433725
-7.74759684843382
-5.93489420151906
-4.31748811393631
-4.11087386433725
-4.11087386433725
-4.39444915751194
-4.12713438520638
-4.33073334120738
-4.11087386433725
-4.11087386433725
-5.40267738736777
-7.23633935072411
-4.17438727004948
-4.11087386433725
-4.11087386433725
-4.9904325886835
-4.23410650503204
-4.11087386433725
-4.11087386433725
-4.11087386433725
-4.61512051793037
-4.8283137389823
-5.49306144453396
-4.11087386433725
-4.11087386433725
-8.0000141091561
-5.72358510603735
-4.11087386433725
-4.11087386433725
-4.11087386433725
-4.14313472686772
-4.12713438520638
-4.23410650517697
-4.11087386433725
-4.11087386433725
-6.31173481408939
-7.01660968993906
-4.39444915590701
-4.11087386433725
-4.11087386433725
-4.38202663579888
-4.12713438520638
-4.12713438520638
-4.11087386433725
-4.11087386433725
-5.35658627731352
-6.50727771687755
-4.29045944142236
-4.11087386433725
-4.11087386433725
-7.24351298153467
-5.39362754944327
-4.11087386433725
-4.11087386433725
-4.11087386433725
-4.17438727066487
-4.15888308351592
-4.47733681618275
-4.11087386433725
-22.5315546082896
-7.74759684843382
-5.93489420151906
-4.31748811393631
-4.11087386433725
-4.11087386433725
-4.39444915751194
-4.12713438520638
-4.33073334120738
-4.11087386433725
-4.11087386433725
-5.40267738736777
-7.23633935072411
-4.17438727004948
-4.11087386433725
-4.11087386433725
-4.9904325886835
-4.23410650503204
-4.11087386433725
-4.11087386433725
-4.11087386433725
-4.61512051793037
-4.8283137389823
-5.49306144453396
-4.11087386433725
-4.11087386433725
-1.17781671853561
-2.22707754457087
-4.11087386433725
-4.11087386433725
-4.11087386433725
-4.14313472686772
-4.12713438520638
-2.84781214405708
-4.11087386433725
-4.11087386433725
-1.19374100167264
-1.07118908133249
-3.70130197534706
-4.11087386433725
-4.11087386433725
-4.38202663579888
-4.12713438520638
-4.12713438520638
-4.11087386433725
-4.11087386433725
-3.74714836487942
-1.78877884558245
-2.90416508030247
-4.11087386433725
-4.11087386433725
-1.72205206367243
-2.50325579154711
-4.11087386433725
-4.11087386433725
-4.11087386433725
-4.17438727066487
-4.15888308351592
-2.6855773469547
-4.11087386433725
-4.11087386433725
-18.4469289797682
-1.39159941924905
-2.12026353660009
-4.11087386433725
-4.11087386433725
-4.39444915751194
-4.12713438520638
-4.33073334120738
-4.11087386433725
-4.11087386433725
-2.83772802990624
-2.40802561342181
-4.17438727004948
-4.11087386433725
-4.11087386433725
-3.60413822756361
-4.23410650503204
-4.11087386433725
-4.11087386433725
-4.11087386433725
-3.92197333737042
-2.88240358992699
-1.288368825143
-4.11087386433725
-4.11087386433725
-3.60556495448366
-3.01553490493514
-4.11087386433725
-4.11087386433725
-4.11087386433725
-4.14313472686772
-4.12713438520638
-4.23410650517697
-4.11087386433725
-4.11087386433725
-3.22069236073108
-3.35304804380942
-4.39444915590701
-4.11087386433725
-4.11087386433725
-4.38202663579888
-4.12713438520638
-4.12713438520638
-4.11087386433725
-4.11087386433725
-4.66343909675358
-4.42783617519771
-4.29045944142236
-4.11087386433725
-4.11087386433725
-4.94092788854063
-5.39362754944327
-4.11087386433725
-4.11087386433725
-4.11087386433725
-4.17438727066487
-4.15888308351592
-3.78418963562281
-4.11087386433725
-4.11087386433725
-3.0654656213096
-18.9484031740113
-3.2188758252682
-4.11087386433725
-4.11087386433725
-4.39444915751194
-4.12713438520638
-4.33073334120738
-4.11087386433725
-4.11087386433725
-4.30406509869967
-4.10084513479496
-4.17438727004948
-4.11087386433725
-4.11087386433725
-3.3809946762494
-3.5409593244721
-4.11087386433725
-4.11087386433725
-4.11087386433725
-3.92197333737042
-4.8283137389823
-3.70130197530591
-4.11087386433725
-4.11087386433725
-6.90140182048799
-4.62497281736924
-4.11087386433725
-4.11087386433725
-4.11087386433725
-4.14313472686772
-4.12713438520638
-4.23410650517697
-4.11087386433725
-4.11087386433725
-6.31173481408939
-6.32346250937912
-4.39444915590701
-4.11087386433725
-4.11087386433725
-4.38202663579888
-4.12713438520638
-4.12713438520638
-4.11087386433725
-4.11087386433725
-5.35658627731352
-6.50727771687755
-3.59731226086242
-4.11087386433725
-4.11087386433725
-7.24351298153467
-5.39362754944327
-4.11087386433725
-4.11087386433725
-4.11087386433725
-4.17438727066487
-4.15888308351592
-4.47733681618275
-4.11087386433725
-4.11087386433725
-6.64898455976571
-4.83628191285095
-21.6395565692206
-4.11087386433725
-4.11087386433725
-4.39444915751194
-4.12713438520638
-4.33073334120738
-4.11087386433725
-4.11087386433725
-4.30406509869967
-7.23633935072411
-4.17438727004948
-4.11087386433725
-4.11087386433725
-4.9904325886835
-3.5409593244721
-4.11087386433725
-4.11087386433725
-4.11087386433725
-4.61512051793037
-4.8283137389823
-5.49306144453396
-4.11087386433725
-4.11087386433725
-8.0000141091561
-5.72358510603735
-4.11087386433725
-4.11087386433725
-4.11087386433725
-4.14313472686772
-4.12713438520638
-4.23410650517697
-4.11087386433725
-4.11087386433725
-6.31173481408939
-7.01660968993906
-4.39444915590701
-4.11087386433725
-4.11087386433725
-4.38202663579888
-4.12713438520638
-4.12713438520638
-4.11087386433725
-4.11087386433725
-5.35658627731352
-6.50727771687755
-4.29045944142236
-4.11087386433725
-4.11087386433725
-7.24351298153467
-5.39362754944327
-4.11087386433725
-4.11087386433725
-4.11087386433725
-4.17438727066487
-4.15888308351592
-4.47733681618275
-4.11087386433725
-4.11087386433725
-7.74759684843382
-5.93489420151906
-4.31748811393631
-22.5315546082896
-4.11087386433725
-4.39444915751194
-4.12713438520638
-4.33073334120738
-4.11087386433725
-4.11087386433725
-5.40267738736777
-7.23633935072411
-4.17438727004948
-4.11087386433725
-4.11087386433725
-4.9904325886835
-4.23410650503204
-4.11087386433725
-4.11087386433725
-4.11087386433725
-4.61512051793037
-4.8283137389823
-5.49306144453396
-4.11087386433725
-4.11087386433725
-8.0000141091561
-5.72358510603735
-4.11087386433725
-4.11087386433725
-4.11087386433725
-4.14313472686772
-4.12713438520638
-4.23410650517697
-4.11087386433725
-4.11087386433725
-6.31173481408939
-7.01660968993906
-4.39444915590701
-4.11087386433725
-4.11087386433725
-4.38202663579888
-4.12713438520638
-4.12713438520638
-4.11087386433725
-4.11087386433725
-5.35658627731352
-6.50727771687755
-4.29045944142236
-4.11087386433725
-4.11087386433725
-7.24351298153467
-5.39362754944327
-4.11087386433725
-4.11087386433725
-4.11087386433725
-4.17438727066487
-4.15888308351592
-4.47733681618275
-4.11087386433725
-4.11087386433725
-7.74759684843382
-5.93489420151906
-4.31748811393631
-4.11087386433725
-22.5315546082896
-4.39444915751194
-4.12713438520638
-4.33073334120738
-4.11087386433725
-4.11087386433725
-5.40267738736777
-7.23633935072411
-4.17438727004948
-4.11087386433725
-4.11087386433725
-4.9904325886835
-4.23410650503204
-4.11087386433725
-4.11087386433725
-4.11087386433725
-4.61512051793037
-4.8283137389823
-5.49306144453396
-4.11087386433725
-4.11087386433725
-8.0000141091561
-3.4210000130433
-4.11087386433725
-4.11087386433725
-4.11087386433725
-4.14313472686772
-4.12713438520638
-4.23410650517697
-4.11087386433725
-4.11087386433725
-6.31173481408939
-5.91799740127095
-3.70130197534706
-4.11087386433725
-4.11087386433725
-4.38202663579888
-4.12713438520638
-4.12713438520638
-4.11087386433725
-4.11087386433725
-5.35658627731352
-6.50727771687755
-4.29045944142236
-4.11087386433725
-4.11087386433725
-6.55036580097473
-4.29501526077516
-4.11087386433725
-4.11087386433725
-4.11087386433725
-4.17438727066487
-4.15888308351592
-4.47733681618275
-4.11087386433725
-4.11087386433725
-6.13815893599972
-5.93489420151906
-4.31748811393631
-4.11087386433725
-4.11087386433725
-19.6796356855352
-4.12713438520638
-4.33073334120738
-4.11087386433725
-4.11087386433725
-5.40267738736777
-7.23633935072411
-4.17438727004948
-4.11087386433725
-4.11087386433725
-4.9904325886835
-4.23410650503204
-4.11087386433725
-4.11087386433725
-4.11087386433725
-4.61512051793037
-4.13516655842236
-5.49306144453396
-4.11087386433725
-4.11087386433725
-8.0000141091561
-5.72358510603735
-4.11087386433725
-4.11087386433725
-4.11087386433725
-4.14313472686772
-4.12713438520638
-4.23410650517697
-4.11087386433725
-4.11087386433725
-6.31173481408939
-7.01660968993906
-4.39444915590701
-4.11087386433725
-4.11087386433725
-4.38202663579888
-4.12713438520638
-4.12713438520638
-4.11087386433725
-4.11087386433725
-5.35658627731352
-6.50727771687755
-4.29045944142236
-4.11087386433725
-4.11087386433725
-7.24351298153467
-5.39362754944327
-4.11087386433725
-4.11087386433725
-4.11087386433725
-4.17438727066487
-4.15888308351592
-4.47733681618275
-4.11087386433725
-4.11087386433725
-7.74759684843382
-5.93489420151906
-4.31748811393631
-4.11087386433725
-4.11087386433725
-4.39444915751194
-22.5478151291587
-4.33073334120738
-4.11087386433725
-4.11087386433725
-5.40267738736777
-7.23633935072411
-4.17438727004948
-4.11087386433725
-4.11087386433725
-4.9904325886835
-4.23410650503204
-4.11087386433725
-4.11087386433725
-4.11087386433725
-4.61512051793037
-4.8283137389823
-5.49306144453396
-4.11087386433725
-4.11087386433725
-8.0000141091561
-5.72358510603735
-4.11087386433725
-4.11087386433725
-4.11087386433725
-4.14313472686772
-4.12713438520638
-4.23410650517697
-4.11087386433725
-4.11087386433725
-6.31173481408939
-7.01660968993906
-4.39444915590701
-4.11087386433725
-4.11087386433725
-4.38202663579888
-4.12713438520638
-4.12713438520638
-4.11087386433725
-4.11087386433725
-5.35658627731352
-4.56136756782224
-4.29045944142236
-4.11087386433725
-4.11087386433725
-7.24351298153467
-4.70048036888332
-4.11087386433725
-4.11087386433725
-4.11087386433725
-4.17438727066487
-4.15888308351592
-4.47733681618275
-4.11087386433725
-4.11087386433725
-7.74759684843382
-5.93489420151906
-4.31748811393631
-4.11087386433725
-4.11087386433725
-4.39444915751194
-4.12713438520638
-20.8055039361044
-4.11087386433725
-4.11087386433725
-4.30406509869967
-5.15689780904427
-4.17438727004948
-4.11087386433725
-4.11087386433725
-4.9904325886835
-4.23410650503204
-4.11087386433725
-4.11087386433725
-4.11087386433725
-4.61512051793037
-4.8283137389823
-5.49306144453396
-4.11087386433725
-4.11087386433725
-8.0000141091561
-5.72358510603735
-4.11087386433725
-4.11087386433725
-4.11087386433725
-4.14313472686772
-4.12713438520638
-4.23410650517697
-4.11087386433725
-4.11087386433725
-6.31173481408939
-7.01660968993906
-4.39444915590701
-4.11087386433725
-4.11087386433725
-4.38202663579888
-4.12713438520638
-4.12713438520638
-4.11087386433725
-4.11087386433725
-5.35658627731352
-6.50727771687755
-4.29045944142236
-4.11087386433725
-4.11087386433725
-7.24351298153467
-5.39362754944327
-4.11087386433725
-4.11087386433725
-4.11087386433725
-4.17438727066487
-4.15888308351592
-4.47733681618275
-4.11087386433725
-4.11087386433725
-7.74759684843382
-5.93489420151906
-4.31748811393631
-4.11087386433725
-4.11087386433725
-4.39444915751194
-4.12713438520638
-4.33073334120738
-22.5315546082896
-4.11087386433725
-5.40267738736777
-7.23633935072411
-4.17438727004948
-4.11087386433725
-4.11087386433725
-4.9904325886835
-4.23410650503204
-4.11087386433725
-4.11087386433725
-4.11087386433725
-4.61512051793037
-4.8283137389823
-5.49306144453396
-4.11087386433725
-4.11087386433725
-8.0000141091561
-5.72358510603735
-4.11087386433725
-4.11087386433725
-4.11087386433725
-4.14313472686772
-4.12713438520638
-4.23410650517697
-4.11087386433725
-4.11087386433725
-6.31173481408939
-7.01660968993906
-4.39444915590701
-4.11087386433725
-4.11087386433725
-4.38202663579888
-4.12713438520638
-4.12713438520638
-4.11087386433725
-4.11087386433725
-5.35658627731352
-6.50727771687755
-4.29045944142236
-4.11087386433725
-4.11087386433725
-7.24351298153467
-5.39362754944327
-4.11087386433725
-4.11087386433725
-4.11087386433725
-4.17438727066487
-4.15888308351592
-4.47733681618275
-4.11087386433725
-4.11087386433725
-7.74759684843382
-5.93489420151906
-4.31748811393631
-4.11087386433725
-4.11087386433725
-4.39444915751194
-4.12713438520638
-4.33073334120738
-4.11087386433725
-22.5315546082896
-5.40267738736777
-7.23633935072411
-4.17438727004948
-4.11087386433725
-4.11087386433725
-4.9904325886835
-4.23410650503204
-4.11087386433725
-4.11087386433725
-4.11087386433725
-4.61512051793037
-4.8283137389823
-5.49306144453396
-4.11087386433725
-4.11087386433725
-4.90897165579778
-3.93182563680929
-4.11087386433725
-4.11087386433725
-4.11087386433725
-4.14313472686772
-3.43398720464644
-2.84781214405708
-4.11087386433725
-4.11087386433725
-4.70229690165529
-3.20994720016874
-4.39444915590701
-4.11087386433725
-4.11087386433725
-4.38202663579888
-4.12713438520638
-3.43398720464644
-4.11087386433725
-4.11087386433725
-2.41214729814708
-3.56283873771111
-4.29045944142236
-4.11087386433725
-4.11087386433725
-6.14490069286656
-4.70048036888332
-4.11087386433725
-4.11087386433725
-4.11087386433725
-4.17438727066487
-4.15888308351592
-3.78418963562281
-4.11087386433725
-4.11087386433725
-5.34970157563545
-4.54859984039917
-4.31748811393631
-4.11087386433725
-4.11087386433725
-4.39444915751194
-4.12713438520638
-3.63758616064744
-4.11087386433725
-4.11087386433725
-19.0193370865869
-4.29190037155767
-4.17438727004948
-4.11087386433725
-4.11087386433725
-3.89182030001539
-4.23410650503204
-4.11087386433725
-4.11087386433725
-4.11087386433725
-4.61512051793037
-3.72970145031419
-4.79991426397402
-4.11087386433725
-4.11087386433725
-1.93390601905235
-4.11414719360325
-4.11087386433725
-4.11087386433725
-4.11087386433725
-4.14313472686772
-4.12713438520638
-4.23410650517697
-4.11087386433725
-4.11087386433725
-2.26868354625484
-2.16457942601944
-3.70130197534706
-4.11087386433725
-4.11087386433725
-3.68887945523894
-4.12713438520638
-4.12713438520638
-4.11087386433725
-4.11087386433725
-0.771618798642949
-1.22407398813956
-4.29045944142236
-4.11087386433725
-4.11087386433725
-2.67916479006684
-3.44771740038796
-4.11087386433725
-4.11087386433725
-4.11087386433725
-4.17438727066487
-3.06027079484781
-3.78418963562281
-4.11087386433725
-4.11087386433725
-2.35852511861732
-3.22684400041685
-4.31748811393631
-4.11087386433725
-4.11087386433725
-3.00815479639205
-4.12713438520638
-2.25129179952755
-4.11087386433725
-4.11087386433725
-2.0353815573813
-18.6476111619678
-4.17438727004948
-4.11087386433725
-4.11087386433725
-3.89182030001539
-4.23410650503204
-4.11087386433725
-4.11087386433725
-4.11087386433725
-3.00568260549627
-2.43041846618393
-2.78501124343175
-4.11087386433725
-4.11087386433725
-7.30686692859615
-5.72358510603735
-4.11087386433725
-4.11087386433725
-4.11087386433725
-4.14313472686772
-4.12713438520638
-4.23410650517697
-4.11087386433725
-4.11087386433725
-6.31173481408939
-7.01660968993906
-4.39444915590701
-4.11087386433725
-4.11087386433725
-4.38202663579888
-4.12713438520638
-4.12713438520638
-4.11087386433725
-4.11087386433725
-5.35658627731352
-6.50727771687755
-4.29045944142236
-4.11087386433725
-4.11087386433725
-7.24351298153467
-5.39362754944327
-4.11087386433725
-4.11087386433725
-4.11087386433725
-3.48124009010492
-4.15888308351592
-4.47733681618275
-4.11087386433725
-4.11087386433725
-7.05444966787387
-5.93489420151906
-4.31748811393631
-4.11087386433725
-4.11087386433725
-4.39444915751194
-4.12713438520638
-4.33073334120738
-4.11087386433725
-4.11087386433725
-5.40267738736777
-7.23633935072411
-22.5950680140018
-4.11087386433725
-4.11087386433725
-4.29728540812355
-4.23410650503204
-4.11087386433725
-4.11087386433725
-4.11087386433725
-4.61512051793037
-4.8283137389823
-5.49306144453396
-4.11087386433725
-4.11087386433725
-8.0000141091561
-5.72358510603735
-4.11087386433725
-4.11087386433725
-4.11087386433725
-4.14313472686772
-4.12713438520638
-4.23410650517697
-4.11087386433725
-4.11087386433725
-6.31173481408939
-7.01660968993906
-4.39444915590701
-4.11087386433725
-4.11087386433725
-4.38202663579888
-4.12713438520638
-4.12713438520638
-4.11087386433725
-4.11087386433725
-5.35658627731352
-6.50727771687755
-4.29045944142236
-4.11087386433725
-4.11087386433725
-7.24351298153467
-5.39362754944327
-4.11087386433725
-4.11087386433725
-4.11087386433725
-4.17438727066487
-4.15888308351592
-4.47733681618275
-4.11087386433725
-4.11087386433725
-7.74759684843382
-5.93489420151906
-4.31748811393631
-4.11087386433725
-4.11087386433725
-4.39444915751194
-4.12713438520638
-4.33073334120738
-4.11087386433725
-4.11087386433725
-5.40267738736777
-7.23633935072411
-4.17438727004948
-22.5315546082896
-4.11087386433725
-4.9904325886835
-4.23410650503204
-4.11087386433725
-4.11087386433725
-4.11087386433725
-4.61512051793037
-4.8283137389823
-5.49306144453396
-4.11087386433725
-4.11087386433725
-8.0000141091561
-5.72358510603735
-4.11087386433725
-4.11087386433725
-4.11087386433725
-4.14313472686772
-4.12713438520638
-4.23410650517697
-4.11087386433725
-4.11087386433725
-6.31173481408939
-7.01660968993906
-4.39444915590701
-4.11087386433725
-4.11087386433725
-4.38202663579888
-4.12713438520638
-4.12713438520638
-4.11087386433725
-4.11087386433725
-5.35658627731352
-6.50727771687755
-4.29045944142236
-4.11087386433725
-4.11087386433725
-7.24351298153467
-5.39362754944327
-4.11087386433725
-4.11087386433725
-4.11087386433725
-4.17438727066487
-4.15888308351592
-4.47733681618275
-4.11087386433725
-4.11087386433725
-7.74759684843382
-5.93489420151906
-4.31748811393631
-4.11087386433725
-4.11087386433725
-4.39444915751194
-4.12713438520638
-4.33073334120738
-4.11087386433725
-4.11087386433725
-5.40267738736777
-7.23633935072411
-4.17438727004948
-4.11087386433725
-22.5315546082896
-4.9904325886835
-4.23410650503204
-4.11087386433725
-4.11087386433725
-4.11087386433725
-4.61512051793037
-4.8283137389823
-5.49306144453396
-4.11087386433725
-4.11087386433725
-4.82196027880815
-3.52636052870113
-4.11087386433725
-4.11087386433725
-4.11087386433725
-4.14313472686772
-4.12713438520638
-4.23410650517697
-4.11087386433725
-4.11087386433725
-5.21312252542128
-4.53170304015106
-4.39444915590701
-4.11087386433725
-4.11087386433725
-2.77258872336478
-4.12713438520638
-4.12713438520638
-4.11087386433725
-4.11087386433725
-5.35658627731352
-6.50727771687755
-3.59731226086242
-4.11087386433725
-4.11087386433725
-4.8456177087363
-5.39362754944327
-4.11087386433725
-4.11087386433725
-4.11087386433725
-4.17438727066487
-4.15888308351592
-4.47733681618275
-4.11087386433725
-4.11087386433725
-6.64898455976571
-3.2958368719038
-4.31748811393631
-4.11087386433725
-4.11087386433725
-3.00815479639205
-4.12713438520638
-4.33073334120738
-4.11087386433725
-4.11087386433725
-4.30406509869967
-6.54319217016416
-4.17438727004948
-4.11087386433725
-4.11087386433725
-20.0789088224607
-3.5409593244721
-4.11087386433725
-4.11087386433725
-4.11087386433725
-4.61512051793037
-4.8283137389823
-5.49306144453396
-4.11087386433725
-4.11087386433725
-8.0000141091561
-5.72358510603735
-4.11087386433725
-4.11087386433725
-4.11087386433725
-4.14313472686772
-4.12713438520638
-4.23410650517697
-4.11087386433725
-4.11087386433725
-6.31173481408939
-7.01660968993906
-4.39444915590701
-4.11087386433725
-4.11087386433725
-4.38202663579888
-4.12713438520638
-4.12713438520638
-4.11087386433725
-4.11087386433725
-5.35658627731352
-6.50727771687755
-4.29045944142236
-4.11087386433725
-4.11087386433725
-6.55036580097473
-5.39362754944327
-4.11087386433725
-4.11087386433725
-4.11087386433725
-4.17438727066487
-4.15888308351592
-4.47733681618275
-4.11087386433725
-4.11087386433725
-6.64898455976571
-4.83628191285095
-3.62434093337636
-4.11087386433725
-4.11087386433725
-4.39444915751194
-4.12713438520638
-4.33073334120738
-4.11087386433725
-4.11087386433725
-5.40267738736777
-7.23633935072411
-4.17438727004948
-4.11087386433725
-4.11087386433725
-3.89182030001539
-21.5561749603163
-4.11087386433725
-4.11087386433725
-4.11087386433725
-4.61512051793037
-4.8283137389823
-5.49306144453396
-4.11087386433725
-4.11087386433725
-8.0000141091561
-5.72358510603735
-4.11087386433725
-4.11087386433725
-4.11087386433725
-4.14313472686772
-4.12713438520638
-4.23410650517697
-4.11087386433725
-4.11087386433725
-6.31173481408939
-7.01660968993906
-4.39444915590701
-4.11087386433725
-4.11087386433725
-4.38202663579888
-4.12713438520638
-4.12713438520638
-4.11087386433725
-4.11087386433725
-5.35658627731352
-6.50727771687755
-4.29045944142236
-4.11087386433725
-4.11087386433725
-7.24351298153467
-5.39362754944327
-4.11087386433725
-4.11087386433725
-4.11087386433725
-4.17438727066487
-4.15888308351592
-4.47733681618275
-4.11087386433725
-4.11087386433725
-7.74759684843382
-5.93489420151906
-4.31748811393631
-4.11087386433725
-4.11087386433725
-4.39444915751194
-4.12713438520638
-4.33073334120738
-4.11087386433725
-4.11087386433725
-5.40267738736777
-7.23633935072411
-4.17438727004948
-4.11087386433725
-4.11087386433725
-4.9904325886835
-4.23410650503204
-22.5315546082896
-4.11087386433725
-4.11087386433725
-4.61512051793037
-4.8283137389823
-5.49306144453396
-4.11087386433725
-4.11087386433725
-8.0000141091561
-5.72358510603735
-4.11087386433725
-4.11087386433725
-4.11087386433725
-4.14313472686772
-4.12713438520638
-4.23410650517697
-4.11087386433725
-4.11087386433725
-6.31173481408939
-7.01660968993906
-4.39444915590701
-4.11087386433725
-4.11087386433725
-4.38202663579888
-4.12713438520638
-4.12713438520638
-4.11087386433725
-4.11087386433725
-5.35658627731352
-6.50727771687755
-4.29045944142236
-4.11087386433725
-4.11087386433725
-7.24351298153467
-5.39362754944327
-4.11087386433725
-4.11087386433725
-4.11087386433725
-4.17438727066487
-4.15888308351592
-4.47733681618275
-4.11087386433725
-4.11087386433725
-7.74759684843382
-5.93489420151906
-4.31748811393631
-4.11087386433725
-4.11087386433725
-4.39444915751194
-4.12713438520638
-4.33073334120738
-4.11087386433725
-4.11087386433725
-5.40267738736777
-7.23633935072411
-4.17438727004948
-4.11087386433725
-4.11087386433725
-4.9904325886835
-4.23410650503204
-4.11087386433725
-22.5315546082896
-4.11087386433725
-4.61512051793037
-4.8283137389823
-5.49306144453396
-4.11087386433725
-4.11087386433725
-8.0000141091561
-5.72358510603735
-4.11087386433725
-4.11087386433725
-4.11087386433725
-4.14313472686772
-4.12713438520638
-4.23410650517697
-4.11087386433725
-4.11087386433725
-6.31173481408939
-7.01660968993906
-4.39444915590701
-4.11087386433725
-4.11087386433725
-4.38202663579888
-4.12713438520638
-4.12713438520638
-4.11087386433725
-4.11087386433725
-5.35658627731352
-6.50727771687755
-4.29045944142236
-4.11087386433725
-4.11087386433725
-7.24351298153467
-5.39362754944327
-4.11087386433725
-4.11087386433725
-4.11087386433725
-4.17438727066487
-4.15888308351592
-4.47733681618275
-4.11087386433725
-4.11087386433725
-7.74759684843382
-5.93489420151906
-4.31748811393631
-4.11087386433725
-4.11087386433725
-4.39444915751194
-4.12713438520638
-4.33073334120738
-4.11087386433725
-4.11087386433725
-5.40267738736777
-7.23633935072411
-4.17438727004948
-4.11087386433725
-4.11087386433725
-4.9904325886835
-4.23410650503204
-4.11087386433725
-4.11087386433725
-22.5315546082896
-4.61512051793037
-4.8283137389823
-5.49306144453396
-4.11087386433725
-4.11087386433725
-4.90897165579778
-5.72358510603735
-4.11087386433725
-4.11087386433725
-4.11087386433725
-4.14313472686772
-4.12713438520638
-4.23410650517697
-4.11087386433725
-4.11087386433725
-4.9254404529695
-6.32346250937912
-4.39444915590701
-4.11087386433725
-4.11087386433725
-4.38202663579888
-4.12713438520638
-4.12713438520638
-4.11087386433725
-4.11087386433725
-5.35658627731352
-5.8141305363176
-4.29045944142236
-4.11087386433725
-4.11087386433725
-7.24351298153467
-5.39362754944327
-4.11087386433725
-4.11087386433725
-4.11087386433725
-4.17438727066487
-4.15888308351592
-2.6855773469547
-4.11087386433725
-4.11087386433725
-7.74759684843382
-5.93489420151906
-4.31748811393631
-4.11087386433725
-4.11087386433725
-4.39444915751194
-3.43398720464644
-4.33073334120738
-4.11087386433725
-4.11087386433725
-4.30406509869967
-4.93375425773006
-4.17438727004948
-4.11087386433725
-4.11087386433725
-4.9904325886835
-4.23410650503204
-4.11087386433725
-4.11087386433725
-4.11087386433725
-20.6379059890844
-4.8283137389823
-5.49306144453396
-4.11087386433725
-4.11087386433725
-5.80278953181988
-5.72358510603735
-4.11087386433725
-4.11087386433725
-4.11087386433725
-4.14313472686772
-4.12713438520638
-4.23410650517697
-4.11087386433725
-4.11087386433725
-3.91383954129102
-5.07069954088375
-4.39444915590701
-4.11087386433725
-4.11087386433725
-4.38202663579888
-4.12713438520638
-4.12713438520638
-4.11087386433725
-4.11087386433725
-3.74714836487942
-4.42783617519771
-4.29045944142236
-4.11087386433725
-4.11087386433725
-7.24351298153467
-5.39362754944327
-4.11087386433725
-4.11087386433725
-4.11087386433725
-4.17438727066487
-4.15888308351592
-4.47733681618275
-4.11087386433725
-4.11087386433725
-4.80315786926738
-4.83628191285095
-4.31748811393631
-4.11087386433725
-4.11087386433725
-4.39444915751194
-4.12713438520638
-4.33073334120738
-4.11087386433725
-4.11087386433725
-4.70953020680783
-5.44457988149605
-4.17438727004948
-4.11087386433725
-4.11087386433725
-4.9904325886835
-4.23410650503204
-4.11087386433725
-4.11087386433725
-4.11087386433725
-3.92197333737042
-20.2044720452112
-4.79991426397402
-4.11087386433725
-4.11087386433725
-3.905669546934
-3.93182563680929
-4.11087386433725
-4.11087386433725
-4.11087386433725
-4.14313472686772
-4.12713438520638
-4.23410650517697
-4.11087386433725
-4.11087386433725
-4.23229327240956
-4.61871441714069
-4.39444915590701
-4.11087386433725
-4.11087386433725
-4.38202663579888
-4.12713438520638
-4.12713438520638
-4.11087386433725
-4.11087386433725
-4.25797398864541
-4.10938244407918
-4.29045944142236
-4.11087386433725
-4.11087386433725
-3.68816492004526
-4.00733318832338
-4.11087386433725
-4.11087386433725
-4.11087386433725
-4.17438727066487
-4.15888308351592
-4.47733681618275
-4.11087386433725
-4.11087386433725
-4.22123632381766
-3.73766962418284
-4.31748811393631
-4.11087386433725
-4.11087386433725
-3.00815479639205
-4.12713438520638
-4.33073334120738
-4.11087386433725
-4.11087386433725
-4.70953020680783
-4.93375425773006
-4.17438727004948
-4.11087386433725
-4.11087386433725
-4.9904325886835
-4.23410650503204
-4.11087386433725
-4.11087386433725
-4.11087386433725
-4.61512051793037
-3.72970145031419
-20.5464463584999
-4.11087386433725
-4.11087386433725
-8.0000141091561
-5.72358510603735
-4.11087386433725
-4.11087386433725
-4.11087386433725
-4.14313472686772
-4.12713438520638
-4.23410650517697
-4.11087386433725
-4.11087386433725
-6.31173481408939
-7.01660968993906
-4.39444915590701
-4.11087386433725
-4.11087386433725
-4.38202663579888
-4.12713438520638
-4.12713438520638
-4.11087386433725
-4.11087386433725
-5.35658627731352
-6.50727771687755
-4.29045944142236
-4.11087386433725
-4.11087386433725
-7.24351298153467
-5.39362754944327
-4.11087386433725
-4.11087386433725
-4.11087386433725
-4.17438727066487
-4.15888308351592
-4.47733681618275
-4.11087386433725
-4.11087386433725
-7.74759684843382
-5.93489420151906
-4.31748811393631
-4.11087386433725
-4.11087386433725
-4.39444915751194
-4.12713438520638
-4.33073334120738
-4.11087386433725
-4.11087386433725
-5.40267738736777
-7.23633935072411
-4.17438727004948
-4.11087386433725
-4.11087386433725
-4.9904325886835
-4.23410650503204
-4.11087386433725
-4.11087386433725
-4.11087386433725
-4.61512051793037
-4.8283137389823
-5.49306144453396
-22.5315546082896
-4.11087386433725
-8.0000141091561
-5.72358510603735
-4.11087386433725
-4.11087386433725
-4.11087386433725
-4.14313472686772
-4.12713438520638
-4.23410650517697
-4.11087386433725
-4.11087386433725
-6.31173481408939
-7.01660968993906
-4.39444915590701
-4.11087386433725
-4.11087386433725
-4.38202663579888
-4.12713438520638
-4.12713438520638
-4.11087386433725
-4.11087386433725
-5.35658627731352
-6.50727771687755
-4.29045944142236
-4.11087386433725
-4.11087386433725
-7.24351298153467
-5.39362754944327
-4.11087386433725
-4.11087386433725
-4.11087386433725
-4.17438727066487
-4.15888308351592
-4.47733681618275
-4.11087386433725
-4.11087386433725
-7.74759684843382
-5.93489420151906
-4.31748811393631
-4.11087386433725
-4.11087386433725
-4.39444915751194
-4.12713438520638
-4.33073334120738
-4.11087386433725
-4.11087386433725
-5.40267738736777
-7.23633935072411
-4.17438727004948
-4.11087386433725
-4.11087386433725
-4.9904325886835
-4.23410650503204
-4.11087386433725
-4.11087386433725
-4.11087386433725
-4.61512051793037
-4.8283137389823
-5.49306144453396
-4.11087386433725
-22.5315546082896
60
-3.37504129587183
-4.62497281736924
-4.11087386433725
-4.11087386433725
-4.11087386433725
-4.14313472686772
-4.12713438520638
-4.23410650517697
-4.11087386433725
-4.11087386433725
-4.70229690165529
-4.81938511260284
-3.70130197534706
-4.11087386433725
-4.11087386433725
-3.68887945523894
-4.12713438520638
-4.12713438520638
-4.11087386433725
-4.11087386433725
-4.25797398864541
-5.12098335575766
-4.29045944142236
-4.11087386433725
-4.11087386433725
-5.04628840419846
-4.70048036888332
-4.11087386433725
-4.11087386433725
-4.11087386433725
-4.17438727066487
-4.15888308351592
-4.47733681618275
-4.11087386433725
-4.11087386433725
-4.45175998242949
-4.54859984039917
-4.31748811393631
-4.11087386433725
-4.11087386433725
-4.39444915751194
-4.12713438520638
-4.33073334120738
-4.11087386433725
-4.11087386433725
-3.79323947493367
-4.46375062848433
-4.17438727004948
-4.11087386433725
-4.11087386433725
-4.9904325886835
-4.23410650503204
-4.11087386433725
-4.11087386433725
-4.11087386433725
-3.92197333737042
-4.8283137389823
-4.79991426397402
-4.11087386433725
-4.11087386433725
