60
-1.06327292229474
-4.24132675264269
-4.93447393320263
-4.93447393320263
-4.93447393320263
-4.93447393320263
-4.93447393320263
-4.93447393320263
-4.93447393320263
-4.93447393320263
-4.24132675264269
-4.24132675264269
-4.93447393320263
-4.93447393320263
-4.93447393320263
-4.93447393320263
-4.93447393320263
-4.93447393320263
-4.93447393320263
-4.93447393320263
-4.93447393320263
-4.93447393320263
-4.93447393320263
-4.93447393320263
-4.93447393320263
-2.63188884020859
-4.93447393320263
-4.93447393320263
-4.93447393320263
-4.93447393320263
-4.93447393320263
-4.93447393320263
-4.93447393320263
-4.93447393320263
-4.93447393320263
-2.53657866040426
-4.93447393320263
-4.93447393320263
-4.93447393320263
-4.93447393320263
-4.93447393320263
-4.93447393320263
-4.93447393320263
-4.93447393320263
-4.93447393320263
-4.93447393320263
-2.8550323915228
-4.93447393320263
-4.93447393320263
-4.93447393320263
-4.24132675264269
-4.93447393320263
-4.93447393320263
-4.93447393320263
-4.93447393320263
-4.93447393320263
-4.24132675264269
-4.93447393320263
-4.93447393320263
-4.93447393320263
60 60
-17.8734966449839
-1.05358861130731
-4.11087386433725
-4.11087386433725
-4.11087386433725
-4.14313472655026
-4.11087386433725
-3.43398720464644
-4.11087386433725
-4.11087386433725
-2.12026354115009
-1.46376967902083
-4.14313472655026
-4.11087386433725
-4.11087386433725
-4.15888308351592
-4.11087386433725
-4.11087386433725
-4.11087386433725
-4.11087386433725
-3.82864139985866
-1.94157174919584
-4.15888308351592
-4.11087386433725
-4.11087386433725
-0.726723482956756
-2.16645292085697
-4.11087386433725
-4.11087386433725
-4.11087386433725
-4.11087386433725
-4.11087386433725
-3.44998754646651
-4.11087386433725
-4.11087386433725
-0.429028228530368
-2.23359222393567
-4.11087386433725
-4.11087386433725
-4.11087386433725
-4.12713438536767
-4.11087386433725
-4.12713438520638
-4.11087386433725
-4.11087386433725
-4.15888308492217
-1.50643868296196
-4.12713438520638
-4.11087386433725
-4.11087386433725
-3.40119738243993
-4.11087386433725
-4.11087386433725
-4.11087386433725
-4.11087386433725
-4.12713438520638
-2.99573227417899
-1.92896059228
-4.11087386433725
-4.11087386433725
-3.36409789123495
-19.3336874046385
-4.11087386433725
-4.11087386433725
-4.11087386433725
-4.14313472655026
-4.11087386433725
-4.12713438520638
-4.11087386433725
-4.11087386433725
-4.60517019093809
-5.96357934935109
-4.14313472655026
-4.11087386433725
-4.11087386433725
-3.46573590295598
-4.11087386433725
-4.11087386433725
-4.11087386433725
-4.11087386433725
-4.52178858041861
-5.43807931066232
-4.15888308351592
-4.11087386433725
-4.11087386433725
-3.90966729859889
-3.46573590498723
-4.11087386433725
-4.11087386433725
-4.11087386433725
-4.11087386433725
-4.11087386433725
-4.14313472702645
-4.11087386433725
-4.11087386433725
-4.60061437614629
-4.24849524447793
-4.11087386433725
-4.11087386433725
-4.11087386433725
-4.12713438536767
-4.11087386433725
-4.12713438520638
-4.11087386433725
-4.11087386433725
-4.85203026548212
-4.66343910411207
-4.12713438520638
-4.11087386433725
-4.11087386433725
-3.8066624905481
-4.11087386433725
-4.11087386433725
-4.11087386433725
-4.11087386433725
-4.12713438520638
-3.68887945473894
-4.06902675577627
-4.11087386433725
-4.11087386433725
-7.35308193779922
-5.02388052485943
-22.5315546082896
-4.11087386433725
-4.11087386433725
-4.14313472655026
-4.11087386433725
-4.12713438520638
-4.11087386433725
-4.11087386433725
-5.29831737149804
-5.96357934935109
-4.14313472655026
-4.11087386433725
-4.11087386433725
-4.15888308351592
-4.11087386433725
-4.11087386433725
-4.11087386433725
-4.11087386433725
-4.52178858041861
-5.43807931066232
-4.15888308351592
-4.11087386433725
-4.11087386433725
-6.74288064265511
-4.56434819365534
-4.11087386433725
-4.11087386433725
-4.11087386433725
-4.11087386433725
-4.11087386433725
-4.14313472702645
-4.11087386433725
-4.11087386433725
-6.99850964894466
-4.94164242503788
-4.11087386433725
-4.11087386433725
-4.11087386433725
-4.12713438536767
-4.11087386433725
-4.12713438520638
-4.11087386433725
-4.11087386433725
-4.85203026548212
-6.04973346523196
-4.12713438520638
-4.11087386433725
-4.11087386433725
-4.49980967110804
-4.11087386433725
-4.11087386433725
-4.11087386433725
-4.11087386433725
-4.12713438520638
-4.38202663529888
-4.76217393633622
-4.11087386433725
-4.11087386433725
-7.35308193779922
-5.02388052485943
-4.11087386433725
-22.5315546082896
-4.11087386433725
-4.14313472655026
-4.11087386433725
-4.12713438520638
-4.11087386433725
-4.11087386433725
-5.29831737149804
-5.96357934935109
-4.14313472655026
-4.11087386433725
-4.11087386433725
-4.15888308351592
-4.11087386433725
-4.11087386433725
-4.11087386433725
-4.11087386433725
-4.52178858041861
-5.43807931066232
-4.15888308351592
-4.11087386433725
-4.11087386433725
-6.74288064265511
-4.56434819365534
-4.11087386433725
-4.11087386433725
-4.11087386433725
-4.11087386433725
-4.11087386433725
-4.14313472702645
-4.11087386433725
-4.11087386433725
-6.99850964894466
-4.94164242503788
-4.11087386433725
-4.11087386433725
-4.11087386433725
-4.12713438536767
-4.11087386433725
-4.12713438520638
-4.11087386433725
-4.11087386433725
-4.85203026548212
-6.04973346523196
-4.12713438520638
-4.11087386433725
-4.11087386433725
-4.49980967110804
-4.11087386433725
-4.11087386433725
-4.11087386433725
-4.11087386433725
-4.12713438520638
-4.38202663529888
-4.76217393633622
-4.11087386433725
-4.11087386433725
-7.35308193779922
-5.02388052485943
-4.11087386433725
-4.11087386433725
-22.5315546082896
-4.14313472655026
-4.11087386433725
-4.12713438520638
-4.11087386433725
-4.11087386433725
-5.29831737149804
-5.96357934935109
-4.14313472655026
-4.11087386433725
-4.11087386433725
-4.15888308351592
-4.11087386433725
-4.11087386433725
-4.11087386433725
-4.11087386433725
-4.52178858041861
-5.43807931066232
-4.15888308351592
-4.11087386433725
-4.11087386433725
-6.74288064265511
-4.56434819365534
-4.11087386433725
-4.11087386433725
-4.11087386433725
-4.11087386433725
-4.11087386433725
-4.14313472702645
-4.11087386433725
-4.11087386433725
-6.99850964894466
-4.94164242503788
-4.11087386433725
-4.11087386433725
-4.11087386433725
-4.12713438536767
-4.11087386433725
-4.12713438520638
-4.11087386433725
-4.11087386433725
-4.85203026548212
-6.04973346523196
-4.12713438520638
-4.11087386433725
-4.11087386433725
-4.49980967110804
-4.11087386433725
-4.11087386433725
-4.11087386433725
-4.11087386433725
-4.12713438520638
-4.38202663529888
-4.76217393633622
-4.11087386433725
-4.11087386433725
-6.65993475723928
-5.02388052485943
-4.11087386433725
-4.11087386433725
-4.11087386433725
-22.5638154705026
-4.11087386433725
-4.12713438520638
-4.11087386433725
-4.11087386433725
-5.29831737149804
-5.27043216879115
-4.14313472655026
-4.11087386433725
-4.11087386433725
-4.15888308351592
-4.11087386433725
-4.11087386433725
-4.11087386433725
-4.11087386433725
-4.52178858041861
-5.43807931066232
-4.15888308351592
-4.11087386433725
-4.11087386433725
-6.74288064265511
-4.56434819365534
-4.11087386433725
-4.11087386433725
-4.11087386433725
-4.11087386433725
-4.11087386433725
-4.14313472702645
-4.11087386433725
-4.11087386433725
-6.99850964894466
-4.94164242503788
-4.11087386433725
-4.11087386433725
-4.11087386433725
-4.12713438536767
-4.11087386433725
-4.12713438520638
-4.11087386433725
-4.11087386433725
-4.85203026548212
-6.04973346523196
-4.12713438520638
-4.11087386433725
-4.11087386433725
-4.49980967110804
-4.11087386433725
-4.11087386433725
-4.11087386433725
-4.11087386433725
-4.12713438520638
-4.38202663529888
-4.76217393633622
-4.11087386433725
-4.11087386433725
-7.35308193779922
-5.02388052485943
-4.11087386433725
-4.11087386433725
-4.11087386433725
-4.14313472655026
-22.5315546082896
-4.12713438520638
-4.11087386433725
-4.11087386433725
-5.29831737149804
-5.96357934935109
-4.14313472655026
-4.11087386433725
-4.11087386433725
-4.15888308351592
-4.11087386433725
-4.11087386433725
-4.11087386433725
-4.11087386433725
-4.52178858041861
-5.43807931066232
-4.15888308351592
-4.11087386433725
-4.11087386433725
-6.74288064265511
-4.56434819365534
-4.11087386433725
-4.11087386433725
-4.11087386433725
-4.11087386433725
-4.11087386433725
-4.14313472702645
-4.11087386433725
-4.11087386433725
-6.99850964894466
-4.94164242503788
-4.11087386433725
-4.11087386433725
-4.11087386433725
-4.12713438536767
-4.11087386433725
-4.12713438520638
-4.11087386433725
-4.11087386433725
-4.85203026548212
-6.04973346523196
-4.12713438520638
-4.11087386433725
-4.11087386433725
-4.49980967110804
-4.11087386433725
-4.11087386433725
-4.11087386433725
-4.11087386433725
-4.12713438520638
-4.38202663529888
-4.76217393633622
-4.11087386433725
-4.11087386433725
-7.35308193779922
-5.02388052485943
-4.11087386433725
-4.11087386433725
-4.11087386433725
-4.14313472655026
-4.11087386433725
-22.5478151291587
-4.11087386433725
-4.11087386433725
-5.29831737149804
-5.96357934935109
-4.14313472655026
-4.11087386433725
-4.11087386433725
-4.15888308351592
-4.11087386433725
-4.11087386433725
-4.11087386433725
-4.11087386433725
-4.52178858041861
-5.43807931066232
-4.15888308351592
-4.11087386433725
-4.11087386433725
-6.74288064265511
-4.56434819365534
-4.11087386433725
-4.11087386433725
-4.11087386433725
-4.11087386433725
-4.11087386433725
-4.14313472702645
-4.11087386433725
-4.11087386433725
-6.99850964894466
-4.94164242503788
-4.11087386433725
-4.11087386433725
-4.11087386433725
-4.12713438536767
-4.11087386433725
-4.12713438520638
-4.11087386433725
-4.11087386433725
-4.85203026548212
-6.04973346523196
-4.12713438520638
-4.11087386433725
-4.11087386433725
-4.49980967110804
-4.11087386433725
-4.11087386433725
-4.11087386433725
-4.11087386433725
-4.12713438520638
-3.68887945473894
-4.76217393633622
-4.11087386433725
-4.11087386433725
-7.35308193779922
-5.02388052485943
-4.11087386433725
-4.11087386433725
-4.11087386433725
-4.14313472655026
-4.11087386433725
-4.12713438520638
-22.5315546082896
-4.11087386433725
-5.29831737149804
-5.96357934935109
-4.14313472655026
-4.11087386433725
-4.11087386433725
-4.15888308351592
-4.11087386433725
-4.11087386433725
-4.11087386433725
-4.11087386433725
-4.52178858041861
-5.43807931066232
-4.15888308351592
-4.11087386433725
-4.11087386433725
-6.74288064265511
-4.56434819365534
-4.11087386433725
-4.11087386433725
-4.11087386433725
-4.11087386433725
-4.11087386433725
-4.14313472702645
-4.11087386433725
-4.11087386433725
-6.99850964894466
-4.94164242503788
-4.11087386433725
-4.11087386433725
-4.11087386433725
-4.12713438536767
-4.11087386433725
-4.12713438520638
-4.11087386433725
-4.11087386433725
-4.85203026548212
-6.04973346523196
-4.12713438520638
-4.11087386433725
-4.11087386433725
-4.49980967110804
-4.11087386433725
-4.11087386433725
-4.11087386433725
-4.11087386433725
-4.12713438520638
-4.38202663529888
-4.76217393633622
-4.11087386433725
-4.11087386433725
-7.35308193779922
-5.02388052485943
-4.11087386433725
-4.11087386433725
-4.11087386433725
-4.14313472655026
-4.11087386433725
-4.12713438520638
-4.11087386433725
-22.5315546082896
-5.29831737149804
-5.96357934935109
-4.14313472655026
-4.11087386433725
-4.11087386433725
-4.15888308351592
-4.11087386433725
-4.11087386433725
-4.11087386433725
-4.11087386433725
-4.52178858041861
-5.43807931066232
-4.15888308351592
-4.11087386433725
-4.11087386433725
-6.74288064265511
-4.56434819365534
-4.11087386433725
-4.11087386433725
-4.11087386433725
-4.11087386433725
-4.11087386433725
-4.14313472702645
-4.11087386433725
-4.11087386433725
-6.99850964894466
-4.94164242503788
-4.11087386433725
-4.11087386433725
-4.11087386433725
-4.12713438536767
-4.11087386433725
-4.12713438520638
-4.11087386433725
-4.11087386433725
-4.85203026548212
-6.04973346523196
-4.12713438520638
-4.11087386433725
-4.11087386433725
-4.49980967110804
-4.11087386433725
-4.11087386433725
-4.11087386433725
-4.11087386433725
-4.12713438520638
-4.38202663529888
-4.76217393633622
-4.11087386433725
-4.11087386433725
-3.4212563050749
-5.02388052485943
-4.11087386433725
-4.11087386433725
-4.11087386433725
-4.14313472655026
-4.11087386433725
-4.12713438520638
-4.11087386433725
-4.11087386433725
-19.1238782653158
-4.01766920029578
-4.14313472655026
-4.11087386433725
-4.11087386433725
-4.15888308351592
-4.11087386433725
-4.11087386433725
-4.11087386433725
-4.11087386433725
-3.82864139985866
-3.24085473332611
-4.15888308351592
-4.11087386433725
-4.11087386433725
-4.44029554966106
-4.56434819365534
-4.11087386433725
-4.11087386433725
-4.11087386433725
-4.11087386433725
-4.11087386433725
-4.14313472702645
-4.11087386433725
-4.11087386433725
-4.60061437614629
-4.94164242503788
-4.11087386433725
-4.11087386433725
-4.11087386433725
-4.12713438536767
-4.11087386433725
-4.12713438520638
-4.11087386433725
-4.11087386433725
-1.48473443549564
-2.75389659922763
-4.12713438520638
-4.11087386433725
-4.11087386433725
-4.49980967110804
-4.11087386433725
-4.11087386433725
-4.11087386433725
-4.11087386433725
-4.12713438520638
-3.68887945473894
-4.76217393633622
-4.11087386433725
-4.11087386433725
-2.94636269053497
-5.02388052485943
-4.11087386433725
-4.11087386433725
-4.11087386433725
-4.14313472655026
-4.11087386433725
-4.12713438520638
-4.11087386433725
-4.11087386433725
-2.20727491813972
-18.9770883218433
-4.14313472655026
-4.11087386433725
-4.11087386433725
-4.15888308351592
-4.11087386433725
-4.11087386433725
-4.11087386433725
-4.11087386433725
-2.32456400308239
-2.44234703710833
-4.15888308351592
-4.11087386433725
-4.11087386433725
-2.95869100873685
-3.87120101309539
-4.11087386433725
-4.11087386433725
-4.11087386433725
-4.11087386433725
-4.11087386433725
-4.14313472702645
-4.11087386433725
-4.11087386433725
-2.92097220503894
-3.14988295580982
-4.11087386433725
-4.11087386433725
-4.11087386433725
-4.12713438536767
-4.11087386433725
-4.12713438520638
-4.11087386433725
-4.11087386433725
-1.8075078277587
-1.98929045468554
-4.12713438520638
-4.11087386433725
-4.11087386433725
-3.40119738243993
-4.11087386433725
-4.11087386433725
-4.11087386433725
-4.11087386433725
-4.12713438520638
-2.99573227417899
-2.81626378728091
-4.11087386433725
-4.11087386433725
-7.35308193779922
-5.02388052485943
-4.11087386433725
-4.11087386433725
-4.11087386433725
-4.14313472655026
-4.11087386433725
-4.12713438520638
-4.11087386433725
-4.11087386433725
-5.29831737149804
-5.27043216879115
-22.5638154705026
-4.11087386433725
-4.11087386433725
-4.15888308351592
-4.11087386433725
-4.11087386433725
-4.11087386433725
-4.11087386433725
-4.52178858041861
-5.43807931066232
-4.15888308351592
-4.11087386433725
-4.11087386433725
-6.74288064265511
-4.56434819365534
-4.11087386433725
-4.11087386433725
-4.11087386433725
-4.11087386433725
-4.11087386433725
-4.14313472702645
-4.11087386433725
-4.11087386433725
-6.30536246838472
-4.94164242503788
-4.11087386433725
-4.11087386433725
-4.11087386433725
-4.12713438536767
-4.11087386433725
-4.12713438520638
-4.11087386433725
-4.11087386433725
-4.85203026548212
-6.04973346523196
-4.12713438520638
-4.11087386433725
-4.11087386433725
-4.49980967110804
-4.11087386433725
-4.11087386433725
-4.11087386433725
-4.11087386433725
-4.12713438520638
-4.38202663529888
-4.76217393633622
-4.11087386433725
-4.11087386433725
-7.35308193779922
-5.02388052485943
-4.11087386433725
-4.11087386433725
-4.11087386433725
-4.14313472655026
-4.11087386433725
-4.12713438520638
-4.11087386433725
-4.11087386433725
-5.29831737149804
-5.96357934935109
-4.14313472655026
-22.5315546082896
-4.11087386433725
-4.15888308351592
-4.11087386433725
-4.11087386433725
-4.11087386433725
-4.11087386433725
-4.52178858041861
-5.43807931066232
-4.15888308351592
-4.11087386433725
-4.11087386433725
-6.74288064265511
-4.56434819365534
-4.11087386433725
-4.11087386433725
-4.11087386433725
-4.11087386433725
-4.11087386433725
-4.14313472702645
-4.11087386433725
-4.11087386433725
-6.99850964894466
-4.94164242503788
-4.11087386433725
-4.11087386433725
-4.11087386433725
-4.12713438536767
-4.11087386433725
-4.12713438520638
-4.11087386433725
-4.11087386433725
-4.85203026548212
-6.04973346523196
-4.12713438520638
-4.11087386433725
-4.11087386433725
-4.49980967110804
-4.11087386433725
-4.11087386433725
-4.11087386433725
-4.11087386433725
-4.12713438520638
-4.38202663529888
-4.76217393633622
-4.11087386433725
-4.11087386433725
-7.35308193779922
-5.02388052485943
-4.11087386433725
-4.11087386433725
-4.11087386433725
-4.14313472655026
-4.11087386433725
-4.12713438520638
-4.11087386433725
-4.11087386433725
-5.29831737149804
-5.96357934935109
-4.14313472655026
-4.11087386433725
-22.5315546082896
-4.15888308351592
-4.11087386433725
-4.11087386433725
-4.11087386433725
-4.11087386433725
-4.52178858041861
-5.43807931066232
-4.15888308351592
-4.11087386433725
-4.11087386433725
-6.74288064265511
-4.56434819365534
-4.11087386433725
-4.11087386433725
-4.11087386433725
-4.11087386433725
-4.11087386433725
-4.14313472702645
-4.11087386433725
-4.11087386433725
-6.99850964894466
-4.94164242503788
-4.11087386433725
-4.11087386433725
-4.11087386433725
-4.12713438536767
-4.11087386433725
-4.12713438520638
-4.11087386433725
-4.11087386433725
-4.85203026548212
-6.04973346523196
-4.12713438520638
-4.11087386433725
-4.11087386433725
-4.49980967110804
-4.11087386433725
-4.11087386433725
-4.11087386433725
-4.11087386433725
-4.12713438520638
-4.38202663529888
-4.76217393633622
-4.11087386433725
-4.11087386433725
-6.65993475723928
-5.02388052485943
-4.11087386433725
-4.11087386433725
-4.11087386433725
-4.14313472655026
-4.11087386433725
-4.12713438520638
-4.11087386433725
-4.11087386433725
-5.29831737149804
-5.96357934935109
-4.14313472655026
-4.11087386433725
-4.11087386433725
-22.5795638274683
-4.11087386433725
-4.11087386433725
-4.11087386433725
-4.11087386433725
-4.52178858041861
-5.43807931066232
-4.15888308351592
-4.11087386433725
-4.11087386433725
-6.74288064265511
-3.87120101309539
-4.11087386433725
-4.11087386433725
-4.11087386433725
-4.11087386433725
-4.11087386433725
-4.14313472702645
-4.11087386433725
-4.11087386433725
-6.99850964894466
-4.94164242503788
-4.11087386433725
-4.11087386433725
-4.11087386433725
-4.12713438536767
-4.11087386433725
-4.12713438520638
-4.11087386433725
-4.11087386433725
-4.85203026548212
-6.04973346523196
-4.12713438520638
-4.11087386433725
-4.11087386433725
-3.8066624905481
-4.11087386433725
-4.11087386433725
-4.11087386433725
-4.11087386433725
-4.12713438520638
-4.38202663529888
-4.76217393633622
-4.11087386433725
-4.11087386433725
-7.35308193779922
-5.02388052485943
-4.11087386433725
-4.11087386433725
-4.11087386433725
-4.14313472655026
-4.11087386433725
-4.12713438520638
-4.11087386433725
-4.11087386433725
-5.29831737149804
-5.96357934935109
-4.14313472655026
-4.11087386433725
-4.11087386433725
-4.15888308351592
-22.5315546082896
-4.11087386433725
-4.11087386433725
-4.11087386433725
-4.52178858041861
-5.43807931066232
-4.15888308351592
-4.11087386433725
-4.11087386433725
-6.74288064265511
-4.56434819365534
-4.11087386433725
-4.11087386433725
-4.11087386433725
-4.11087386433725
-4.11087386433725
-4.14313472702645
-4.11087386433725
-4.11087386433725
-6.99850964894466
-4.94164242503788
-4.11087386433725
-4.11087386433725
-4.11087386433725
-4.12713438536767
-4.11087386433725
-4.12713438520638
-4.11087386433725
-4.11087386433725
-4.85203026548212
-6.04973346523196
-4.12713438520638
-4.11087386433725
-4.11087386433725
-4.49980967110804
-4.11087386433725
-4.11087386433725
-4.11087386433725
-4.11087386433725
-4.12713438520638
-4.38202663529888
-4.76217393633622
-4.11087386433725
-4.11087386433725
-7.35308193779922
-5.02388052485943
-4.11087386433725
-4.11087386433725
-4.11087386433725
-4.14313472655026
-4.11087386433725
-4.12713438520638
-4.11087386433725
-4.11087386433725
-5.29831737149804
-5.96357934935109
-4.14313472655026
-4.11087386433725
-4.11087386433725
-4.15888308351592
-4.11087386433725
-22.5315546082896
-4.11087386433725
-4.11087386433725
-4.52178858041861
-5.43807931066232
-4.15888308351592
-4.11087386433725
-4.11087386433725
-6.74288064265511
-4.56434819365534
-4.11087386433725
-4.11087386433725
-4.11087386433725
-4.11087386433725
-4.11087386433725
-4.14313472702645
-4.11087386433725
-4.11087386433725
-6.99850964894466
-4.94164242503788
-4.11087386433725
-4.11087386433725
-4.11087386433725
-4.12713438536767
-4.11087386433725
-4.12713438520638
-4.11087386433725
-4.11087386433725
-4.85203026548212
-6.04973346523196
-4.12713438520638
-4.11087386433725
-4.11087386433725
-4.49980967110804
-4.11087386433725
-4.11087386433725
-4.11087386433725
-4.11087386433725
-4.12713438520638
-4.38202663529888
-4.76217393633622
-4.11087386433725
-4.11087386433725
-7.35308193779922
-5.02388052485943
-4.11087386433725
-4.11087386433725
-4.11087386433725
-4.14313472655026
-4.11087386433725
-4.12713438520638
-4.11087386433725
-4.11087386433725
-5.29831737149804
-5.96357934935109
-4.14313472655026
-4.11087386433725
-4.11087386433725
-4.15888308351592
-4.11087386433725
-4.11087386433725
-22.5315546082896
-4.11087386433725
-4.52178858041861
-5.43807931066232
-4.15888308351592
-4.11087386433725
-4.11087386433725
-6.74288064265511
-4.56434819365534
-4.11087386433725
-4.11087386433725
-4.11087386433725
-4.11087386433725
-4.11087386433725
-4.14313472702645
-4.11087386433725
-4.11087386433725
-6.99850964894466
-4.94164242503788
-4.11087386433725
-4.11087386433725
-4.11087386433725
-4.12713438536767
-4.11087386433725
-4.12713438520638
-4.11087386433725
-4.11087386433725
-4.85203026548212
-6.04973346523196
-4.12713438520638
-4.11087386433725
-4.11087386433725
-4.49980967110804
-4.11087386433725
-4.11087386433725
-4.11087386433725
-4.11087386433725
-4.12713438520638
-4.38202663529888
-4.76217393633622
-4.11087386433725
-4.11087386433725
-7.35308193779922
-5.02388052485943
-4.11087386433725
-4.11087386433725
-4.11087386433725
-4.14313472655026
-4.11087386433725
-4.12713438520638
-4.11087386433725
-4.11087386433725
-5.29831737149804
-5.96357934935109
-4.14313472655026
-4.11087386433725
-4.11087386433725
-4.15888308351592
-4.11087386433725
-4.11087386433725
-4.11087386433725
-22.5315546082896
-4.52178858041861
-5.43807931066232
-4.15888308351592
-4.11087386433725
-4.11087386433725
-6.74288064265511
-4.56434819365534
-4.11087386433725
-4.11087386433725
-4.11087386433725
-4.11087386433725
-4.11087386433725
-4.14313472702645
-4.11087386433725
-4.11087386433725
-6.99850964894466
-4.94164242503788
-4.11087386433725
-4.11087386433725
-4.11087386433725
-4.12713438536767
-4.11087386433725
-4.12713438520638
-4.11087386433725
-4.11087386433725
-4.85203026548212
-6.04973346523196
-4.12713438520638
-4.11087386433725
-4.11087386433725
-4.49980967110804
-4.11087386433725
-4.11087386433725
-4.11087386433725
-4.11087386433725
-4.12713438520638
-4.38202663529888
-4.76217393633622
-4.11087386433725
-4.11087386433725
-5.27364039611939
-5.02388052485943
-4.11087386433725
-4.11087386433725
-4.11087386433725
-4.14313472655026
-4.11087386433725
-4.12713438520638
-4.11087386433725
-4.11087386433725
-5.29831737149804
-4.01766920029578
-4.14313472655026
-4.11087386433725
-4.11087386433725
-4.15888308351592
-4.11087386433725
-4.11087386433725
-4.11087386433725
-4.11087386433725
-19.5084821198858
-5.43807931066232
-4.15888308351592
-4.11087386433725
-4.11087386433725
-6.74288064265511
-4.56434819365534
-4.11087386433725
-4.11087386433725
-4.11087386433725
-4.11087386433725
-4.11087386433725
-4.14313472702645
-4.11087386433725
-4.11087386433725
-6.30536246838472
-4.94164242503788
-4.11087386433725
-4.11087386433725
-4.11087386433725
-4.12713438536767
-4.11087386433725
-4.12713438520638
-4.11087386433725
-4.11087386433725
-3.75341797681401
-3.65183819243359
-4.12713438520638
-4.11087386433725
-4.11087386433725
-4.49980967110804
-4.11087386433725
-4.11087386433725
-4.11087386433725
-4.11087386433725
-4.12713438520638
-4.38202663529888
-2.97041446710816
-4.11087386433725
-4.11087386433725
-3.61541231951586
-4.33073334429949
-4.11087386433725
-4.11087386433725
-4.11087386433725
-4.14313472655026
-4.11087386433725
-4.12713438520638
-4.11087386433725
-4.11087386433725
-3.2188758298182
-2.70548281132961
-4.14313472655026
-4.11087386433725
-4.11087386433725
-4.15888308351592
-4.11087386433725
-4.11087386433725
-4.11087386433725
-4.11087386433725
-3.82864139985866
-20.1698806005008
-4.15888308351592
-4.11087386433725
-4.11087386433725
-4.0348304415529
-4.56434819365534
-4.11087386433725
-4.11087386433725
-4.11087386433725
-4.11087386433725
-4.11087386433725
-3.44998754646651
-4.11087386433725
-4.11087386433725
-3.44316158745525
-4.24849524447793
-4.11087386433725
-4.11087386433725
-4.11087386433725
-4.12713438536767
-4.11087386433725
-4.12713438520638
-4.11087386433725
-4.11087386433725
-4.15888308492217
-2.61574626074681
-4.12713438520638
-4.11087386433725
-4.11087386433725
-4.49980967110804
-4.11087386433725
-4.11087386433725
-4.11087386433725
-4.11087386433725
-4.12713438520638
-2.77258872286478
-3.15273602390212
-4.11087386433725
-4.11087386433725
-6.65993475723928
-5.02388052485943
-4.11087386433725
-4.11087386433725
-4.11087386433725
-4.14313472655026
-4.11087386433725
-4.12713438520638
-4.11087386433725
-4.11087386433725
-5.29831737149804
-5.96357934935109
-4.14313472655026
-4.11087386433725
-4.11087386433725
-4.15888308351592
-4.11087386433725
-4.11087386433725
-4.11087386433725
-4.11087386433725
-4.52178858041861
-5.43807931066232
-22.5795638274683
-4.11087386433725
-4.11087386433725
-6.04973346209516
-4.56434819365534
-4.11087386433725
-4.11087386433725
-4.11087386433725
-4.11087386433725
-4.11087386433725
-4.14313472702645
-4.11087386433725
-4.11087386433725
-6.99850964894466
-4.94164242503788
-4.11087386433725
-4.11087386433725
-4.11087386433725
-4.12713438536767
-4.11087386433725
-4.12713438520638
-4.11087386433725
-4.11087386433725
-4.85203026548212
-6.04973346523196
-4.12713438520638
-4.11087386433725
-4.11087386433725
-4.49980967110804
-4.11087386433725
-4.11087386433725
-4.11087386433725
-4.11087386433725
-4.12713438520638
-4.38202663529888
-4.76217393633622
-4.11087386433725
-4.11087386433725
-7.35308193779922
-5.02388052485943
-4.11087386433725
-4.11087386433725
-4.11087386433725
-4.14313472655026
-4.11087386433725
-4.12713438520638
-4.11087386433725
-4.11087386433725
-5.29831737149804
-5.96357934935109
-4.14313472655026
-4.11087386433725
-4.11087386433725
-4.15888308351592
-4.11087386433725
-4.11087386433725
-4.11087386433725
-4.11087386433725
-4.52178858041861
-5.43807931066232
-4.15888308351592
-22.5315546082896
-4.11087386433725
-6.74288064265511
-4.56434819365534
-4.11087386433725
-4.11087386433725
-4.11087386433725
-4.11087386433725
-4.11087386433725
-4.14313472702645
-4.11087386433725
-4.11087386433725
-6.99850964894466
-4.94164242503788
-4.11087386433725
-4.11087386433725
-4.11087386433725
-4.12713438536767
-4.11087386433725
-4.12713438520638
-4.11087386433725
-4.11087386433725
-4.85203026548212
-6.04973346523196
-4.12713438520638
-4.11087386433725
-4.11087386433725
-4.49980967110804
-4.11087386433725
-4.11087386433725
-4.11087386433725
-4.11087386433725
-4.12713438520638
-4.38202663529888
-4.76217393633622
-4.11087386433725
-4.11087386433725
-7.35308193779922
-5.02388052485943
-4.11087386433725
-4.11087386433725
-4.11087386433725
-4.14313472655026
-4.11087386433725
-4.12713438520638
-4.11087386433725
-4.11087386433725
-5.29831737149804
-5.96357934935109
-4.14313472655026
-4.11087386433725
-4.11087386433725
-4.15888308351592
-4.11087386433725
-4.11087386433725
-4.11087386433725
-4.11087386433725
-4.52178858041861
-5.43807931066232
-4.15888308351592
-4.11087386433725
-22.5315546082896
-6.74288064265511
-4.56434819365534
-4.11087386433725
-4.11087386433725
-4.11087386433725
-4.11087386433725
-4.11087386433725
-4.14313472702645
-4.11087386433725
-4.11087386433725
-6.99850964894466
-4.94164242503788
-4.11087386433725
-4.11087386433725
-4.11087386433725
-4.12713438536767
-4.11087386433725
-4.12713438520638
-4.11087386433725
-4.11087386433725
-4.85203026548212
-6.04973346523196
-4.12713438520638
-4.11087386433725
-4.11087386433725
-4.49980967110804
-4.11087386433725
-4.11087386433725
-4.11087386433725
-4.11087386433725
-4.12713438520638
-4.38202663529888
-4.76217393633622
-4.11087386433725
-4.11087386433725
-1.18347120530777
-2.02814825130544
-4.11087386433725
-4.11087386433725
-4.11087386433725
-4.14313472655026
-4.11087386433725
-4.12713438520638
-4.11087386433725
-4.11087386433725
-3.35240722244272
-2.43721882473493
-3.44998754599032
-4.11087386433725
-4.11087386433725
-3.46573590295598
-4.11087386433725
-4.11087386433725
-4.11087386433725
-4.11087386433725
-3.4231762917505
-2.17998277264084
-4.15888308351592
-4.11087386433725
-4.11087386433725
-18.797090938876
-2.61843804460002
-4.11087386433725
-4.11087386433725
-4.11087386433725
-4.11087386433725
-4.11087386433725
-4.14313472702645
-4.11087386433725
-4.11087386433725
-2.31637842182044
-1.99720344587144
-4.11087386433725
-4.11087386433725
-4.11087386433725
-4.12713438536767
-4.11087386433725
-4.12713438520638
-4.11087386433725
-4.11087386433725
-2.77258872380228
-2.13771045980381
-3.43398720464644
-4.11087386433725
-4.11087386433725
-1.50407739755405
-4.11087386433725
-4.11087386433725
-4.11087386433725
-4.11087386433725
-4.12713438520638
-4.38202663529888
-2.564949359
-4.11087386433725
-4.11087386433725
-5.27364039611939
-4.33073334429949
-4.11087386433725
-4.11087386433725
-4.11087386433725
-4.14313472655026
-4.11087386433725
-4.12713438520638
-4.11087386433725
-4.11087386433725
-5.29831737149804
-3.56568407655272
-3.44998754599032
-4.11087386433725
-4.11087386433725
-4.15888308351592
-4.11087386433725
-4.11087386433725
-4.11087386433725
-4.11087386433725
-4.52178858041861
-5.43807931066232
-4.15888308351592
-4.11087386433725
-4.11087386433725
-4.54565606531889
-19.9405064998843
-4.11087386433725
-4.11087386433725
-4.11087386433725
-4.11087386433725
-4.11087386433725
-4.14313472702645
-4.11087386433725
-4.11087386433725
-6.99850964894466
-4.94164242503788
-4.11087386433725
-4.11087386433725
-4.11087386433725
-3.43398720480773
-4.11087386433725
-4.12713438520638
-4.11087386433725
-4.11087386433725
-4.85203026548212
-4.44029555279786
-4.12713438520638
-4.11087386433725
-4.11087386433725
-3.40119738243993
-4.11087386433725
-4.11087386433725
-4.11087386433725
-4.11087386433725
-4.12713438520638
-4.38202663529888
-4.76217393633622
-4.11087386433725
-4.11087386433725
-7.35308193779922
-5.02388052485943
-4.11087386433725
-4.11087386433725
-4.11087386433725
-4.14313472655026
-4.11087386433725
-4.12713438520638
-4.11087386433725
-4.11087386433725
-5.29831737149804
-5.96357934935109
-4.14313472655026
-4.11087386433725
-4.11087386433725
-4.15888308351592
-4.11087386433725
-4.11087386433725
-4.11087386433725
-4.11087386433725
-4.52178858041861
-5.43807931066232
-4.15888308351592
-4.11087386433725
-4.11087386433725
-6.74288064265511
-4.56434819365534
-22.5315546082896
-4.11087386433725
-4.11087386433725
-4.11087386433725
-4.11087386433725
-4.14313472702645
-4.11087386433725
-4.11087386433725
-6.99850964894466
-4.94164242503788
-4.11087386433725
-4.11087386433725
-4.11087386433725
-4.12713438536767
-4.11087386433725
-4.12713438520638
-4.11087386433725
-4.11087386433725
-4.85203026548212
-6.04973346523196
-4.12713438520638
-4.11087386433725
-4.11087386433725
-4.49980967110804
-4.11087386433725
-4.11087386433725
-4.11087386433725
-4.11087386433725
-4.12713438520638
-4.38202663529888
-4.76217393633622
-4.11087386433725
-4.11087386433725
-7.35308193779922
-5.02388052485943
-4.11087386433725
-4.11087386433725
-4.11087386433725
-4.14313472655026
-4.11087386433725
-4.12713438520638
-4.11087386433725
-4.11087386433725
-5.29831737149804
-5.96357934935109
-4.14313472655026
-4.11087386433725
-4.11087386433725
-4.15888308351592
-4.11087386433725
-4.11087386433725
-4.11087386433725
-4.11087386433725
-4.52178858041861
-5.43807931066232
-4.15888308351592
-4.11087386433725
-4.11087386433725
-6.74288064265511
-4.56434819365534
-4.11087386433725
-22.5315546082896
-4.11087386433725
-4.11087386433725
-4.11087386433725
-4.14313472702645
-4.11087386433725
-4.11087386433725
-6.99850964894466
-4.94164242503788
-4.11087386433725
-4.11087386433725
-4.11087386433725
-4.12713438536767
-4.11087386433725
-4.12713438520638
-4.11087386433725
-4.11087386433725
-4.85203026548212
-6.04973346523196
-4.12713438520638
-4.11087386433725
-4.11087386433725
-4.49980967110804
-4.11087386433725
-4.11087386433725
-4.11087386433725
-4.11087386433725
-4.12713438520638
-4.38202663529888
-4.76217393633622
-4.11087386433725
-4.11087386433725
-7.35308193779922
-5.02388052485943
-4.11087386433725
-4.11087386433725
-4.11087386433725
-4.14313472655026
-4.11087386433725
-4.12713438520638
-4.11087386433725
-4.11087386433725
-5.29831737149804
-5.96357934935109
-4.14313472655026
-4.11087386433725
-4.11087386433725
-4.15888308351592
-4.11087386433725
-4.11087386433725
-4.11087386433725
-4.11087386433725
-4.52178858041861
-5.43807931066232
-4.15888308351592
-4.11087386433725
-4.11087386433725
-6.74288064265511
-4.56434819365534
-4.11087386433725
-4.11087386433725
-22.5315546082896
-4.11087386433725
-4.11087386433725
-4.14313472702645
-4.11087386433725
-4.11087386433725
-6.99850964894466
-4.94164242503788
-4.11087386433725
-4.11087386433725
-4.11087386433725
-4.12713438536767
-4.11087386433725
-4.12713438520638
-4.11087386433725
-4.11087386433725
-4.85203026548212
-6.04973346523196
-4.12713438520638
-4.11087386433725
-4.11087386433725
-4.49980967110804
-4.11087386433725
-4.11087386433725
-4.11087386433725
-4.11087386433725
-4.12713438520638
-4.38202663529888
-4.76217393633622
-4.11087386433725
-4.11087386433725
-7.35308193779922
-5.02388052485943
-4.11087386433725
-4.11087386433725
-4.11087386433725
-4.14313472655026
-4.11087386433725
-4.12713438520638
-4.11087386433725
-4.11087386433725
-5.29831737149804
-5.96357934935109
-4.14313472655026
-4.11087386433725
-4.11087386433725
-4.15888308351592
-4.11087386433725
-4.11087386433725
-4.11087386433725
-4.11087386433725
-4.52178858041861
-5.43807931066232
-4.15888308351592
-4.11087386433725
-4.11087386433725
-6.74288064265511
-4.56434819365534
-4.11087386433725
-4.11087386433725
-4.11087386433725
-22.5315546082896
-4.11087386433725
-4.14313472702645
-4.11087386433725
-4.11087386433725
-6.99850964894466
-4.94164242503788
-4.11087386433725
-4.11087386433725
-4.11087386433725
-4.12713438536767
-4.11087386433725
-4.12713438520638
-4.11087386433725
-4.11087386433725
-4.85203026548212
-6.04973346523196
-4.12713438520638
-4.11087386433725
-4.11087386433725
-4.49980967110804
-4.11087386433725
-4.11087386433725
-4.11087386433725
-4.11087386433725
-4.12713438520638
-4.38202663529888
-4.76217393633622
-4.11087386433725
-4.11087386433725
-7.35308193779922
-5.02388052485943
-4.11087386433725
-4.11087386433725
-4.11087386433725
-4.14313472655026
-4.11087386433725
-4.12713438520638
-4.11087386433725
-4.11087386433725
-5.29831737149804
-5.96357934935109
-4.14313472655026
-4.11087386433725
-4.11087386433725
-4.15888308351592
-4.11087386433725
-4.11087386433725
-4.11087386433725
-4.11087386433725
-4.52178858041861
-5.43807931066232
-4.15888308351592
-4.11087386433725
-4.11087386433725
-6.74288064265511
-4.56434819365534
-4.11087386433725
-4.11087386433725
-4.11087386433725
-4.11087386433725
-22.5315546082896
-4.14313472702645
-4.11087386433725
-4.11087386433725
-6.99850964894466
-4.94164242503788
-4.11087386433725
-4.11087386433725
-4.11087386433725
-4.12713438536767
-4.11087386433725
-4.12713438520638
-4.11087386433725
-4.11087386433725
-4.85203026548212
-6.04973346523196
-4.12713438520638
-4.11087386433725
-4.11087386433725
-4.49980967110804
-4.11087386433725
-4.11087386433725
-4.11087386433725
-4.11087386433725
-4.12713438520638
-4.38202663529888
-4.76217393633622
-4.11087386433725
-4.11087386433725
-7.35308193779922
-5.02388052485943
-4.11087386433725
-4.11087386433725
-4.11087386433725
-4.14313472655026
-4.11087386433725
-4.12713438520638
-4.11087386433725
-4.11087386433725
-5.29831737149804
-5.96357934935109
-4.14313472655026
-4.11087386433725
-4.11087386433725
-4.15888308351592
-4.11087386433725
-4.11087386433725
-4.11087386433725
-4.11087386433725
-4.52178858041861
-5.43807931066232
-4.15888308351592
-4.11087386433725
-4.11087386433725
-6.74288064265511
-4.56434819365534
-4.11087386433725
-4.11087386433725
-4.11087386433725
-4.11087386433725
-4.11087386433725
-21.1775211098589
-4.11087386433725
-4.11087386433725
-5.61221528782477
-4.94164242503788
-4.11087386433725
-4.11087386433725
-4.11087386433725
-4.12713438536767
-4.11087386433725
-4.12713438520638
-4.11087386433725
-4.11087386433725
-4.85203026548212
-6.04973346523196
-4.12713438520638
-4.11087386433725
-4.11087386433725
-4.49980967110804
-4.11087386433725
-4.11087386433725
-4.11087386433725
-4.11087386433725
-4.12713438520638
-3.68887945473894
-4.76217393633622
-4.11087386433725
-4.11087386433725
-7.35308193779922
-5.02388052485943
-4.11087386433725
-4.11087386433725
-4.11087386433725
-4.14313472655026
-4.11087386433725
-4.12713438520638
-4.11087386433725
-4.11087386433725
-5.29831737149804
-5.96357934935109
-4.14313472655026
-4.11087386433725
-4.11087386433725
-4.15888308351592
-4.11087386433725
-4.11087386433725
-4.11087386433725
-4.11087386433725
-4.52178858041861
-5.43807931066232
-4.15888308351592
-4.11087386433725
-4.11087386433725
-6.74288064265511
-4.56434819365534
-4.11087386433725
-4.11087386433725
-4.11087386433725
-4.11087386433725
-4.11087386433725
-4.14313472702645
-22.5315546082896
-4.11087386433725
-6.99850964894466
-4.94164242503788
-4.11087386433725
-4.11087386433725
-4.11087386433725
-4.12713438536767
-4.11087386433725
-4.12713438520638
-4.11087386433725
-4.11087386433725
-4.85203026548212
-6.04973346523196
-4.12713438520638
-4.11087386433725
-4.11087386433725
-4.49980967110804
-4.11087386433725
-4.11087386433725
-4.11087386433725
-4.11087386433725
-4.12713438520638
-4.38202663529888
-4.76217393633622
-4.11087386433725
-4.11087386433725
-7.35308193779922
-5.02388052485943
-4.11087386433725
-4.11087386433725
-4.11087386433725
-4.14313472655026
-4.11087386433725
-4.12713438520638
-4.11087386433725
-4.11087386433725
-5.29831737149804
-5.96357934935109
-4.14313472655026
-4.11087386433725
-4.11087386433725
-4.15888308351592
-4.11087386433725
-4.11087386433725
-4.11087386433725
-4.11087386433725
-4.52178858041861
-5.43807931066232
-4.15888308351592
-4.11087386433725
-4.11087386433725
-6.74288064265511
-4.56434819365534
-4.11087386433725
-4.11087386433725
-4.11087386433725
-4.11087386433725
-4.11087386433725
-4.14313472702645
-4.11087386433725
-22.5315546082896
-6.99850964894466
-4.94164242503788
-4.11087386433725
-4.11087386433725
-4.11087386433725
-4.12713438536767
-4.11087386433725
-4.12713438520638
-4.11087386433725
-4.11087386433725
-4.85203026548212
-6.04973346523196
-4.12713438520638
-4.11087386433725
-4.11087386433725
-4.49980967110804
-4.11087386433725
-4.11087386433725
-4.11087386433725
-4.11087386433725
-4.12713438520638
-4.38202663529888
-4.76217393633622
-4.11087386433725
-4.11087386433725
-1.21751704671748
-2.62598525206106
-4.11087386433725
-4.11087386433725
-4.11087386433725
-3.44998754599032
-4.11087386433725
-4.12713438520638
-4.11087386433725
-4.11087386433725
-1.04982212944868
-1.358409163363
-4.14313472655026
-4.11087386433725
-4.11087386433725
-4.15888308351592
-4.11087386433725
-4.11087386433725
-4.11087386433725
-4.11087386433725
-4.52178858041861
-2.3935568729389
-4.15888308351592
-4.11087386433725
-4.11087386433725
-1.31353501370067
-1.9993988361938
-4.11087386433725
-4.11087386433725
-4.11087386433725
-4.11087386433725
-4.11087386433725
-4.14313472702645
-4.11087386433725
-4.11087386433725
-18.8220446910104
-1.38629436354846
-4.11087386433725
-4.11087386433725
-4.11087386433725
-4.12713438536767
-4.11087386433725
-4.12713438520638
-4.11087386433725
-4.11087386433725
-3.46573590436223
-1.73224535169565
-4.12713438520638
-4.11087386433725
-4.11087386433725
-3.8066624905481
-4.11087386433725
-4.11087386433725
-4.11087386433725
-4.11087386433725
-4.12713438520638
-3.68887945473894
-2.36427866353785
-4.11087386433725
-4.11087386433725
-3.95188455613707
-5.02388052485943
-4.11087386433725
-4.11087386433725
-4.11087386433725
-3.44998754599032
-4.11087386433725
-4.12713438520638
-4.11087386433725
-4.11087386433725
-3.91202301037815
-5.96357934935109
-4.14313472655026
-4.11087386433725
-4.11087386433725
-4.15888308351592
-4.11087386433725
-4.11087386433725
-4.11087386433725
-4.11087386433725
-4.52178858041861
-4.74493213010238
-3.06027079484781
-4.11087386433725
-4.11087386433725
-4.7969704935998
-4.56434819365534
-4.11087386433725
-4.11087386433725
-4.11087386433725
-4.11087386433725
-4.11087386433725
-4.14313472702645
-4.11087386433725
-4.11087386433725
-3.50200208747818
-19.8359626443741
-4.11087386433725
-4.11087386433725
-4.11087386433725
-4.12713438536767
-4.11087386433725
-4.12713438520638
-4.11087386433725
-4.11087386433725
-4.85203026548212
-4.2579739960039
-4.12713438520638
-4.11087386433725
-4.11087386433725
-3.8066624905481
-4.11087386433725
-4.11087386433725
-4.11087386433725
-4.11087386433725
-4.12713438520638
-4.38202663529888
-4.76217393633622
-4.11087386433725
-4.11087386433725
-7.35308193779922
-5.02388052485943
-4.11087386433725
-4.11087386433725
-4.11087386433725
-4.14313472655026
-4.11087386433725
-4.12713438520638
-4.11087386433725
-4.11087386433725
-5.29831737149804
-5.96357934935109
-4.14313472655026
-4.11087386433725
-4.11087386433725
-4.15888308351592
-4.11087386433725
-4.11087386433725
-4.11087386433725
-4.11087386433725
-4.52178858041861
-5.43807931066232
-4.15888308351592
-4.11087386433725
-4.11087386433725
-6.74288064265511
-4.56434819365534
-4.11087386433725
-4.11087386433725
-4.11087386433725
-4.11087386433725
-4.11087386433725
-4.14313472702645
-4.11087386433725
-4.11087386433725
-6.99850964894466
-4.94164242503788
-22.5315546082896
-4.11087386433725
-4.11087386433725
-4.12713438536767
-4.11087386433725
-4.12713438520638
-4.11087386433725
-4.11087386433725
-4.85203026548212
-6.04973346523196
-4.12713438520638
-4.11087386433725
-4.11087386433725
-4.49980967110804
-4.11087386433725
-4.11087386433725
-4.11087386433725
-4.11087386433725
-4.12713438520638
-4.38202663529888
-4.76217393633622
-4.11087386433725
-4.11087386433725
-7.35308193779922
-5.02388052485943
-4.11087386433725
-4.11087386433725
-4.11087386433725
-4.14313472655026
-4.11087386433725
-4.12713438520638
-4.11087386433725
-4.11087386433725
-5.29831737149804
-5.96357934935109
-4.14313472655026
-4.11087386433725
-4.11087386433725
-4.15888308351592
-4.11087386433725
-4.11087386433725
-4.11087386433725
-4.11087386433725
-4.52178858041861
-5.43807931066232
-4.15888308351592
-4.11087386433725
-4.11087386433725
-6.74288064265511
-4.56434819365534
-4.11087386433725
-4.11087386433725
-4.11087386433725
-4.11087386433725
-4.11087386433725
-4.14313472702645
-4.11087386433725
-4.11087386433725
-6.99850964894466
-4.94164242503788
-4.11087386433725
-22.5315546082896
-4.11087386433725
-4.12713438536767
-4.11087386433725
-4.12713438520638
-4.11087386433725
-4.11087386433725
-4.85203026548212
-6.04973346523196
-4.12713438520638
-4.11087386433725
-4.11087386433725
-4.49980967110804
-4.11087386433725
-4.11087386433725
-4.11087386433725
-4.11087386433725
-4.12713438520638
-4.38202663529888
-4.76217393633622
-4.11087386433725
-4.11087386433725
-7.35308193779922
-5.02388052485943
-4.11087386433725
-4.11087386433725
-4.11087386433725
-4.14313472655026
-4.11087386433725
-4.12713438520638
-4.11087386433725
-4.11087386433725
-5.29831737149804
-5.96357934935109
-4.14313472655026
-4.11087386433725
-4.11087386433725
-4.15888308351592
-4.11087386433725
-4.11087386433725
-4.11087386433725
-4.11087386433725
-4.52178858041861
-5.43807931066232
-4.15888308351592
-4.11087386433725
-4.11087386433725
-6.74288064265511
-4.56434819365534
-4.11087386433725
-4.11087386433725
-4.11087386433725
-4.11087386433725
-4.11087386433725
-4.14313472702645
-4.11087386433725
-4.11087386433725
-6.99850964894466
-4.94164242503788
-4.11087386433725
-4.11087386433725
-22.5315546082896
-4.12713438536767
-4.11087386433725
-4.12713438520638
-4.11087386433725
-4.11087386433725
-4.85203026548212
-6.04973346523196
-4.12713438520638
-4.11087386433725
-4.11087386433725
-4.49980967110804
-4.11087386433725
-4.11087386433725
-4.11087386433725
-4.11087386433725
-4.12713438520638
-4.38202663529888
-4.76217393633622
-4.11087386433725
-4.11087386433725
-7.35308193779922
-5.02388052485943
-4.11087386433725
-4.11087386433725
-4.11087386433725
-4.14313472655026
-4.11087386433725
-4.12713438520638
-4.11087386433725
-4.11087386433725
-5.29831737149804
-5.96357934935109
-4.14313472655026
-4.11087386433725
-4.11087386433725
-4.15888308351592
-4.11087386433725
-4.11087386433725
-4.11087386433725
-4.11087386433725
-4.52178858041861
-5.43807931066232
-4.15888308351592
-4.11087386433725
-4.11087386433725
-6.74288064265511
-4.56434819365534
-4.11087386433725
-4.11087386433725
-4.11087386433725
-4.11087386433725
-4.11087386433725
-4.14313472702645
-4.11087386433725
-4.11087386433725
-6.99850964894466
-4.94164242503788
-4.11087386433725
-4.11087386433725
-4.11087386433725
-21.8546679487601
-4.11087386433725
-4.12713438520638
-4.11087386433725
-4.11087386433725
-4.85203026548212
-6.04973346523196
-4.12713438520638
-4.11087386433725
-4.11087386433725
-4.49980967110804
-4.11087386433725
-4.11087386433725
-4.11087386433725
-4.11087386433725
-4.12713438520638
-4.38202663529888
-4.06902675577627
-4.11087386433725
-4.11087386433725
-7.35308193779922
-5.02388052485943
-4.11087386433725
-4.11087386433725
-4.11087386433725
-4.14313472655026
-4.11087386433725
-4.12713438520638
-4.11087386433725
-4.11087386433725
-5.29831737149804
-5.96357934935109
-4.14313472655026
-4.11087386433725
-4.11087386433725
-4.15888308351592
-4.11087386433725
-4.11087386433725
-4.11087386433725
-4.11087386433725
-4.52178858041861
-5.43807931066232
-4.15888308351592
-4.11087386433725
-4.11087386433725
-6.74288064265511
-4.56434819365534
-4.11087386433725
-4.11087386433725
-4.11087386433725
-4.11087386433725
-4.11087386433725
-4.14313472702645
-4.11087386433725
-4.11087386433725
-6.99850964894466
-4.94164242503788
-4.11087386433725
-4.11087386433725
-4.11087386433725
-4.12713438536767
-22.5315546082896
-4.12713438520638
-4.11087386433725
-4.11087386433725
-4.85203026548212
-6.04973346523196
-4.12713438520638
-4.11087386433725
-4.11087386433725
-4.49980967110804
-4.11087386433725
-4.11087386433725
-4.11087386433725
-4.11087386433725
-4.12713438520638
-4.38202663529888
-4.76217393633622
-4.11087386433725
-4.11087386433725
-6.65993475723928
-5.02388052485943
-4.11087386433725
-4.11087386433725
-4.11087386433725
-4.14313472655026
-4.11087386433725
-4.12713438520638
-4.11087386433725
-4.11087386433725
-5.29831737149804
-5.96357934935109
-4.14313472655026
-4.11087386433725
-4.11087386433725
-4.15888308351592
-4.11087386433725
-4.11087386433725
-4.11087386433725
-4.11087386433725
-4.52178858041861
-5.43807931066232
-4.15888308351592
-4.11087386433725
-4.11087386433725
-6.74288064265511
-4.56434819365534
-4.11087386433725
-4.11087386433725
-4.11087386433725
-4.11087386433725
-4.11087386433725
-4.14313472702645
-4.11087386433725
-4.11087386433725
-6.99850964894466
-4.94164242503788
-4.11087386433725
-4.11087386433725
-4.11087386433725
-4.12713438536767
-4.11087386433725
-22.5478151291587
-4.11087386433725
-4.11087386433725
-4.85203026548212
-6.04973346523196
-4.12713438520638
-4.11087386433725
-4.11087386433725
-4.49980967110804
-4.11087386433725
-4.11087386433725
-4.11087386433725
-4.11087386433725
-4.12713438520638
-4.38202663529888
-4.76217393633622
-4.11087386433725
-4.11087386433725
-7.35308193779922
-5.02388052485943
-4.11087386433725
-4.11087386433725
-4.11087386433725
-4.14313472655026
-4.11087386433725
-4.12713438520638
-4.11087386433725
-4.11087386433725
-5.29831737149804
-5.96357934935109
-4.14313472655026
-4.11087386433725
-4.11087386433725
-4.15888308351592
-4.11087386433725
-4.11087386433725
-4.11087386433725
-4.11087386433725
-4.52178858041861
-5.43807931066232
-4.15888308351592
-4.11087386433725
-4.11087386433725
-6.74288064265511
-4.56434819365534
-4.11087386433725
-4.11087386433725
-4.11087386433725
-4.11087386433725
-4.11087386433725
-4.14313472702645
-4.11087386433725
-4.11087386433725
-6.99850964894466
-4.94164242503788
-4.11087386433725
-4.11087386433725
-4.11087386433725
-4.12713438536767
-4.11087386433725
-4.12713438520638
-22.5315546082896
-4.11087386433725
-4.85203026548212
-6.04973346523196
-4.12713438520638
-4.11087386433725
-4.11087386433725
-4.49980967110804
-4.11087386433725
-4.11087386433725
-4.11087386433725
-4.11087386433725
-4.12713438520638
-4.38202663529888
-4.76217393633622
-4.11087386433725
-4.11087386433725
-7.35308193779922
-5.02388052485943
-4.11087386433725
-4.11087386433725
-4.11087386433725
-4.14313472655026
-4.11087386433725
-4.12713438520638
-4.11087386433725
-4.11087386433725
-5.29831737149804
-5.96357934935109
-4.14313472655026
-4.11087386433725
-4.11087386433725
-4.15888308351592
-4.11087386433725
-4.11087386433725
-4.11087386433725
-4.11087386433725
-4.52178858041861
-5.43807931066232
-4.15888308351592
-4.11087386433725
-4.11087386433725
-6.74288064265511
-4.56434819365534
-4.11087386433725
-4.11087386433725
-4.11087386433725
-4.11087386433725
-4.11087386433725
-4.14313472702645
-4.11087386433725
-4.11087386433725
-6.99850964894466
-4.94164242503788
-4.11087386433725
-4.11087386433725
-4.11087386433725
-4.12713438536767
-4.11087386433725
-4.12713438520638
-4.11087386433725
-22.5315546082896
-4.85203026548212
-6.04973346523196
-4.12713438520638
-4.11087386433725
-4.11087386433725
-4.49980967110804
-4.11087386433725
-4.11087386433725
-4.11087386433725
-4.11087386433725
-4.12713438520638
-4.38202663529888
-4.76217393633622
-4.11087386433725
-4.11087386433725
-3.95188455613707
-4.33073334429949
-4.11087386433725
-4.11087386433725
-4.11087386433725
-4.14313472655026
-4.11087386433725
-4.12713438520638
-4.11087386433725
-4.11087386433725
-3.91202301037815
-4.17181988012304
-4.14313472655026
-4.11087386433725
-4.11087386433725
-4.15888308351592
-4.11087386433725
-4.11087386433725
-4.11087386433725
-4.11087386433725
-3.4231762917505
-2.34703685730401
-4.15888308351592
-4.11087386433725
-4.11087386433725
-6.74288064265511
-4.56434819365534
-4.11087386433725
-4.11087386433725
-4.11087386433725
-4.11087386433725
-4.11087386433725
-4.14313472702645
-4.11087386433725
-4.11087386433725
-5.89989736027655
-4.24849524447793
-4.11087386433725
-4.11087386433725
-4.11087386433725
-4.12713438536767
-4.11087386433725
-4.12713438520638
-4.11087386433725
-4.11087386433725
-20.2769787358805
-4.66343910411207
-4.12713438520638
-4.11087386433725
-4.11087386433725
-4.49980967110804
-4.11087386433725
-4.11087386433725
-4.11087386433725
-4.11087386433725
-4.12713438520638
-4.38202663529888
-4.76217393633622
-4.11087386433725
-4.11087386433725
-2.29048690477226
-4.33073334429949
-4.11087386433725
-4.11087386433725
-4.11087386433725
-4.14313472655026
-4.11087386433725
-4.12713438520638
-4.11087386433725
-4.11087386433725
-3.91202301037815
-2.134937952862
-4.14313472655026
-4.11087386433725
-4.11087386433725
-4.15888308351592
-4.11087386433725
-4.11087386433725
-4.11087386433725
-4.11087386433725
-1.8137383793164
-1.8271613980181
-4.15888308351592
-4.11087386433725
-4.11087386433725
-3.159361704199
-4.56434819365534
-4.11087386433725
-4.11087386433725
-4.11087386433725
-4.11087386433725
-4.11087386433725
-4.14313472702645
-4.11087386433725
-4.11087386433725
-3.02821773539254
-3.84303013636977
-4.11087386433725
-4.11087386433725
-4.11087386433725
-4.12713438536767
-4.11087386433725
-4.12713438520638
-4.11087386433725
-4.11087386433725
-3.24259235304802
-18.4206807539524
-4.12713438520638
-4.11087386433725
-4.11087386433725
-4.49980967110804
-4.11087386433725
-4.11087386433725
-4.11087386433725
-4.11087386433725
-3.43398720464644
-2.99573227417899
-2.97041446710816
-4.11087386433725
-4.11087386433725
-7.35308193779922
-5.02388052485943
-4.11087386433725
-4.11087386433725
-4.11087386433725
-4.14313472655026
-4.11087386433725
-4.12713438520638
-4.11087386433725
-4.11087386433725
-5.29831737149804
-5.96357934935109
-4.14313472655026
-4.11087386433725
-4.11087386433725
-4.15888308351592
-4.11087386433725
-4.11087386433725
-4.11087386433725
-4.11087386433725
-4.52178858041861
-5.43807931066232
-4.15888308351592
-4.11087386433725
-4.11087386433725
-6.04973346209516
-4.56434819365534
-4.11087386433725
-4.11087386433725
-4.11087386433725
-4.11087386433725
-4.11087386433725
-4.14313472702645
-4.11087386433725
-4.11087386433725
-6.99850964894466
-4.94164242503788
-4.11087386433725
-4.11087386433725
-4.11087386433725
-4.12713438536767
-4.11087386433725
-4.12713438520638
-4.11087386433725
-4.11087386433725
-4.85203026548212
-6.04973346523196
-22.5478151291587
-4.11087386433725
-4.11087386433725
-4.49980967110804
-4.11087386433725
-4.11087386433725
-4.11087386433725
-4.11087386433725
-4.12713438520638
-4.38202663529888
-4.76217393633622
-4.11087386433725
-4.11087386433725
-7.35308193779922
-5.02388052485943
-4.11087386433725
-4.11087386433725
-4.11087386433725
-4.14313472655026
-4.11087386433725
-4.12713438520638
-4.11087386433725
-4.11087386433725
-5.29831737149804
-5.96357934935109
-4.14313472655026
-4.11087386433725
-4.11087386433725
-4.15888308351592
-4.11087386433725
-4.11087386433725
-4.11087386433725
-4.11087386433725
-4.52178858041861
-5.43807931066232
-4.15888308351592
-4.11087386433725
-4.11087386433725
-6.74288064265511
-4.56434819365534
-4.11087386433725
-4.11087386433725
-4.11087386433725
-4.11087386433725
-4.11087386433725
-4.14313472702645
-4.11087386433725
-4.11087386433725
-6.99850964894466
-4.94164242503788
-4.11087386433725
-4.11087386433725
-4.11087386433725
-4.12713438536767
-4.11087386433725
-4.12713438520638
-4.11087386433725
-4.11087386433725
-4.85203026548212
-6.04973346523196
-4.12713438520638
-22.5315546082896
-4.11087386433725
-4.49980967110804
-4.11087386433725
-4.11087386433725
-4.11087386433725
-4.11087386433725
-4.12713438520638
-4.38202663529888
-4.76217393633622
-4.11087386433725
-4.11087386433725
-7.35308193779922
-5.02388052485943
-4.11087386433725
-4.11087386433725
-4.11087386433725
-4.14313472655026
-4.11087386433725
-4.12713438520638
-4.11087386433725
-4.11087386433725
-5.29831737149804
-5.96357934935109
-4.14313472655026
-4.11087386433725
-4.11087386433725
-4.15888308351592
-4.11087386433725
-4.11087386433725
-4.11087386433725
-4.11087386433725
-4.52178858041861
-5.43807931066232
-4.15888308351592
-4.11087386433725
-4.11087386433725
-6.74288064265511
-4.56434819365534
-4.11087386433725
-4.11087386433725
-4.11087386433725
-4.11087386433725
-4.11087386433725
-4.14313472702645
-4.11087386433725
-4.11087386433725
-6.99850964894466
-4.94164242503788
-4.11087386433725
-4.11087386433725
-4.11087386433725
-4.12713438536767
-4.11087386433725
-4.12713438520638
-4.11087386433725
-4.11087386433725
-4.85203026548212
-6.04973346523196
-4.12713438520638
-4.11087386433725
-22.5315546082896
-4.49980967110804
-4.11087386433725
-4.11087386433725
-4.11087386433725
-4.11087386433725
-4.12713438520638
-4.38202663529888
-4.76217393633622
-4.11087386433725
-4.11087386433725
-4.71402460818396
-3.23212105563138
-4.11087386433725
-4.11087386433725
-4.11087386433725
-4.14313472655026
-4.11087386433725
-4.12713438520638
-4.11087386433725
-4.11087386433725
-5.29831737149804
-4.86496706068298
-4.14313472655026
-4.11087386433725
-4.11087386433725
-3.46573590295598
-4.11087386433725
-4.11087386433725
-4.11087386433725
-4.11087386433725
-4.52178858041861
-5.43807931066232
-4.15888308351592
-4.11087386433725
-4.11087386433725
-6.04973346209516
-3.46573590498723
-4.11087386433725
-4.11087386433725
-4.11087386433725
-4.11087386433725
-4.11087386433725
-4.14313472702645
-4.11087386433725
-4.11087386433725
-6.99850964894466
-4.24849524447793
-4.11087386433725
-4.11087386433725
-4.11087386433725
-4.12713438536767
-4.11087386433725
-4.12713438520638
-4.11087386433725
-4.11087386433725
-4.85203026548212
-4.66343910411207
-4.12713438520638
-4.11087386433725
-4.11087386433725
-20.9745802660051
-4.11087386433725
-4.11087386433725
-4.11087386433725
-4.11087386433725
-4.12713438520638
-4.38202663529888
-4.76217393633622
-4.11087386433725
-4.11087386433725
-7.35308193779922
-5.02388052485943
-4.11087386433725
-4.11087386433725
-4.11087386433725
-4.14313472655026
-4.11087386433725
-4.12713438520638
-4.11087386433725
-4.11087386433725
-5.29831737149804
-5.96357934935109
-4.14313472655026
-4.11087386433725
-4.11087386433725
-4.15888308351592
-4.11087386433725
-4.11087386433725
-4.11087386433725
-4.11087386433725
-4.52178858041861
-5.43807931066232
-4.15888308351592
-4.11087386433725
-4.11087386433725
-6.74288064265511
-4.56434819365534
-4.11087386433725
-4.11087386433725
-4.11087386433725
-4.11087386433725
-4.11087386433725
-4.14313472702645
-4.11087386433725
-4.11087386433725
-6.99850964894466
-4.94164242503788
-4.11087386433725
-4.11087386433725
-4.11087386433725
-4.12713438536767
-4.11087386433725
-4.12713438520638
-4.11087386433725
-4.11087386433725
-4.85203026548212
-6.04973346523196
-4.12713438520638
-4.11087386433725
-4.11087386433725
-4.49980967110804
-22.5315546082896
-4.11087386433725
-4.11087386433725
-4.11087386433725
-4.12713438520638
-4.38202663529888
-4.76217393633622
-4.11087386433725
-4.11087386433725
-7.35308193779922
-5.02388052485943
-4.11087386433725
-4.11087386433725
-4.11087386433725
-4.14313472655026
-4.11087386433725
-4.12713438520638
-4.11087386433725
-4.11087386433725
-5.29831737149804
-5.96357934935109
-4.14313472655026
-4.11087386433725
-4.11087386433725
-4.15888308351592
-4.11087386433725
-4.11087386433725
-4.11087386433725
-4.11087386433725
-4.52178858041861
-5.43807931066232
-4.15888308351592
-4.11087386433725
-4.11087386433725
-6.74288064265511
-4.56434819365534
-4.11087386433725
-4.11087386433725
-4.11087386433725
-4.11087386433725
-4.11087386433725
-4.14313472702645
-4.11087386433725
-4.11087386433725
-6.99850964894466
-4.94164242503788
-4.11087386433725
-4.11087386433725
-4.11087386433725
-4.12713438536767
-4.11087386433725
-4.12713438520638
-4.11087386433725
-4.11087386433725
-4.85203026548212
-6.04973346523196
-4.12713438520638
-4.11087386433725
-4.11087386433725
-4.49980967110804
-4.11087386433725
-22.5315546082896
-4.11087386433725
-4.11087386433725
-4.12713438520638
-4.38202663529888
-4.76217393633622
-4.11087386433725
-4.11087386433725
-7.35308193779922
-5.02388052485943
-4.11087386433725
-4.11087386433725
-4.11087386433725
-4.14313472655026
-4.11087386433725
-4.12713438520638
-4.11087386433725
-4.11087386433725
-5.29831737149804
-5.96357934935109
-4.14313472655026
-4.11087386433725
-4.11087386433725
-4.15888308351592
-4.11087386433725
-4.11087386433725
-4.11087386433725
-4.11087386433725
-4.52178858041861
-5.43807931066232
-4.15888308351592
-4.11087386433725
-4.11087386433725
-6.74288064265511
-4.56434819365534
-4.11087386433725
-4.11087386433725
-4.11087386433725
-4.11087386433725
-4.11087386433725
-4.14313472702645
-4.11087386433725
-4.11087386433725
-6.99850964894466
-4.94164242503788
-4.11087386433725
-4.11087386433725
-4.11087386433725
-4.12713438536767
-4.11087386433725
-4.12713438520638
-4.11087386433725
-4.11087386433725
-4.85203026548212
-6.04973346523196
-4.12713438520638
-4.11087386433725
-4.11087386433725
-4.49980967110804
-4.11087386433725
-4.11087386433725
-22.5315546082896
-4.11087386433725
-4.12713438520638
-4.38202663529888
-4.76217393633622
-4.11087386433725
-4.11087386433725
-7.35308193779922
-5.02388052485943
-4.11087386433725
-4.11087386433725
-4.11087386433725
-4.14313472655026
-4.11087386433725
-4.12713438520638
-4.11087386433725
-4.11087386433725
-5.29831737149804
-5.96357934935109
-4.14313472655026
-4.11087386433725
-4.11087386433725
-4.15888308351592
-4.11087386433725
-4.11087386433725
-4.11087386433725
-4.11087386433725
-4.52178858041861
-5.43807931066232
-4.15888308351592
-4.11087386433725
-4.11087386433725
-6.74288064265511
-4.56434819365534
-4.11087386433725
-4.11087386433725
-4.11087386433725
-4.11087386433725
-4.11087386433725
-4.14313472702645
-4.11087386433725
-4.11087386433725
-6.99850964894466
-4.94164242503788
-4.11087386433725
-4.11087386433725
-4.11087386433725
-4.12713438536767
-4.11087386433725
-4.12713438520638
-4.11087386433725
-4.11087386433725
-4.85203026548212
-6.04973346523196
-4.12713438520638
-4.11087386433725
-4.11087386433725
-4.49980967110804
-4.11087386433725
-4.11087386433725
-4.11087386433725
-22.5315546082896
-4.12713438520638
-4.38202663529888
-4.76217393633622
-4.11087386433725
-4.11087386433725
-7.35308193779922
-5.02388052485943
-4.11087386433725
-4.11087386433725
-4.11087386433725
-4.14313472655026
-4.11087386433725
-4.12713438520638
-4.11087386433725
-4.11087386433725
-5.29831737149804
-5.96357934935109
-4.14313472655026
-4.11087386433725
-4.11087386433725
-4.15888308351592
-4.11087386433725
-4.11087386433725
-4.11087386433725
-4.11087386433725
-4.52178858041861
-5.43807931066232
-3.46573590295598
-4.11087386433725
-4.11087386433725
-6.74288064265511
-4.56434819365534
-4.11087386433725
-4.11087386433725
-4.11087386433725
-4.11087386433725
-4.11087386433725
-4.14313472702645
-4.11087386433725
-4.11087386433725
-6.99850964894466
-4.94164242503788
-4.11087386433725
-4.11087386433725
-4.11087386433725
-4.12713438536767
-4.11087386433725
-4.12713438520638
-4.11087386433725
-4.11087386433725
-4.85203026548212
-6.04973346523196
-4.12713438520638
-4.11087386433725
-4.11087386433725
-4.49980967110804
-4.11087386433725
-4.11087386433725
-4.11087386433725
-4.11087386433725
-22.5478151291587
-4.38202663529888
-4.76217393633622
-4.11087386433725
-4.11087386433725
-5.40717178874391
-5.02388052485943
-4.11087386433725
-4.11087386433725
-4.11087386433725
-4.14313472655026
-4.11087386433725
-4.12713438520638
-4.11087386433725
-4.11087386433725
-4.60517019093809
-5.96357934935109
-4.14313472655026
-4.11087386433725
-4.11087386433725
-4.15888308351592
-4.11087386433725
-4.11087386433725
-4.11087386433725
-4.11087386433725
-3.82864139985866
-4.33946702199422
-4.15888308351592
-4.11087386433725
-4.11087386433725
-5.644268353987
-4.56434819365534
-4.11087386433725
-4.11087386433725
-4.11087386433725
-4.11087386433725
-4.11087386433725
-4.14313472702645
-4.11087386433725
-4.11087386433725
-6.30536246838472
-4.24849524447793
-4.11087386433725
-4.11087386433725
-4.11087386433725
-4.12713438536767
-4.11087386433725
-4.12713438520638
-4.11087386433725
-4.11087386433725
-4.15888308492217
-4.95112117656385
-4.12713438520638
-4.11087386433725
-4.11087386433725
-4.49980967110804
-4.11087386433725
-4.11087386433725
-4.11087386433725
-4.11087386433725
-4.12713438520638
-21.1932694668171
-4.76217393633622
-4.11087386433725
-4.11087386433725
-4.09498539977774
-4.33073334429949
-4.11087386433725
-4.11087386433725
-4.11087386433725
-4.14313472655026
-4.11087386433725
-4.12713438520638
-4.11087386433725
-4.11087386433725
-4.19970508282993
-4.5772849882312
-4.14313472655026
-4.11087386433725
-4.11087386433725
-4.15888308351592
-4.11087386433725
-4.11087386433725
-4.11087386433725
-4.11087386433725
-4.52178858041861
-3.82864139822822
-4.15888308351592
-4.11087386433725
-4.11087386433725
-4.17793128519357
-4.56434819365534
-4.11087386433725
-4.11087386433725
-4.11087386433725
-4.11087386433725
-4.11087386433725
-4.14313472702645
-4.11087386433725
-4.11087386433725
-5.05259949988935
-4.94164242503788
-4.11087386433725
-4.11087386433725
-4.11087386433725
-4.12713438536767
-4.11087386433725
-3.43398720464644
-4.11087386433725
-4.11087386433725
-4.85203026548212
-4.95112117656385
-4.12713438520638
-4.11087386433725
-4.11087386433725
-4.49980967110804
-4.11087386433725
-4.11087386433725
-4.11087386433725
-4.11087386433725
-4.12713438520638
-3.68887945473894
-20.2924829223924
-4.11087386433725
-4.11087386433725
-7.35308193779922
-5.02388052485943
-4.11087386433725
-4.11087386433725
-4.11087386433725
-4.14313472655026
-4.11087386433725
-4.12713438520638
-4.11087386433725
-4.11087386433725
-5.29831737149804
-5.96357934935109
-4.14313472655026
-4.11087386433725
-4.11087386433725
-4.15888308351592
-4.11087386433725
-4.11087386433725
-4.11087386433725
-4.11087386433725
-4.52178858041861
-5.43807931066232
-4.15888308351592
-4.11087386433725
-4.11087386433725
-6.74288064265511
-4.56434819365534
-4.11087386433725
-4.11087386433725
-4.11087386433725
-4.11087386433725
-4.11087386433725
-4.14313472702645
-4.11087386433725
-4.11087386433725
-6.99850964894466
-4.94164242503788
-4.11087386433725
-4.11087386433725
-4.11087386433725
-4.12713438536767
-4.11087386433725
-4.12713438520638
-4.11087386433725
-4.11087386433725
-4.85203026548212
-6.04973346523196
-4.12713438520638
-4.11087386433725
-4.11087386433725
-4.49980967110804
-4.11087386433725
-4.11087386433725
-4.11087386433725
-4.11087386433725
-4.12713438520638
-4.38202663529888
-4.76217393633622
-22.5315546082896
-4.11087386433725
-7.35308193779922
-5.02388052485943
-4.11087386433725
-4.11087386433725
-4.11087386433725
-4.14313472655026
-4.11087386433725
-4.12713438520638
-4.11087386433725
-4.11087386433725
-5.29831737149804
-5.96357934935109
-4.14313472655026
-4.11087386433725
-4.11087386433725
-4.15888308351592
-4.11087386433725
-4.11087386433725
-4.11087386433725
-4.11087386433725
-4.52178858041861
-5.43807931066232
-4.15888308351592
-4.11087386433725
-4.11087386433725
-6.74288064265511
-4.56434819365534
-4.11087386433725
-4.11087386433725
-4.11087386433725
-4.11087386433725
-4.11087386433725
-4.14313472702645
-4.11087386433725
-4.11087386433725
-6.99850964894466
-4.94164242503788
-4.11087386433725
-4.11087386433725
-4.11087386433725
-4.12713438536767
-4.11087386433725
-4.12713438520638
-4.11087386433725
-4.11087386433725
-4.85203026548212
-6.04973346523196
-4.12713438520638
-4.11087386433725
-4.11087386433725
-4.49980967110804
-4.11087386433725
-4.11087386433725
-4.11087386433725
-4.11087386433725
-4.12713438520638
-4.38202663529888
-4.76217393633622
-4.11087386433725
-22.5315546082896
60
-3.24220807362591
-5.02388052485943
-4.11087386433725
-4.11087386433725
-4.11087386433725
-4.14313472655026
-4.11087386433725
-4.12713438520638
-4.11087386433725
-4.11087386433725
-5.29831737149804
-4.5772849882312
-4.14313472655026
-4.11087386433725
-4.11087386433725
-4.15888308351592
-4.11087386433725
-4.11087386433725
-4.11087386433725
-4.11087386433725
-3.82864139985866
-4.74493213010238
-4.15888308351592
-4.11087386433725
-4.11087386433725
-5.35658628153522
-3.87120101309539
-4.11087386433725
-4.11087386433725
-4.11087386433725
-4.11087386433725
-4.11087386433725
-4.14313472702645
-4.11087386433725
-4.11087386433725
-5.20675017971661
-4.24849524447793
-4.11087386433725
-4.11087386433725
-4.11087386433725
-4.12713438536767
-4.11087386433725
-4.12713438520638
-4.11087386433725
-4.11087386433725
-4.85203026548212
-4.95112117656385
-4.12713438520638
-4.11087386433725
-4.11087386433725
-4.49980967110804
-4.11087386433725
-4.11087386433725
-4.11087386433725
-4.11087386433725
-4.12713438520638
-4.38202663529888
-4.76217393633622
-4.11087386433725
-4.11087386433725
