60
-0.983230214563652
-4.46447030389934
-6.54391184557918
-6.54391184557918
-6.54391184557918
-6.54391184557918
-6.54391184557918
-6.54391184557918
-6.54391184557918
-6.54391184557918
-4.75215237635113
-2.61208621285485
-6.54391184557918
-6.54391184557918
-6.54391184557918
-5.85076466501923
-6.54391184557918
-6.54391184557918
-6.54391184557918
-6.54391184557918
-4.59800169652387
-2.85503239146524
-6.54391184557918
-6.54391184557918
-6.54391184557918
-3.17661601559271
-5.85076466501923
-6.54391184557918
-6.54391184557918
-6.54391184557918
-6.54391184557918
-6.54391184557918
-6.54391184557918
-6.54391184557918
-6.54391184557918
-2.2001064237255
-4.05900519579118
-6.54391184557918
-6.54391184557918
-6.54391184557918
-5.85076466501923
-6.54391184557918
-5.85076466501923
-6.54391184557918
-6.54391184557918
-4.46447030389934
-1.69188158165956
-6.54391184557918
-6.54391184557918
-6.54391184557918
-5.85076466501923
-5.85076466501923
-6.54391184557918
-6.54391184557918
-6.54391184557918
-5.85076466501923
-4.46447030389934
-4.75215237635113
-6.54391184557918
-6.54391184557918
60 60
-18.286845804447
-1.29999855189452
-4.21950770635258
-4.11087386433725
-4.11087386433725
-4.33073334133896
-4.31748811406964
-4.33073334107581
-4.11087386433725
-4.11087386433725
-2.50427568205335
-1.87593833197791
-1.56482084877039
-4.11087386433725
-4.11087386433725
-2.13268606027272
-4.12713438520638
-4.27666612026606
-4.11087386433725
-4.11087386433725
-3.28271966761983
-2.43569650655534
-2.35503157019141
-4.11087386433725
-4.11087386433725
-0.786336606172229
-0.89183963969316
-4.14313472686772
-4.11087386433725
-4.11087386433725
-2.17222327677637
-4.59511985144772
-4.01638302147311
-4.11087386433725
-4.11087386433725
-0.998512507629825
-1.46372610531153
-3.54095932461703
-4.11087386433725
-4.11087386433725
-3.40119738266216
-4.14313472718518
-3.78418963619099
-4.11087386433725
-4.11087386433725
-3.65599159296819
-1.97343732885375
-3.73766961983099
-4.11087386433725
-4.11087386433725
-1.78804889470141
-2.57768838475795
-4.15888308367217
-4.11087386433725
-4.11087386433725
-3.57234564285799
-2.68596912155222
-2.10519404046234
-4.11087386433725
-4.11087386433725
-4.10342090590834
-19.2816626535675
-4.21950770635258
-4.11087386433725
-4.11087386433725
-4.33073334133896
-4.31748811406964
-4.33073334107581
-4.11087386433725
-4.11087386433725
-6.39609598016398
-5.87871570067452
-4.87900685344291
-4.11087386433725
-4.11087386433725
-2.70805020517628
-4.12713438520638
-4.27666612026606
-4.11087386433725
-4.11087386433725
-6.57855653362416
-6.78468328715102
-4.226833747093
-4.11087386433725
-4.11087386433725
-5.02732071697159
-2.82336105129637
-4.14313472686772
-4.11087386433725
-4.11087386433725
-4.36944785411259
-4.59511985144772
-4.70953020203305
-4.11087386433725
-4.11087386433725
-5.16455738401712
-3.18988829205377
-4.23410650517697
-4.11087386433725
-4.11087386433725
-4.31748811453631
-4.14313472718518
-4.8828019248591
-4.11087386433725
-4.11087386433725
-5.3905926483563
-5.64319574152091
-3.73766961983099
-4.11087386433725
-4.11087386433725
-3.29212629147768
-4.36944785398601
-4.15888308367217
-4.11087386433725
-4.11087386433725
-5.18178355529209
-6.74641213209864
-4.54754107583154
-4.11087386433725
-4.11087386433725
-9.2392193429586
-6.14418563835311
-20.5607469086251
-4.11087386433725
-4.11087386433725
-4.33073334133896
-4.31748811406964
-4.33073334107581
-4.11087386433725
-4.11087386433725
-5.00980161904409
-8.18130079366857
-5.57215403400286
-4.11087386433725
-4.11087386433725
-4.9052747825125
-4.12713438520638
-4.27666612026606
-4.11087386433725
-4.11087386433725
-7.2717037141841
-8.39412119958512
-4.91998092765294
-4.11087386433725
-4.11087386433725
-8.76499033525496
-6.22455843295853
-4.14313472686772
-4.11087386433725
-4.11087386433725
-4.36944785411259
-4.59511985144772
-4.70953020203305
-4.11087386433725
-4.11087386433725
-9.07658038944526
-6.92755791033714
-4.23410650517697
-4.11087386433725
-4.11087386433725
-5.01063529509626
-4.14313472718518
-4.8828019248591
-4.11087386433725
-4.11087386433725
-6.4892049370244
-9.13970330298739
-4.43081680039093
-4.11087386433725
-4.11087386433725
-5.59471138447173
-4.36944785398601
-4.15888308367217
-4.11087386433725
-4.11087386433725
-5.18178355529209
-6.74641213209864
-6.85012616882559
-4.11087386433725
-4.11087386433725
-9.2392193429586
-6.14418563835311
-4.21950770635258
-22.5315546082896
-4.11087386433725
-4.33073334133896
-4.31748811406964
-4.33073334107581
-4.11087386433725
-4.11087386433725
-7.08924316072393
-8.87444797422851
-5.57215403400286
-4.11087386433725
-4.11087386433725
-4.9052747825125
-4.12713438520638
-4.27666612026606
-4.11087386433725
-4.11087386433725
-7.2717037141841
-8.39412119958512
-4.91998092765294
-4.11087386433725
-4.11087386433725
-8.76499033525496
-6.22455843295853
-4.14313472686772
-4.11087386433725
-4.11087386433725
-4.36944785411259
-4.59511985144772
-4.70953020203305
-4.11087386433725
-4.11087386433725
-9.07658038944526
-6.92755791033714
-4.23410650517697
-4.11087386433725
-4.11087386433725
-5.01063529509626
-4.14313472718518
-4.8828019248591
-4.11087386433725
-4.11087386433725
-6.4892049370244
-9.13970330298739
-4.43081680039093
-4.11087386433725
-4.11087386433725
-5.59471138447173
-4.36944785398601
-4.15888308367217
-4.11087386433725
-4.11087386433725
-5.18178355529209
-6.74641213209864
-6.85012616882559
-4.11087386433725
-4.11087386433725
-9.2392193429586
-6.14418563835311
-4.21950770635258
-4.11087386433725
-22.5315546082896
-4.33073334133896
-4.31748811406964
-4.33073334107581
-4.11087386433725
-4.11087386433725
-7.08924316072393
-8.87444797422851
-5.57215403400286
-4.11087386433725
-4.11087386433725
-4.9052747825125
-4.12713438520638
-4.27666612026606
-4.11087386433725
-4.11087386433725
-7.2717037141841
-8.39412119958512
-4.91998092765294
-4.11087386433725
-4.11087386433725
-8.76499033525496
-6.22455843295853
-4.14313472686772
-4.11087386433725
-4.11087386433725
-4.36944785411259
-4.59511985144772
-4.70953020203305
-4.11087386433725
-4.11087386433725
-9.07658038944526
-6.92755791033714
-4.23410650517697
-4.11087386433725
-4.11087386433725
-5.01063529509626
-4.14313472718518
-4.8828019248591
-4.11087386433725
-4.11087386433725
-6.4892049370244
-9.13970330298739
-4.43081680039093
-4.11087386433725
-4.11087386433725
-5.59471138447173
-4.36944785398601
-4.15888308367217
-4.11087386433725
-4.11087386433725
-5.18178355529209
-6.74641213209864
-6.85012616882559
-4.11087386433725
-4.11087386433725
-8.54607216239866
-5.45103845779317
-4.21950770635258
-4.11087386433725
-4.11087386433725
-20.6719725436115
-3.6243409335097
-4.33073334107581
-4.11087386433725
-4.11087386433725
-7.08924316072393
-8.18130079366857
-5.57215403400286
-4.11087386433725
-4.11087386433725
-3.80666249384439
-4.12713438520638
-4.27666612026606
-4.11087386433725
-4.11087386433725
-7.2717037141841
-8.39412119958512
-4.91998092765294
-4.11087386433725
-4.11087386433725
-7.66637804658685
-6.22455843295853
-3.44998754630778
-4.11087386433725
-4.11087386433725
-4.36944785411259
-4.59511985144772
-4.70953020203305
-4.11087386433725
-4.11087386433725
-9.07658038944526
-6.23441072977719
-4.23410650517697
-4.11087386433725
-4.11087386433725
-3.91202300642815
-4.14313472718518
-4.8828019248591
-4.11087386433725
-4.11087386433725
-6.4892049370244
-8.44655612242744
-4.43081680039093
-4.11087386433725
-4.11087386433725
-5.59471138447173
-4.36944785398601
-4.15888308367217
-4.11087386433725
-4.11087386433725
-4.48863637473214
-6.05326495153869
-6.85012616882559
-4.11087386433725
-4.11087386433725
-9.2392193429586
-6.14418563835311
-4.21950770635258
-4.11087386433725
-4.11087386433725
-3.63758616077902
-21.3518744969021
-4.33073334107581
-4.11087386433725
-4.11087386433725
-7.08924316072393
-8.87444797422851
-5.57215403400286
-4.11087386433725
-4.11087386433725
-4.9052747825125
-4.12713438520638
-4.27666612026606
-4.11087386433725
-4.11087386433725
-5.32579356512879
-7.70097401902518
-4.91998092765294
-4.11087386433725
-4.11087386433725
-8.76499033525496
-6.22455843295853
-4.14313472686772
-4.11087386433725
-4.11087386433725
-4.36944785411259
-4.59511985144772
-4.70953020203305
-4.11087386433725
-4.11087386433725
-8.38343320888532
-6.92755791033714
-4.23410650517697
-4.11087386433725
-4.11087386433725
-4.31748811453631
-4.14313472718518
-4.18965474429915
-4.11087386433725
-4.11087386433725
-4.87976702459031
-9.13970330298739
-4.43081680039093
-4.11087386433725
-4.11087386433725
-5.59471138447173
-4.36944785398601
-4.15888308367217
-4.11087386433725
-4.11087386433725
-5.18178355529209
-6.74641213209864
-6.85012616882559
-4.11087386433725
-4.11087386433725
-9.2392193429586
-5.45103845779317
-4.21950770635258
-4.11087386433725
-4.11087386433725
-4.33073334133896
-3.6243409335097
-20.9596546158001
-4.11087386433725
-4.11087386433725
-6.39609598016398
-8.18130079366857
-5.57215403400286
-4.11087386433725
-4.11087386433725
-4.9052747825125
-4.12713438520638
-4.27666612026606
-4.11087386433725
-4.11087386433725
-6.57855653362416
-7.29550891091701
-4.91998092765294
-4.11087386433725
-4.11087386433725
-8.76499033525496
-6.22455843295853
-4.14313472686772
-4.11087386433725
-4.11087386433725
-4.36944785411259
-4.59511985144772
-4.70953020203305
-4.11087386433725
-4.11087386433725
-7.69028602832537
-5.82894562166903
-4.23410650517697
-4.11087386433725
-4.11087386433725
-5.01063529509626
-4.14313472718518
-4.8828019248591
-4.11087386433725
-4.11087386433725
-5.3905926483563
-9.13970330298739
-4.43081680039093
-4.11087386433725
-4.11087386433725
-5.59471138447173
-4.36944785398601
-4.15888308367217
-4.11087386433725
-4.11087386433725
-5.18178355529209
-6.05326495153869
-6.85012616882559
-4.11087386433725
-4.11087386433725
-9.2392193429586
-6.14418563835311
-4.21950770635258
-4.11087386433725
-4.11087386433725
-4.33073334133896
-4.31748811406964
-4.33073334107581
-22.5315546082896
-4.11087386433725
-7.08924316072393
-8.87444797422851
-5.57215403400286
-4.11087386433725
-4.11087386433725
-4.9052747825125
-4.12713438520638
-4.27666612026606
-4.11087386433725
-4.11087386433725
-7.2717037141841
-8.39412119958512
-4.91998092765294
-4.11087386433725
-4.11087386433725
-8.76499033525496
-6.22455843295853
-4.14313472686772
-4.11087386433725
-4.11087386433725
-4.36944785411259
-4.59511985144772
-4.70953020203305
-4.11087386433725
-4.11087386433725
-9.07658038944526
-6.92755791033714
-4.23410650517697
-4.11087386433725
-4.11087386433725
-5.01063529509626
-4.14313472718518
-4.8828019248591
-4.11087386433725
-4.11087386433725
-6.4892049370244
-9.13970330298739
-4.43081680039093
-4.11087386433725
-4.11087386433725
-5.59471138447173
-4.36944785398601
-4.15888308367217
-4.11087386433725
-4.11087386433725
-5.18178355529209
-6.74641213209864
-6.85012616882559
-4.11087386433725
-4.11087386433725
-9.2392193429586
-6.14418563835311
-4.21950770635258
-4.11087386433725
-4.11087386433725
-4.33073334133896
-4.31748811406964
-4.33073334107581
-4.11087386433725
-22.5315546082896
-7.08924316072393
-8.87444797422851
-5.57215403400286
-4.11087386433725
-4.11087386433725
-4.9052747825125
-4.12713438520638
-4.27666612026606
-4.11087386433725
-4.11087386433725
-7.2717037141841
-8.39412119958512
-4.91998092765294
-4.11087386433725
-4.11087386433725
-8.76499033525496
-6.22455843295853
-4.14313472686772
-4.11087386433725
-4.11087386433725
-4.36944785411259
-4.59511985144772
-4.70953020203305
-4.11087386433725
-4.11087386433725
-9.07658038944526
-6.92755791033714
-4.23410650517697
-4.11087386433725
-4.11087386433725
-5.01063529509626
-4.14313472718518
-4.8828019248591
-4.11087386433725
-4.11087386433725
-6.4892049370244
-9.13970330298739
-4.43081680039093
-4.11087386433725
-4.11087386433725
-5.59471138447173
-4.36944785398601
-4.15888308367217
-4.11087386433725
-4.11087386433725
-5.18178355529209
-6.74641213209864
-6.85012616882559
-4.11087386433725
-4.11087386433725
-3.96110468372808
-3.57923628089158
-4.21950770635258
-4.11087386433725
-4.11087386433725
-4.33073334133896
-3.6243409335097
-4.33073334107581
-4.11087386433725
-4.11087386433725
-18.9834290451055
-4.36358846771166
-4.47354174533475
-4.11087386433725
-4.11087386433725
-4.21212760195256
-4.12713438520638
-4.27666612026606
-4.11087386433725
-4.11087386433725
-4.49911499194432
-3.93977390333161
-3.82136863898483
-4.11087386433725
-4.11087386433725
-4.77600628869069
-4.83826407183864
-4.14313472686772
-4.11087386433725
-4.11087386433725
-3.67630067355265
-3.49650756277961
-2.76362005297774
-4.11087386433725
-4.11087386433725
-4.15659946361714
-4.73033333300092
-4.23410650517697
-4.11087386433725
-4.11087386433725
-4.31748811453631
-4.14313472718518
-3.49650756373921
-4.11087386433725
-4.11087386433725
-2.50022089046013
-3.09469798895138
-3.04452243927104
-4.11087386433725
-4.11087386433725
-4.49609909580362
-4.36944785398601
-3.46573590311223
-4.11087386433725
-4.11087386433725
-3.57234564285799
-3.56835830175069
-4.14207596772338
-4.11087386433725
-4.11087386433725
-2.30190526173492
-3.25381388045695
-4.21950770635258
-4.11087386433725
-4.11087386433725
-4.33073334133896
-4.31748811406964
-3.2321210524077
-4.11087386433725
-4.11087386433725
-1.97725537236738
-18.7761371448233
-2.62771505483642
-4.11087386433725
-4.11087386433725
-3.51898042139261
-4.12713438520638
-4.27666612026606
-4.11087386433725
-4.11087386433725
-2.43542180723262
-1.72843748180271
-2.97407077859763
-4.11087386433725
-4.11087386433725
-2.42286891653381
-3.82666316016016
-4.14313472686772
-4.11087386433725
-4.11087386433725
-2.9831534929927
-2.80336038221967
-2.917770732805
-4.11087386433725
-4.11087386433725
-1.91962402482963
-2.06002345988156
-4.23410650517697
-4.11087386433725
-4.11087386433725
-1.96611285737283
-4.14313472718518
-2.58021683186505
-4.11087386433725
-4.11087386433725
-1.25276297419446
-1.3253036691829
-3.73766961983099
-4.11087386433725
-4.11087386433725
-2.70433962657556
-4.36944785398601
-4.15888308367217
-4.11087386433725
-4.11087386433725
-4.08317126662398
-2.87521112119075
-2.02984460322055
-4.11087386433725
-4.11087386433725
-5.77348344015887
-5.45103845779317
-4.21950770635258
-4.11087386433725
-4.11087386433725
-4.33073334133896
-4.31748811406964
-4.33073334107581
-4.11087386433725
-4.11087386433725
-4.52429380326239
-4.96242496880037
-20.1216337670473
-4.11087386433725
-4.11087386433725
-3.80666249384439
-4.12713438520638
-4.27666612026606
-4.11087386433725
-4.11087386433725
-6.17309142551599
-6.60236173035707
-4.91998092765294
-4.11087386433725
-4.11087386433725
-5.67394788189664
-3.51650823185632
-4.14313472686772
-4.11087386433725
-4.11087386433725
-4.36944785411259
-4.59511985144772
-4.70953020203305
-4.11087386433725
-4.11087386433725
-5.85770456457706
-5.13579844110909
-4.23410650517697
-4.11087386433725
-4.11087386433725
-5.01063529509626
-4.14313472718518
-4.8828019248591
-4.11087386433725
-4.11087386433725
-4.69744546779635
-5.58435524149797
-4.43081680039093
-4.11087386433725
-4.11087386433725
-5.59471138447173
-4.36944785398601
-4.15888308367217
-4.11087386433725
-4.11087386433725
-5.18178355529209
-6.74641213209864
-5.75151388015748
-4.11087386433725
-4.11087386433725
-9.2392193429586
-6.14418563835311
-4.21950770635258
-4.11087386433725
-4.11087386433725
-4.33073334133896
-4.31748811406964
-4.33073334107581
-4.11087386433725
-4.11087386433725
-7.08924316072393
-8.87444797422851
-5.57215403400286
-22.5315546082896
-4.11087386433725
-4.9052747825125
-4.12713438520638
-4.27666612026606
-4.11087386433725
-4.11087386433725
-7.2717037141841
-8.39412119958512
-4.91998092765294
-4.11087386433725
-4.11087386433725
-8.76499033525496
-6.22455843295853
-4.14313472686772
-4.11087386433725
-4.11087386433725
-4.36944785411259
-4.59511985144772
-4.70953020203305
-4.11087386433725
-4.11087386433725
-9.07658038944526
-6.92755791033714
-4.23410650517697
-4.11087386433725
-4.11087386433725
-5.01063529509626
-4.14313472718518
-4.8828019248591
-4.11087386433725
-4.11087386433725
-6.4892049370244
-9.13970330298739
-4.43081680039093
-4.11087386433725
-4.11087386433725
-5.59471138447173
-4.36944785398601
-4.15888308367217
-4.11087386433725
-4.11087386433725
-5.18178355529209
-6.74641213209864
-6.85012616882559
-4.11087386433725
-4.11087386433725
-9.2392193429586
-6.14418563835311
-4.21950770635258
-4.11087386433725
-4.11087386433725
-4.33073334133896
-4.31748811406964
-4.33073334107581
-4.11087386433725
-4.11087386433725
-7.08924316072393
-8.87444797422851
-5.57215403400286
-4.11087386433725
-22.5315546082896
-4.9052747825125
-4.12713438520638
-4.27666612026606
-4.11087386433725
-4.11087386433725
-7.2717037141841
-8.39412119958512
-4.91998092765294
-4.11087386433725
-4.11087386433725
-8.76499033525496
-6.22455843295853
-4.14313472686772
-4.11087386433725
-4.11087386433725
-4.36944785411259
-4.59511985144772
-4.70953020203305
-4.11087386433725
-4.11087386433725
-9.07658038944526
-6.92755791033714
-4.23410650517697
-4.11087386433725
-4.11087386433725
-5.01063529509626
-4.14313472718518
-4.8828019248591
-4.11087386433725
-4.11087386433725
-6.4892049370244
-9.13970330298739
-4.43081680039093
-4.11087386433725
-4.11087386433725
-5.59471138447173
-4.36944785398601
-4.15888308367217
-4.11087386433725
-4.11087386433725
-5.18178355529209
-6.74641213209864
-6.85012616882559
-4.11087386433725
-4.11087386433725
-6.29478036379216
-3.37159691611333
-4.21950770635258
-4.11087386433725
-4.11087386433725
-4.33073334133896
-4.31748811406964
-4.33073334107581
-4.11087386433725
-4.11087386433725
-7.08924316072393
-8.18130079366857
-4.87900685344291
-4.11087386433725
-4.11087386433725
-19.3186223412324
-3.43398720464644
-4.27666612026606
-4.11087386433725
-4.11087386433725
-6.57855653362416
-7.00782683846523
-3.82136863898483
-4.11087386433725
-4.11087386433725
-6.46240524226091
-5.12594614429042
-4.14313472686772
-4.11087386433725
-4.11087386433725
-4.36944785411259
-4.59511985144772
-4.70953020203305
-4.11087386433725
-4.11087386433725
-8.38343320888532
-4.98164776128183
-4.23410650517697
-4.11087386433725
-4.11087386433725
-3.62434093397637
-4.14313472718518
-4.8828019248591
-4.11087386433725
-4.11087386433725
-6.4892049370244
-8.44655612242744
-4.43081680039093
-4.11087386433725
-4.11087386433725
-3.51526984279189
-3.2708355653179
-4.15888308367217
-4.11087386433725
-4.11087386433725
-5.18178355529209
-6.74641213209864
-6.85012616882559
-4.11087386433725
-4.11087386433725
-9.2392193429586
-6.14418563835311
-4.21950770635258
-4.11087386433725
-4.11087386433725
-4.33073334133896
-4.31748811406964
-4.33073334107581
-4.11087386433725
-4.11087386433725
-7.08924316072393
-8.87444797422851
-5.57215403400286
-4.11087386433725
-4.11087386433725
-4.21212760195256
-22.5478151291587
-4.27666612026606
-4.11087386433725
-4.11087386433725
-7.2717037141841
-8.39412119958512
-4.91998092765294
-4.11087386433725
-4.11087386433725
-8.76499033525496
-6.22455843295853
-4.14313472686772
-4.11087386433725
-4.11087386433725
-4.36944785411259
-4.59511985144772
-4.70953020203305
-4.11087386433725
-4.11087386433725
-9.07658038944526
-6.92755791033714
-4.23410650517697
-4.11087386433725
-4.11087386433725
-5.01063529509626
-4.14313472718518
-4.8828019248591
-4.11087386433725
-4.11087386433725
-6.4892049370244
-9.13970330298739
-4.43081680039093
-4.11087386433725
-4.11087386433725
-5.59471138447173
-4.36944785398601
-4.15888308367217
-4.11087386433725
-4.11087386433725
-5.18178355529209
-6.74641213209864
-6.85012616882559
-4.11087386433725
-4.11087386433725
-9.2392193429586
-6.14418563835311
-4.21950770635258
-4.11087386433725
-4.11087386433725
-4.33073334133896
-4.31748811406964
-4.33073334107581
-4.11087386433725
-4.11087386433725
-7.08924316072393
-8.87444797422851
-5.57215403400286
-4.11087386433725
-4.11087386433725
-4.9052747825125
-4.12713438520638
-20.5001222868822
-4.11087386433725
-4.11087386433725
-6.57855653362416
-7.70097401902518
-4.91998092765294
-4.11087386433725
-4.11087386433725
-8.76499033525496
-6.22455843295853
-4.14313472686772
-4.11087386433725
-4.11087386433725
-4.36944785411259
-4.59511985144772
-4.01638302147311
-4.11087386433725
-4.11087386433725
-9.07658038944526
-6.92755791033714
-4.23410650517697
-4.11087386433725
-4.11087386433725
-5.01063529509626
-4.14313472718518
-4.8828019248591
-4.11087386433725
-4.11087386433725
-5.79605775646446
-7.53026539055329
-4.43081680039093
-4.11087386433725
-4.11087386433725
-5.59471138447173
-4.36944785398601
-4.15888308367217
-4.11087386433725
-4.11087386433725
-4.48863637473214
-6.05326495153869
-6.15697898826564
-4.11087386433725
-4.11087386433725
-9.2392193429586
-6.14418563835311
-4.21950770635258
-4.11087386433725
-4.11087386433725
-4.33073334133896
-4.31748811406964
-4.33073334107581
-4.11087386433725
-4.11087386433725
-7.08924316072393
-8.87444797422851
-5.57215403400286
-4.11087386433725
-4.11087386433725
-4.9052747825125
-4.12713438520638
-4.27666612026606
-22.5315546082896
-4.11087386433725
-7.2717037141841
-8.39412119958512
-4.91998092765294
-4.11087386433725
-4.11087386433725
-8.76499033525496
-6.22455843295853
-4.14313472686772
-4.11087386433725
-4.11087386433725
-4.36944785411259
-4.59511985144772
-4.70953020203305
-4.11087386433725
-4.11087386433725
-9.07658038944526
-6.92755791033714
-4.23410650517697
-4.11087386433725
-4.11087386433725
-5.01063529509626
-4.14313472718518
-4.8828019248591
-4.11087386433725
-4.11087386433725
-6.4892049370244
-9.13970330298739
-4.43081680039093
-4.11087386433725
-4.11087386433725
-5.59471138447173
-4.36944785398601
-4.15888308367217
-4.11087386433725
-4.11087386433725
-5.18178355529209
-6.74641213209864
-6.85012616882559
-4.11087386433725
-4.11087386433725
-9.2392193429586
-6.14418563835311
-4.21950770635258
-4.11087386433725
-4.11087386433725
-4.33073334133896
-4.31748811406964
-4.33073334107581
-4.11087386433725
-4.11087386433725
-7.08924316072393
-8.87444797422851
-5.57215403400286
-4.11087386433725
-4.11087386433725
-4.9052747825125
-4.12713438520638
-4.27666612026606
-4.11087386433725
-22.5315546082896
-7.2717037141841
-8.39412119958512
-4.91998092765294
-4.11087386433725
-4.11087386433725
-8.76499033525496
-6.22455843295853
-4.14313472686772
-4.11087386433725
-4.11087386433725
-4.36944785411259
-4.59511985144772
-4.70953020203305
-4.11087386433725
-4.11087386433725
-9.07658038944526
-6.92755791033714
-4.23410650517697
-4.11087386433725
-4.11087386433725
-5.01063529509626
-4.14313472718518
-4.8828019248591
-4.11087386433725
-4.11087386433725
-6.4892049370244
-9.13970330298739
-4.43081680039093
-4.11087386433725
-4.11087386433725
-5.59471138447173
-4.36944785398601
-4.15888308367217
-4.11087386433725
-4.11087386433725
-5.18178355529209
-6.74641213209864
-6.85012616882559
-4.11087386433725
-4.11087386433725
-4.51183152424626
-4.75789127723322
-4.21950770635258
-4.11087386433725
-4.11087386433725
-3.63758616077902
-3.6243409335097
-4.33073334107581
-4.11087386433725
-4.11087386433725
-3.56288263610777
-3.12187533540288
-4.47354174533475
-4.11087386433725
-4.11087386433725
-4.9052747825125
-4.12713438520638
-3.58351893970611
-4.11087386433725
-4.11087386433725
-18.7358390149849
-3.54993411312653
-4.226833747093
-4.11087386433725
-4.11087386433725
-4.27635396552282
-4.43279896373047
-3.44998754630778
-4.11087386433725
-4.11087386433725
-4.36944785411259
-3.20882549032783
-3.61091791336494
-4.11087386433725
-4.11087386433725
-4.52270349784472
-6.92755791033714
-4.23410650517697
-4.11087386433725
-4.11087386433725
-3.06472514604094
-4.14313472718518
-2.04958858080288
-4.11087386433725
-4.11087386433725
-3.23110839900292
-3.10661708118859
-4.43081680039093
-4.11087386433725
-4.11087386433725
-5.59471138447173
-4.36944785398601
-3.46573590311223
-4.11087386433725
-4.11087386433725
-1.65542303067592
-2.44234703889447
-3.41613896434044
-4.11087386433725
-4.11087386433725
-2.87274889522716
-4.06474409667328
-4.21950770635258
-4.11087386433725
-4.11087386433725
-3.63758616077902
-4.31748811406964
-2.7212954286417
-4.11087386433725
-4.11087386433725
-2.88455054133296
-2.31909108241785
-3.7803945647748
-4.11087386433725
-4.11087386433725
-3.80666249384439
-4.12713438520638
-2.484906651038
-4.11087386433725
-4.11087386433725
-2.50101908971844
-18.9725231644201
-2.97407077859763
-4.11087386433725
-4.11087386433725
-3.20430870423943
-3.33418667506236
-4.14313472686772
-4.11087386433725
-4.11087386433725
-3.67630067355265
-3.49650756277961
-2.14458084457152
-4.11087386433725
-4.11087386433725
-2.57529071890487
-2.92022472510467
-4.23410650517697
-4.11087386433725
-4.11087386433725
-3.62434093397637
-4.14313472718518
-3.78418963619099
-4.11087386433725
-4.11087386433725
-2.37833107285109
-1.86591698514249
-3.33220451172282
-4.11087386433725
-4.11087386433725
-4.49609909580362
-4.36944785398601
-3.46573590311223
-4.11087386433725
-4.11087386433725
-1.65542303067592
-1.70945952968501
-2.01384426187411
-4.11087386433725
-4.11087386433725
-6.84132407016023
-5.45103845779317
-4.21950770635258
-4.11087386433725
-4.11087386433725
-4.33073334133896
-4.31748811406964
-4.33073334107581
-4.11087386433725
-4.11087386433725
-7.08924316072393
-6.79500643254868
-5.57215403400286
-4.11087386433725
-4.11087386433725
-4.9052747825125
-4.12713438520638
-4.27666612026606
-4.11087386433725
-4.11087386433725
-6.57855653362416
-5.99622592678675
-20.1217858467371
-4.11087386433725
-4.11087386433725
-6.46240524226091
-4.61512052052443
-4.14313472686772
-4.11087386433725
-4.11087386433725
-4.36944785411259
-3.90197267088778
-4.70953020203305
-4.11087386433725
-4.11087386433725
-7.97796810077715
-4.3626085528756
-4.23410650517697
-4.11087386433725
-4.11087386433725
-5.01063529509626
-4.14313472718518
-4.8828019248591
-4.11087386433725
-4.11087386433725
-5.10291057590451
-6.57475394552585
-4.43081680039093
-4.11087386433725
-4.11087386433725
-4.49609909580362
-4.36944785398601
-4.15888308367217
-4.11087386433725
-4.11087386433725
-5.18178355529209
-6.74641213209864
-6.15697898826564
-4.11087386433725
-4.11087386433725
-9.2392193429586
-6.14418563835311
-4.21950770635258
-4.11087386433725
-4.11087386433725
-4.33073334133896
-4.31748811406964
-4.33073334107581
-4.11087386433725
-4.11087386433725
-7.08924316072393
-8.87444797422851
-5.57215403400286
-4.11087386433725
-4.11087386433725
-4.9052747825125
-4.12713438520638
-4.27666612026606
-4.11087386433725
-4.11087386433725
-7.2717037141841
-8.39412119958512
-4.91998092765294
-22.5315546082896
-4.11087386433725
-8.76499033525496
-6.22455843295853
-4.14313472686772
-4.11087386433725
-4.11087386433725
-4.36944785411259
-4.59511985144772
-4.70953020203305
-4.11087386433725
-4.11087386433725
-9.07658038944526
-6.92755791033714
-4.23410650517697
-4.11087386433725
-4.11087386433725
-5.01063529509626
-4.14313472718518
-4.8828019248591
-4.11087386433725
-4.11087386433725
-6.4892049370244
-9.13970330298739
-4.43081680039093
-4.11087386433725
-4.11087386433725
-5.59471138447173
-4.36944785398601
-4.15888308367217
-4.11087386433725
-4.11087386433725
-5.18178355529209
-6.74641213209864
-6.85012616882559
-4.11087386433725
-4.11087386433725
-9.2392193429586
-6.14418563835311
-4.21950770635258
-4.11087386433725
-4.11087386433725
-4.33073334133896
-4.31748811406964
-4.33073334107581
-4.11087386433725
-4.11087386433725
-7.08924316072393
-8.87444797422851
-5.57215403400286
-4.11087386433725
-4.11087386433725
-4.9052747825125
-4.12713438520638
-4.27666612026606
-4.11087386433725
-4.11087386433725
-7.2717037141841
-8.39412119958512
-4.91998092765294
-4.11087386433725
-22.5315546082896
-8.76499033525496
-6.22455843295853
-4.14313472686772
-4.11087386433725
-4.11087386433725
-4.36944785411259
-4.59511985144772
-4.70953020203305
-4.11087386433725
-4.11087386433725
-9.07658038944526
-6.92755791033714
-4.23410650517697
-4.11087386433725
-4.11087386433725
-5.01063529509626
-4.14313472718518
-4.8828019248591
-4.11087386433725
-4.11087386433725
-6.4892049370244
-9.13970330298739
-4.43081680039093
-4.11087386433725
-4.11087386433725
-5.59471138447173
-4.36944785398601
-4.15888308367217
-4.11087386433725
-4.11087386433725
-5.18178355529209
-6.74641213209864
-6.85012616882559
-4.11087386433725
-4.11087386433725
-1.42441591346924
-1.77473778588609
-4.21950770635258
-4.11087386433725
-4.11087386433725
-3.63758616077902
-4.31748811406964
-4.33073334107581
-4.11087386433725
-4.11087386433725
-3.30505352680567
-2.56999917180653
-3.96271612156876
-4.11087386433725
-4.11087386433725
-2.26621745289725
-4.12713438520638
-3.58351893970611
-4.11087386433725
-4.11087386433725
-3.052196009008
-2.49971836532027
-2.97407077859763
-4.11087386433725
-4.11087386433725
-19.0968022900453
-2.69819790834237
-4.14313472686772
-4.11087386433725
-4.11087386433725
-3.67630067355265
-3.90197267088778
-4.70953020203305
-4.11087386433725
-4.11087386433725
-1.99067892507965
-2.28316701119577
-3.54095932461703
-4.11087386433725
-4.11087386433725
-3.91202300642815
-4.14313472718518
-4.8828019248591
-4.11087386433725
-4.11087386433725
-3.08800755536225
-2.08958078271833
-4.43081680039093
-4.11087386433725
-4.11087386433725
-1.56935969373658
-2.57768838475795
-4.15888308367217
-4.11087386433725
-4.11087386433725
-5.18178355529209
-3.52753630723044
-2.2754151903222
-4.11087386433725
-4.11087386433725
-4.54787146072946
-3.09966320062969
-4.21950770635258
-4.11087386433725
-4.11087386433725
-3.63758616077902
-4.31748811406964
-4.33073334107581
-4.11087386433725
-4.11087386433725
-4.38119295962172
-5.61635143620703
-1.93456787427647
-4.11087386433725
-4.11087386433725
-4.21212760195256
-4.12713438520638
-4.27666612026606
-4.11087386433725
-4.11087386433725
-4.96911862119006
-5.99622592678675
-4.91998092765294
-4.11087386433725
-4.11087386433725
-3.90517793089329
-19.4194925031977
-4.14313472686772
-4.11087386433725
-4.11087386433725
-4.36944785411259
-4.59511985144772
-4.70953020203305
-4.11087386433725
-4.11087386433725
-5.58007282797878
-4.28850058072188
-3.54095932461703
-4.11087386433725
-4.11087386433725
-2.70805020210221
-4.14313472718518
-4.18965474429915
-4.11087386433725
-4.11087386433725
-4.87976702459031
-5.73850592132523
-3.73766961983099
-4.11087386433725
-4.11087386433725
-3.98527347203763
-3.67630067342606
-4.15888308367217
-4.11087386433725
-4.11087386433725
-5.18178355529209
-6.74641213209864
-4.77068462714575
-4.11087386433725
-4.11087386433725
-9.2392193429586
-6.14418563835311
-4.21950770635258
-4.11087386433725
-4.11087386433725
-3.63758616077902
-4.31748811406964
-4.33073334107581
-4.11087386433725
-4.11087386433725
-7.08924316072393
-8.87444797422851
-5.57215403400286
-4.11087386433725
-4.11087386433725
-4.9052747825125
-4.12713438520638
-4.27666612026606
-4.11087386433725
-4.11087386433725
-6.57855653362416
-8.39412119958512
-4.91998092765294
-4.11087386433725
-4.11087386433725
-8.76499033525496
-6.22455843295853
-21.465203182152
-4.11087386433725
-4.11087386433725
-4.36944785411259
-4.59511985144772
-4.70953020203305
-4.11087386433725
-4.11087386433725
-9.07658038944526
-6.92755791033714
-4.23410650517697
-4.11087386433725
-4.11087386433725
-5.01063529509626
-4.14313472718518
-4.8828019248591
-4.11087386433725
-4.11087386433725
-6.4892049370244
-9.13970330298739
-4.43081680039093
-4.11087386433725
-4.11087386433725
-5.59471138447173
-4.36944785398601
-4.15888308367217
-4.11087386433725
-4.11087386433725
-4.48863637473214
-6.74641213209864
-6.85012616882559
-4.11087386433725
-4.11087386433725
-9.2392193429586
-6.14418563835311
-4.21950770635258
-4.11087386433725
-4.11087386433725
-4.33073334133896
-4.31748811406964
-4.33073334107581
-4.11087386433725
-4.11087386433725
-7.08924316072393
-8.87444797422851
-5.57215403400286
-4.11087386433725
-4.11087386433725
-4.9052747825125
-4.12713438520638
-4.27666612026606
-4.11087386433725
-4.11087386433725
-7.2717037141841
-8.39412119958512
-4.91998092765294
-4.11087386433725
-4.11087386433725
-8.76499033525496
-6.22455843295853
-4.14313472686772
-22.5315546082896
-4.11087386433725
-4.36944785411259
-4.59511985144772
-4.70953020203305
-4.11087386433725
-4.11087386433725
-9.07658038944526
-6.92755791033714
-4.23410650517697
-4.11087386433725
-4.11087386433725
-5.01063529509626
-4.14313472718518
-4.8828019248591
-4.11087386433725
-4.11087386433725
-6.4892049370244
-9.13970330298739
-4.43081680039093
-4.11087386433725
-4.11087386433725
-5.59471138447173
-4.36944785398601
-4.15888308367217
-4.11087386433725
-4.11087386433725
-5.18178355529209
-6.74641213209864
-6.85012616882559
-4.11087386433725
-4.11087386433725
-9.2392193429586
-6.14418563835311
-4.21950770635258
-4.11087386433725
-4.11087386433725
-4.33073334133896
-4.31748811406964
-4.33073334107581
-4.11087386433725
-4.11087386433725
-7.08924316072393
-8.87444797422851
-5.57215403400286
-4.11087386433725
-4.11087386433725
-4.9052747825125
-4.12713438520638
-4.27666612026606
-4.11087386433725
-4.11087386433725
-7.2717037141841
-8.39412119958512
-4.91998092765294
-4.11087386433725
-4.11087386433725
-8.76499033525496
-6.22455843295853
-4.14313472686772
-4.11087386433725
-22.5315546082896
-4.36944785411259
-4.59511985144772
-4.70953020203305
-4.11087386433725
-4.11087386433725
-9.07658038944526
-6.92755791033714
-4.23410650517697
-4.11087386433725
-4.11087386433725
-5.01063529509626
-4.14313472718518
-4.8828019248591
-4.11087386433725
-4.11087386433725
-6.4892049370244
-9.13970330298739
-4.43081680039093
-4.11087386433725
-4.11087386433725
-5.59471138447173
-4.36944785398601
-4.15888308367217
-4.11087386433725
-4.11087386433725
-5.18178355529209
-6.74641213209864
-6.85012616882559
-4.11087386433725
-4.11087386433725
-7.6297814305245
-4.75789127723322
-4.21950770635258
-4.11087386433725
-4.11087386433725
-4.33073334133896
-4.31748811406964
-4.33073334107581
-4.11087386433725
-4.11087386433725
-7.08924316072393
-7.7758356855604
-5.57215403400286
-4.11087386433725
-4.11087386433725
-4.9052747825125
-4.12713438520638
-4.27666612026606
-4.11087386433725
-4.11087386433725
-6.57855653362416
-7.70097401902518
-4.91998092765294
-4.11087386433725
-4.11087386433725
-8.76499033525496
-6.22455843295853
-4.14313472686772
-4.11087386433725
-4.11087386433725
-20.2251792406034
-3.90197267088778
-4.70953020203305
-4.11087386433725
-4.11087386433725
-7.97796810077715
-6.92755791033714
-4.23410650517697
-4.11087386433725
-4.11087386433725
-5.01063529509626
-4.14313472718518
-4.8828019248591
-4.11087386433725
-4.11087386433725
-6.4892049370244
-7.53026539055329
-4.43081680039093
-4.11087386433725
-4.11087386433725
-5.59471138447173
-4.36944785398601
-4.15888308367217
-4.11087386433725
-4.11087386433725
-5.18178355529209
-6.74641213209864
-6.85012616882559
-4.11087386433725
-4.11087386433725
-8.54607216239866
-6.14418563835311
-4.21950770635258
-4.11087386433725
-4.11087386433725
-4.33073334133896
-4.31748811406964
-4.33073334107581
-4.11087386433725
-4.11087386433725
-5.70294879960404
-7.08268850500046
-5.57215403400286
-4.11087386433725
-4.11087386433725
-4.9052747825125
-4.12713438520638
-4.27666612026606
-4.11087386433725
-4.11087386433725
-5.07447913684788
-5.82917184212358
-4.91998092765294
-4.11087386433725
-4.11087386433725
-8.76499033525496
-6.22455843295853
-4.14313472686772
-4.11087386433725
-4.11087386433725
-4.36944785411259
-20.4508512379386
-4.01638302147311
-4.11087386433725
-4.11087386433725
-7.97796810077715
-6.92755791033714
-4.23410650517697
-4.11087386433725
-4.11087386433725
-4.31748811453631
-4.14313472718518
-4.8828019248591
-4.11087386433725
-4.11087386433725
-5.10291057590451
-8.04109101431928
-4.43081680039093
-4.11087386433725
-4.11087386433725
-5.59471138447173
-4.36944785398601
-4.15888308367217
-4.11087386433725
-4.11087386433725
-5.18178355529209
-6.74641213209864
-6.15697898826564
-4.11087386433725
-4.11087386433725
-7.85292498183871
-6.14418563835311
-4.21950770635258
-4.11087386433725
-4.11087386433725
-4.33073334133896
-4.31748811406964
-4.33073334107581
-4.11087386433725
-4.11087386433725
-5.99063087205582
-8.87444797422851
-5.57215403400286
-4.11087386433725
-4.11087386433725
-4.9052747825125
-4.12713438520638
-4.27666612026606
-4.11087386433725
-4.11087386433725
-6.17309142551599
-5.68607099848291
-4.91998092765294
-4.11087386433725
-4.11087386433725
-8.76499033525496
-6.22455843295853
-4.14313472686772
-4.11087386433725
-4.11087386433725
-4.36944785411259
-3.90197267088778
-21.0507694043056
-4.11087386433725
-4.11087386433725
-6.87935581210904
-5.54126354921725
-4.23410650517697
-4.11087386433725
-4.11087386433725
-5.01063529509626
-4.14313472718518
-4.8828019248591
-4.11087386433725
-4.11087386433725
-5.79605775646446
-6.83711820999334
-4.43081680039093
-4.11087386433725
-4.11087386433725
-5.59471138447173
-4.36944785398601
-4.15888308367217
-4.11087386433725
-4.11087386433725
-4.48863637473214
-4.54918755476242
-6.15697898826564
-4.11087386433725
-4.11087386433725
-9.2392193429586
-6.14418563835311
-4.21950770635258
-4.11087386433725
-4.11087386433725
-4.33073334133896
-4.31748811406964
-4.33073334107581
-4.11087386433725
-4.11087386433725
-7.08924316072393
-8.87444797422851
-5.57215403400286
-4.11087386433725
-4.11087386433725
-4.9052747825125
-4.12713438520638
-4.27666612026606
-4.11087386433725
-4.11087386433725
-7.2717037141841
-8.39412119958512
-4.91998092765294
-4.11087386433725
-4.11087386433725
-8.76499033525496
-6.22455843295853
-4.14313472686772
-4.11087386433725
-4.11087386433725
-4.36944785411259
-4.59511985144772
-4.70953020203305
-22.5315546082896
-4.11087386433725
-9.07658038944526
-6.92755791033714
-4.23410650517697
-4.11087386433725
-4.11087386433725
-5.01063529509626
-4.14313472718518
-4.8828019248591
-4.11087386433725
-4.11087386433725
-6.4892049370244
-9.13970330298739
-4.43081680039093
-4.11087386433725
-4.11087386433725
-5.59471138447173
-4.36944785398601
-4.15888308367217
-4.11087386433725
-4.11087386433725
-5.18178355529209
-6.74641213209864
-6.85012616882559
-4.11087386433725
-4.11087386433725
-9.2392193429586
-6.14418563835311
-4.21950770635258
-4.11087386433725
-4.11087386433725
-4.33073334133896
-4.31748811406964
-4.33073334107581
-4.11087386433725
-4.11087386433725
-7.08924316072393
-8.87444797422851
-5.57215403400286
-4.11087386433725
-4.11087386433725
-4.9052747825125
-4.12713438520638
-4.27666612026606
-4.11087386433725
-4.11087386433725
-7.2717037141841
-8.39412119958512
-4.91998092765294
-4.11087386433725
-4.11087386433725
-8.76499033525496
-6.22455843295853
-4.14313472686772
-4.11087386433725
-4.11087386433725
-4.36944785411259
-4.59511985144772
-4.70953020203305
-4.11087386433725
-22.5315546082896
-9.07658038944526
-6.92755791033714
-4.23410650517697
-4.11087386433725
-4.11087386433725
-5.01063529509626
-4.14313472718518
-4.8828019248591
-4.11087386433725
-4.11087386433725
-6.4892049370244
-9.13970330298739
-4.43081680039093
-4.11087386433725
-4.11087386433725
-5.59471138447173
-4.36944785398601
-4.15888308367217
-4.11087386433725
-4.11087386433725
-5.18178355529209
-6.74641213209864
-6.85012616882559
-4.11087386433725
-4.11087386433725
-1.30220185344315
-2.61782511373695
-4.21950770635258
-4.11087386433725
-4.11087386433725
-4.33073334133896
-2.93119375294975
-2.94443897995591
-4.11087386433725
-4.11087386433725
-1.45088849139018
-1.31593123118287
-1.70095302309497
-4.11087386433725
-4.11087386433725
-2.95936463345719
-4.12713438520638
-4.27666612026606
-4.11087386433725
-4.11087386433725
-3.87050633252195
-2.35625027966298
-3.82136863898483
-4.11087386433725
-4.11087386433725
-1.49051077648109
-2.18150716512398
-4.14313472686772
-4.11087386433725
-4.11087386433725
-4.36944785411259
-3.90197267088778
-2.63008866035322
-4.11087386433725
-4.11087386433725
-18.6887425146148
-2.00030422517994
-3.13549421650886
-4.11087386433725
-4.11087386433725
-3.62434093397637
-4.14313472718518
-3.78418963619099
-4.11087386433725
-4.11087386433725
-2.57718193159626
-2.10531537307188
-2.63905733116288
-4.11087386433725
-4.11087386433725
-2.70433962657556
-4.36944785398601
-4.15888308367217
-4.11087386433725
-4.11087386433725
-3.7954891941722
-2.54171951270767
-1.86651954711725
-4.11087386433725
-4.11087386433725
-3.62974754777364
-3.14845336479912
-4.21950770635258
-4.11087386433725
-4.11087386433725
-4.33073334133896
-4.31748811406964
-3.63758616051586
-4.11087386433725
-4.11087386433725
-3.91118933037598
-3.93280555161921
-4.87900685344291
-4.11087386433725
-4.11087386433725
-3.2958368700784
-4.12713438520638
-4.27666612026606
-4.11087386433725
-4.11087386433725
-5.88540935306421
-4.16001469498786
-2.6173958346589
-4.11087386433725
-4.11087386433725
-4.65411647108165
-3.73965178317053
-4.14313472686772
-4.11087386433725
-4.11087386433725
-4.36944785411259
-4.59511985144772
-4.01638302147311
-4.11087386433725
-4.11087386433725
-3.90043065687143
-19.3223726804642
-3.54095932461703
-4.11087386433725
-4.11087386433725
-3.91202300642815
-4.14313472718518
-4.8828019248591
-4.11087386433725
-4.11087386433725
-4.40976339534457
-4.48574295282986
-2.82137888795683
-4.11087386433725
-4.11087386433725
-2.41665755412378
-3.67630067342606
-4.15888308367217
-4.11087386433725
-4.11087386433725
-5.18178355529209
-5.13697421966454
-3.80560373110216
-4.11087386433725
-4.11087386433725
-8.14060705429049
-6.14418563835311
-4.21950770635258
-4.11087386433725
-4.11087386433725
-4.33073334133896
-4.31748811406964
-3.63758616051586
-4.11087386433725
-4.11087386433725
-6.39609598016398
-8.87444797422851
-5.57215403400286
-4.11087386433725
-4.11087386433725
-4.9052747825125
-4.12713438520638
-4.27666612026606
-4.11087386433725
-4.11087386433725
-7.2717037141841
-8.39412119958512
-4.91998092765294
-4.11087386433725
-4.11087386433725
-8.76499033525496
-5.53141125239858
-4.14313472686772
-4.11087386433725
-4.11087386433725
-4.36944785411259
-4.59511985144772
-4.70953020203305
-4.11087386433725
-4.11087386433725
-8.38343320888532
-6.92755791033714
-21.2684928880094
-4.11087386433725
-4.11087386433725
-5.01063529509626
-3.44998754662524
-4.8828019248591
-4.11087386433725
-4.11087386433725
-6.4892049370244
-9.13970330298739
-4.43081680039093
-4.11087386433725
-4.11087386433725
-5.59471138447173
-4.36944785398601
-4.15888308367217
-4.11087386433725
-4.11087386433725
-5.18178355529209
-6.74641213209864
-6.85012616882559
-4.11087386433725
-4.11087386433725
-9.2392193429586
-6.14418563835311
-4.21950770635258
-4.11087386433725
-4.11087386433725
-4.33073334133896
-4.31748811406964
-4.33073334107581
-4.11087386433725
-4.11087386433725
-7.08924316072393
-8.87444797422851
-5.57215403400286
-4.11087386433725
-4.11087386433725
-4.9052747825125
-4.12713438520638
-4.27666612026606
-4.11087386433725
-4.11087386433725
-7.2717037141841
-8.39412119958512
-4.91998092765294
-4.11087386433725
-4.11087386433725
-8.76499033525496
-6.22455843295853
-4.14313472686772
-4.11087386433725
-4.11087386433725
-4.36944785411259
-4.59511985144772
-4.70953020203305
-4.11087386433725
-4.11087386433725
-9.07658038944526
-6.92755791033714
-4.23410650517697
-22.5315546082896
-4.11087386433725
-5.01063529509626
-4.14313472718518
-4.8828019248591
-4.11087386433725
-4.11087386433725
-6.4892049370244
-9.13970330298739
-4.43081680039093
-4.11087386433725
-4.11087386433725
-5.59471138447173
-4.36944785398601
-4.15888308367217
-4.11087386433725
-4.11087386433725
-5.18178355529209
-6.74641213209864
-6.85012616882559
-4.11087386433725
-4.11087386433725
-9.2392193429586
-6.14418563835311
-4.21950770635258
-4.11087386433725
-4.11087386433725
-4.33073334133896
-4.31748811406964
-4.33073334107581
-4.11087386433725
-4.11087386433725
-7.08924316072393
-8.87444797422851
-5.57215403400286
-4.11087386433725
-4.11087386433725
-4.9052747825125
-4.12713438520638
-4.27666612026606
-4.11087386433725
-4.11087386433725
-7.2717037141841
-8.39412119958512
-4.91998092765294
-4.11087386433725
-4.11087386433725
-8.76499033525496
-6.22455843295853
-4.14313472686772
-4.11087386433725
-4.11087386433725
-4.36944785411259
-4.59511985144772
-4.70953020203305
-4.11087386433725
-4.11087386433725
-9.07658038944526
-6.92755791033714
-4.23410650517697
-4.11087386433725
-22.5315546082896
-5.01063529509626
-4.14313472718518
-4.8828019248591
-4.11087386433725
-4.11087386433725
-6.4892049370244
-9.13970330298739
-4.43081680039093
-4.11087386433725
-4.11087386433725
-5.59471138447173
-4.36944785398601
-4.15888308367217
-4.11087386433725
-4.11087386433725
-5.18178355529209
-6.74641213209864
-6.85012616882559
-4.11087386433725
-4.11087386433725
-7.85292498183871
-5.045573349685
-4.21950770635258
-4.11087386433725
-4.11087386433725
-2.94443898021907
-4.31748811406964
-4.33073334107581
-4.11087386433725
-4.11087386433725
-6.39609598016398
-5.98407621633235
-5.57215403400286
-4.11087386433725
-4.11087386433725
-3.51898042139261
-4.12713438520638
-4.27666612026606
-4.11087386433725
-4.11087386433725
-5.19226217250427
-6.78468328715102
-4.226833747093
-4.11087386433725
-4.11087386433725
-7.37869597413507
-5.53141125239858
-4.14313472686772
-4.11087386433725
-4.11087386433725
-4.36944785411259
-4.59511985144772
-4.70953020203305
-4.11087386433725
-4.11087386433725
-6.87935581210904
-5.13579844110909
-4.23410650517697
-4.11087386433725
-4.11087386433725
-20.7232658379464
-4.14313472718518
-4.8828019248591
-4.11087386433725
-4.11087386433725
-5.3905926483563
-5.96164947263944
-4.43081680039093
-4.11087386433725
-4.11087386433725
-5.59471138447173
-4.36944785398601
-4.15888308367217
-4.11087386433725
-4.11087386433725
-5.18178355529209
-6.74641213209864
-5.75151388015748
-4.11087386433725
-4.11087386433725
-8.54607216239866
-6.14418563835311
-4.21950770635258
-4.11087386433725
-4.11087386433725
-4.33073334133896
-4.31748811406964
-4.33073334107581
-4.11087386433725
-4.11087386433725
-7.08924316072393
-8.87444797422851
-5.57215403400286
-4.11087386433725
-4.11087386433725
-4.9052747825125
-4.12713438520638
-4.27666612026606
-4.11087386433725
-4.11087386433725
-7.2717037141841
-8.39412119958512
-4.91998092765294
-4.11087386433725
-4.11087386433725
-8.76499033525496
-6.22455843295853
-4.14313472686772
-4.11087386433725
-4.11087386433725
-4.36944785411259
-4.59511985144772
-4.01638302147311
-4.11087386433725
-4.11087386433725
-9.07658038944526
-6.92755791033714
-4.23410650517697
-4.11087386433725
-4.11087386433725
-5.01063529509626
-20.9543775587034
-4.8828019248591
-4.11087386433725
-4.11087386433725
-6.4892049370244
-9.13970330298739
-4.43081680039093
-4.11087386433725
-4.11087386433725
-5.59471138447173
-4.36944785398601
-4.15888308367217
-4.11087386433725
-4.11087386433725
-5.18178355529209
-6.74641213209864
-6.85012616882559
-4.11087386433725
-4.11087386433725
-7.85292498183871
-6.14418563835311
-4.21950770635258
-4.11087386433725
-4.11087386433725
-3.63758616077902
-2.70805020163554
-4.33073334107581
-4.11087386433725
-4.11087386433725
-5.70294879960404
-6.10185925198873
-5.57215403400286
-4.11087386433725
-4.11087386433725
-4.9052747825125
-4.12713438520638
-4.27666612026606
-4.11087386433725
-4.11087386433725
-4.87380844138573
-8.39412119958512
-4.91998092765294
-4.11087386433725
-4.11087386433725
-7.15555242282086
-5.12594614429042
-4.14313472686772
-4.11087386433725
-4.11087386433725
-4.36944785411259
-3.90197267088778
-4.70953020203305
-4.11087386433725
-4.11087386433725
-9.07658038944526
-6.92755791033714
-4.23410650517697
-4.11087386433725
-4.11087386433725
-4.31748811453631
-3.44998754662524
-19.9022852871493
-4.11087386433725
-4.11087386433725
-5.3905926483563
-6.36711458074761
-4.43081680039093
-4.11087386433725
-4.11087386433725
-5.59471138447173
-4.36944785398601
-4.15888308367217
-4.11087386433725
-4.11087386433725
-5.18178355529209
-5.64779984343053
-4.65290159148937
-4.11087386433725
-4.11087386433725
-9.2392193429586
-6.14418563835311
-4.21950770635258
-4.11087386433725
-4.11087386433725
-4.33073334133896
-4.31748811406964
-4.33073334107581
-4.11087386433725
-4.11087386433725
-7.08924316072393
-8.87444797422851
-5.57215403400286
-4.11087386433725
-4.11087386433725
-4.9052747825125
-4.12713438520638
-4.27666612026606
-4.11087386433725
-4.11087386433725
-7.2717037141841
-8.39412119958512
-4.91998092765294
-4.11087386433725
-4.11087386433725
-8.76499033525496
-6.22455843295853
-4.14313472686772
-4.11087386433725
-4.11087386433725
-4.36944785411259
-4.59511985144772
-4.70953020203305
-4.11087386433725
-4.11087386433725
-9.07658038944526
-6.92755791033714
-4.23410650517697
-4.11087386433725
-4.11087386433725
-5.01063529509626
-4.14313472718518
-4.8828019248591
-22.5315546082896
-4.11087386433725
-6.4892049370244
-9.13970330298739
-4.43081680039093
-4.11087386433725
-4.11087386433725
-5.59471138447173
-4.36944785398601
-4.15888308367217
-4.11087386433725
-4.11087386433725
-5.18178355529209
-6.74641213209864
-6.85012616882559
-4.11087386433725
-4.11087386433725
-9.2392193429586
-6.14418563835311
-4.21950770635258
-4.11087386433725
-4.11087386433725
-4.33073334133896
-4.31748811406964
-4.33073334107581
-4.11087386433725
-4.11087386433725
-7.08924316072393
-8.87444797422851
-5.57215403400286
-4.11087386433725
-4.11087386433725
-4.9052747825125
-4.12713438520638
-4.27666612026606
-4.11087386433725
-4.11087386433725
-7.2717037141841
-8.39412119958512
-4.91998092765294
-4.11087386433725
-4.11087386433725
-8.76499033525496
-6.22455843295853
-4.14313472686772
-4.11087386433725
-4.11087386433725
-4.36944785411259
-4.59511985144772
-4.70953020203305
-4.11087386433725
-4.11087386433725
-9.07658038944526
-6.92755791033714
-4.23410650517697
-4.11087386433725
-4.11087386433725
-5.01063529509626
-4.14313472718518
-4.8828019248591
-4.11087386433725
-22.5315546082896
-6.4892049370244
-9.13970330298739
-4.43081680039093
-4.11087386433725
-4.11087386433725
-5.59471138447173
-4.36944785398601
-4.15888308367217
-4.11087386433725
-4.11087386433725
-5.18178355529209
-6.74641213209864
-6.85012616882559
-4.11087386433725
-4.11087386433725
-5.00511283836134
-5.45103845779317
-4.21950770635258
-4.11087386433725
-4.11087386433725
-2.94443898021907
-4.31748811406964
-3.63758616051586
-4.11087386433725
-4.11087386433725
-3.65525595623878
-4.5569598606922
-5.57215403400286
-4.11087386433725
-4.11087386433725
-4.9052747825125
-4.12713438520638
-3.17805383159795
-4.11087386433725
-4.11087386433725
-3.46504122441378
-3.81941022108174
-2.84053938597311
-4.11087386433725
-4.11087386433725
-6.81908018619965
-6.22455843295853
-4.14313472686772
-4.11087386433725
-4.11087386433725
-4.36944785411259
-2.80336038221967
-4.70953020203305
-4.11087386433725
-4.11087386433725
-5.16455738401712
-3.01553490490899
-4.23410650517697
-4.11087386433725
-4.11087386433725
-4.31748811453631
-4.14313472718518
-3.78418963619099
-4.11087386433725
-4.11087386433725
-18.9829596550064
-4.35221156020534
-4.43081680039093
-4.11087386433725
-4.11087386433725
-5.59471138447173
-4.36944785398601
-4.15888308367217
-4.11087386433725
-4.11087386433725
-5.18178355529209
-4.54918755476242
-4.14207596772338
-4.11087386433725
-4.11087386433725
-1.72769469456773
-3.19974665918667
-4.21950770635258
-4.11087386433725
-4.11087386433725
-3.63758616077902
-3.6243409335097
-3.63758616051586
-4.11087386433725
-4.11087386433725
-1.38546068606773
-1.35421341775389
-2.20485820401639
-4.11087386433725
-4.11087386433725
-4.21212760195256
-4.12713438520638
-3.17805383159795
-4.11087386433725
-4.11087386433725
-0.652964730666883
-0.986803489115705
-2.35503157019141
-4.11087386433725
-4.11087386433725
-2.48646891108912
-3.04650460261058
-4.14313472686772
-4.11087386433725
-4.11087386433725
-2.9831534929927
-2.29253475845368
-2.51230562469684
-4.11087386433725
-4.11087386433725
-1.81605779135541
-2.31243739349588
-4.23410650517697
-4.11087386433725
-4.11087386433725
-1.87514107916711
-4.14313472718518
-1.83827948713568
-4.11087386433725
-4.11087386433725
-1.85447594879477
-18.3614080050426
-2.82137888795683
-4.11087386433725
-4.11087386433725
-2.45921716854258
-3.67630067342606
-4.15888308367217
-4.11087386433725
-4.11087386433725
-1.96290773042389
-1.24108059616628
-1.88728153856568
-4.11087386433725
-4.11087386433725
-9.2392193429586
-4.1982754892978
-4.21950770635258
-4.11087386433725
-4.11087386433725
-4.33073334133896
-4.31748811406964
-4.33073334107581
-4.11087386433725
-4.11087386433725
-5.70294879960404
-7.26501006179441
-5.57215403400286
-4.11087386433725
-4.11087386433725
-4.9052747825125
-4.12713438520638
-4.27666612026606
-4.11087386433725
-4.11087386433725
-7.2717037141841
-7.70097401902518
-4.91998092765294
-4.11087386433725
-4.11087386433725
-8.76499033525496
-6.22455843295853
-4.14313472686772
-4.11087386433725
-4.11087386433725
-4.36944785411259
-4.59511985144772
-4.70953020203305
-4.11087386433725
-4.11087386433725
-7.97796810077715
-5.31811999790304
-4.23410650517697
-4.11087386433725
-4.11087386433725
-5.01063529509626
-4.14313472718518
-4.8828019248591
-4.11087386433725
-4.11087386433725
-6.4892049370244
-7.7534089418675
-20.2865481868818
-4.11087386433725
-4.11087386433725
-5.59471138447173
-4.36944785398601
-4.15888308367217
-4.11087386433725
-4.11087386433725
-5.18178355529209
-6.74641213209864
-6.85012616882559
-4.11087386433725
-4.11087386433725
-9.2392193429586
-6.14418563835311
-4.21950770635258
-4.11087386433725
-4.11087386433725
-4.33073334133896
-4.31748811406964
-4.33073334107581
-4.11087386433725
-4.11087386433725
-7.08924316072393
-8.87444797422851
-5.57215403400286
-4.11087386433725
-4.11087386433725
-4.9052747825125
-4.12713438520638
-4.27666612026606
-4.11087386433725
-4.11087386433725
-7.2717037141841
-8.39412119958512
-4.91998092765294
-4.11087386433725
-4.11087386433725
-8.76499033525496
-6.22455843295853
-4.14313472686772
-4.11087386433725
-4.11087386433725
-4.36944785411259
-4.59511985144772
-4.70953020203305
-4.11087386433725
-4.11087386433725
-9.07658038944526
-6.92755791033714
-4.23410650517697
-4.11087386433725
-4.11087386433725
-5.01063529509626
-4.14313472718518
-4.8828019248591
-4.11087386433725
-4.11087386433725
-6.4892049370244
-9.13970330298739
-4.43081680039093
-22.5315546082896
-4.11087386433725
-5.59471138447173
-4.36944785398601
-4.15888308367217
-4.11087386433725
-4.11087386433725
-5.18178355529209
-6.74641213209864
-6.85012616882559
-4.11087386433725
-4.11087386433725
-9.2392193429586
-6.14418563835311
-4.21950770635258
-4.11087386433725
-4.11087386433725
-4.33073334133896
-4.31748811406964
-4.33073334107581
-4.11087386433725
-4.11087386433725
-7.08924316072393
-8.87444797422851
-5.57215403400286
-4.11087386433725
-4.11087386433725
-4.9052747825125
-4.12713438520638
-4.27666612026606
-4.11087386433725
-4.11087386433725
-7.2717037141841
-8.39412119958512
-4.91998092765294
-4.11087386433725
-4.11087386433725
-8.76499033525496
-6.22455843295853
-4.14313472686772
-4.11087386433725
-4.11087386433725
-4.36944785411259
-4.59511985144772
-4.70953020203305
-4.11087386433725
-4.11087386433725
-9.07658038944526
-6.92755791033714
-4.23410650517697
-4.11087386433725
-4.11087386433725
-5.01063529509626
-4.14313472718518
-4.8828019248591
-4.11087386433725
-4.11087386433725
-6.4892049370244
-9.13970330298739
-4.43081680039093
-4.11087386433725
-22.5315546082896
-5.59471138447173
-4.36944785398601
-4.15888308367217
-4.11087386433725
-4.11087386433725
-5.18178355529209
-6.74641213209864
-6.85012616882559
-4.11087386433725
-4.11087386433725
-5.36801833205071
-4.06474409667328
-4.21950770635258
-4.11087386433725
-4.11087386433725
-4.33073334133896
-4.31748811406964
-4.33073334107581
-4.11087386433725
-4.11087386433725
-6.39609598016398
-5.69639414388057
-4.87900685344291
-4.11087386433725
-4.11087386433725
-2.60268968951846
-4.12713438520638
-4.27666612026606
-4.11087386433725
-4.11087386433725
-6.57855653362416
-6.09153610659108
-3.53368656653305
-4.11087386433725
-4.11087386433725
-5.39769450526849
-3.39134508890231
-4.14313472686772
-4.11087386433725
-4.11087386433725
-3.67630067355265
-4.59511985144772
-4.70953020203305
-4.11087386433725
-4.11087386433725
-6.67868511664689
-3.49357070585199
-4.23410650517697
-4.11087386433725
-4.11087386433725
-3.06472514604094
-4.14313472718518
-4.8828019248591
-4.11087386433725
-4.11087386433725
-4.87976702459031
-7.19379315393207
-4.43081680039093
-4.11087386433725
-4.11087386433725
-19.1401948052229
-2.98315349286612
-4.15888308367217
-4.11087386433725
-4.11087386433725
-5.18178355529209
-5.36011777097875
-5.4638318077057
-4.11087386433725
-4.11087386433725
-7.6297814305245
-5.45103845779317
-4.21950770635258
-4.11087386433725
-4.11087386433725
-4.33073334133896
-4.31748811406964
-4.33073334107581
-4.11087386433725
-4.11087386433725
-7.08924316072393
-8.18130079366857
-5.57215403400286
-4.11087386433725
-4.11087386433725
-3.80666249384439
-4.12713438520638
-4.27666612026606
-4.11087386433725
-4.11087386433725
-7.2717037141841
-8.39412119958512
-3.53368656653305
-4.11087386433725
-4.11087386433725
-7.37869597413507
-5.12594614429042
-4.14313472686772
-4.11087386433725
-4.11087386433725
-4.36944785411259
-4.59511985144772
-4.70953020203305
-4.11087386433725
-4.11087386433725
-9.07658038944526
-6.23441072977719
-4.23410650517697
-4.11087386433725
-4.11087386433725
-5.01063529509626
-4.14313472718518
-4.8828019248591
-4.11087386433725
-4.11087386433725
-6.4892049370244
-9.13970330298739
-4.43081680039093
-4.11087386433725
-4.11087386433725
-4.90156420391178
-20.3052219481504
-4.15888308367217
-4.11087386433725
-4.11087386433725
-5.18178355529209
-6.74641213209864
-6.85012616882559
-4.11087386433725
-4.11087386433725
-9.2392193429586
-6.14418563835311
-4.21950770635258
-4.11087386433725
-4.11087386433725
-4.33073334133896
-4.31748811406964
-4.33073334107581
-4.11087386433725
-4.11087386433725
-7.08924316072393
-8.87444797422851
-5.57215403400286
-4.11087386433725
-4.11087386433725
-4.9052747825125
-4.12713438520638
-4.27666612026606
-4.11087386433725
-4.11087386433725
-6.17309142551599
-8.39412119958512
-4.91998092765294
-4.11087386433725
-4.11087386433725
-8.07184315469502
-6.22455843295853
-4.14313472686772
-4.11087386433725
-4.11087386433725
-4.36944785411259
-4.59511985144772
-4.70953020203305
-4.11087386433725
-4.11087386433725
-9.07658038944526
-6.92755791033714
-4.23410650517697
-4.11087386433725
-4.11087386433725
-5.01063529509626
-4.14313472718518
-4.8828019248591
-4.11087386433725
-4.11087386433725
-6.4892049370244
-9.13970330298739
-4.43081680039093
-4.11087386433725
-4.11087386433725
-5.59471138447173
-4.36944785398601
-21.8864166470646
-4.11087386433725
-4.11087386433725
-5.18178355529209
-6.74641213209864
-6.85012616882559
-4.11087386433725
-4.11087386433725
-9.2392193429586
-6.14418563835311
-4.21950770635258
-4.11087386433725
-4.11087386433725
-4.33073334133896
-4.31748811406964
-4.33073334107581
-4.11087386433725
-4.11087386433725
-7.08924316072393
-8.87444797422851
-5.57215403400286
-4.11087386433725
-4.11087386433725
-4.9052747825125
-4.12713438520638
-4.27666612026606
-4.11087386433725
-4.11087386433725
-7.2717037141841
-8.39412119958512
-4.91998092765294
-4.11087386433725
-4.11087386433725
-8.76499033525496
-6.22455843295853
-4.14313472686772
-4.11087386433725
-4.11087386433725
-4.36944785411259
-4.59511985144772
-4.70953020203305
-4.11087386433725
-4.11087386433725
-9.07658038944526
-6.92755791033714
-4.23410650517697
-4.11087386433725
-4.11087386433725
-5.01063529509626
-4.14313472718518
-4.8828019248591
-4.11087386433725
-4.11087386433725
-6.4892049370244
-9.13970330298739
-4.43081680039093
-4.11087386433725
-4.11087386433725
-5.59471138447173
-4.36944785398601
-4.15888308367217
-22.5315546082896
-4.11087386433725
-5.18178355529209
-6.74641213209864
-6.85012616882559
-4.11087386433725
-4.11087386433725
-9.2392193429586
-6.14418563835311
-4.21950770635258
-4.11087386433725
-4.11087386433725
-4.33073334133896
-4.31748811406964
-4.33073334107581
-4.11087386433725
-4.11087386433725
-7.08924316072393
-8.87444797422851
-5.57215403400286
-4.11087386433725
-4.11087386433725
-4.9052747825125
-4.12713438520638
-4.27666612026606
-4.11087386433725
-4.11087386433725
-7.2717037141841
-8.39412119958512
-4.91998092765294
-4.11087386433725
-4.11087386433725
-8.76499033525496
-6.22455843295853
-4.14313472686772
-4.11087386433725
-4.11087386433725
-4.36944785411259
-4.59511985144772
-4.70953020203305
-4.11087386433725
-4.11087386433725
-9.07658038944526
-6.92755791033714
-4.23410650517697
-4.11087386433725
-4.11087386433725
-5.01063529509626
-4.14313472718518
-4.8828019248591
-4.11087386433725
-4.11087386433725
-6.4892049370244
-9.13970330298739
-4.43081680039093
-4.11087386433725
-4.11087386433725
-5.59471138447173
-4.36944785398601
-4.15888308367217
-4.11087386433725
-22.5315546082896
-5.18178355529209
-6.74641213209864
-6.85012616882559
-4.11087386433725
-4.11087386433725
-7.6297814305245
-5.45103845779317
-4.21950770635258
-4.11087386433725
-4.11087386433725
-3.63758616077902
-4.31748811406964
-4.33073334107581
-4.11087386433725
-4.11087386433725
-5.47980524828983
-7.26501006179441
-5.57215403400286
-4.11087386433725
-4.11087386433725
-4.21212760195256
-4.12713438520638
-4.27666612026606
-4.11087386433725
-4.11087386433725
-3.87050633252195
-5.68607099848291
-4.91998092765294
-4.11087386433725
-4.11087386433725
-7.66637804658685
-5.53141125239858
-4.14313472686772
-4.11087386433725
-4.11087386433725
-4.36944785411259
-3.90197267088778
-3.61091791336494
-4.11087386433725
-4.11087386433725
-6.99713884776543
-6.92755791033714
-4.23410650517697
-4.11087386433725
-4.11087386433725
-5.01063529509626
-4.14313472718518
-3.49650756373921
-4.11087386433725
-4.11087386433725
-4.69744546779635
-5.88160676496591
-3.73766961983099
-4.11087386433725
-4.11087386433725
-5.59471138447173
-4.36944785398601
-4.15888308367217
-4.11087386433725
-4.11087386433725
-19.1138279295123
-4.26150548231064
-6.15697898826564
-4.11087386433725
-4.11087386433725
-4.72835983644175
-5.045573349685
-2.14006616467274
-4.11087386433725
-4.11087386433725
-4.33073334133896
-3.6243409335097
-4.33073334107581
-4.11087386433725
-4.11087386433725
-3.56288263610777
-4.74731358918342
-5.57215403400286
-4.11087386433725
-4.11087386433725
-4.9052747825125
-4.12713438520638
-4.27666612026606
-4.11087386433725
-4.11087386433725
-3.22865244634955
-3.48884642114669
-4.226833747093
-4.11087386433725
-4.11087386433725
-5.8746185773588
-6.22455843295853
-4.14313472686772
-4.11087386433725
-4.11087386433725
-4.36944785411259
-3.20882549032783
-3.32323584091316
-4.11087386433725
-4.11087386433725
-4.842473884848
-5.82894562166903
-3.54095932461703
-4.11087386433725
-4.11087386433725
-4.31748811453631
-4.14313472718518
-2.80336038317926
-4.11087386433725
-4.11087386433725
-4.0042982872364
-3.61027421547596
-4.43081680039093
-4.11087386433725
-4.11087386433725
-4.49609909580362
-4.36944785398601
-4.15888308367217
-4.11087386433725
-4.11087386433725
-3.39002408606403
-19.4633104013948
-3.71463195289644
-4.11087386433725
-4.11087386433725
-4.54787146072946
-2.88608910033163
-4.21950770635258
-4.11087386433725
-4.11087386433725
-4.33073334133896
-4.31748811406964
-3.63758616051586
-4.11087386433725
-4.11087386433725
-5.00980161904409
-4.34184848107526
-4.87900685344291
-4.11087386433725
-4.11087386433725
-4.9052747825125
-4.12713438520638
-4.27666612026606
-4.11087386433725
-4.11087386433725
-4.13620949825495
-3.48884642114669
-3.82136863898483
-4.11087386433725
-4.11087386433725
-3.91296007133534
-4.27864828390322
-4.14313472686772
-4.11087386433725
-4.11087386433725
-4.36944785411259
-3.90197267088778
-4.70953020203305
-4.11087386433725
-4.11087386433725
-4.0726340834998
-4.52966263753877
-3.54095932461703
-4.11087386433725
-4.11087386433725
-5.01063529509626
-4.14313472718518
-3.49650756373921
-4.11087386433725
-4.11087386433725
-4.09130966422603
-4.16989000341139
-4.43081680039093
-4.11087386433725
-4.11087386433725
-5.59471138447173
-4.36944785398601
-4.15888308367217
-4.11087386433725
-4.11087386433725
-3.57234564285799
-2.73907894686617
-19.7374174240504
-4.11087386433725
-4.11087386433725
-9.2392193429586
-6.14418563835311
-4.21950770635258
-4.11087386433725
-4.11087386433725
-4.33073334133896
-4.31748811406964
-4.33073334107581
-4.11087386433725
-4.11087386433725
-7.08924316072393
-8.87444797422851
-5.57215403400286
-4.11087386433725
-4.11087386433725
-4.9052747825125
-4.12713438520638
-4.27666612026606
-4.11087386433725
-4.11087386433725
-7.2717037141841
-8.39412119958512
-4.91998092765294
-4.11087386433725
-4.11087386433725
-8.76499033525496
-6.22455843295853
-4.14313472686772
-4.11087386433725
-4.11087386433725
-4.36944785411259
-4.59511985144772
-4.70953020203305
-4.11087386433725
-4.11087386433725
-9.07658038944526
-6.92755791033714
-4.23410650517697
-4.11087386433725
-4.11087386433725
-5.01063529509626
-4.14313472718518
-4.8828019248591
-4.11087386433725
-4.11087386433725
-6.4892049370244
-9.13970330298739
-4.43081680039093
-4.11087386433725
-4.11087386433725
-5.59471138447173
-4.36944785398601
-4.15888308367217
-4.11087386433725
-4.11087386433725
-5.18178355529209
-6.74641213209864
-6.85012616882559
-22.5315546082896
-4.11087386433725
-9.2392193429586
-6.14418563835311
-4.21950770635258
-4.11087386433725
-4.11087386433725
-4.33073334133896
-4.31748811406964
-4.33073334107581
-4.11087386433725
-4.11087386433725
-7.08924316072393
-8.87444797422851
-5.57215403400286
-4.11087386433725
-4.11087386433725
-4.9052747825125
-4.12713438520638
-4.27666612026606
-4.11087386433725
-4.11087386433725
-7.2717037141841
-8.39412119958512
-4.91998092765294
-4.11087386433725
-4.11087386433725
-8.76499033525496
-6.22455843295853
-4.14313472686772
-4.11087386433725
-4.11087386433725
-4.36944785411259
-4.59511985144772
-4.70953020203305
-4.11087386433725
-4.11087386433725
-9.07658038944526
-6.92755791033714
-4.23410650517697
-4.11087386433725
-4.11087386433725
-5.01063529509626
-4.14313472718518
-4.8828019248591
-4.11087386433725
-4.11087386433725
-6.4892049370244
-9.13970330298739
-4.43081680039093
-4.11087386433725
-4.11087386433725
-5.59471138447173
-4.36944785398601
-4.15888308367217
-4.11087386433725
-4.11087386433725
-5.18178355529209
-6.74641213209864
-6.85012616882559
-4.11087386433725
-22.5315546082896
60
-3.65197068455835
-4.35242616912506
-4.21950770635258
-4.11087386433725
-4.11087386433725
-4.33073334133896
-3.6243409335097
-3.63758616051586
-4.11087386433725
-4.11087386433725
-4.78665806772988
-5.18556852011458
-5.57215403400286
-4.11087386433725
-4.11087386433725
-4.9052747825125
-4.12713438520638
-4.27666612026606
-4.11087386433725
-4.11087386433725
-4.43849037012789
-4.99292381792297
-4.91998092765294
-4.11087386433725
-4.11087386433725
-5.46915346925063
-5.12594614429042
-4.14313472686772
-4.11087386433725
-4.11087386433725
-4.36944785411259
-3.90197267088778
-4.70953020203305
-4.11087386433725
-4.11087386433725
-4.69455375477138
-4.62497281734309
-4.23410650517697
-4.11087386433725
-4.11087386433725
-5.01063529509626
-4.14313472718518
-4.8828019248591
-4.11087386433725
-4.11087386433725
-4.09130966422603
-4.45757207586317
-4.43081680039093
-4.11087386433725
-4.11087386433725
-4.90156420391178
-4.36944785398601
-4.15888308367217
-4.11087386433725
-4.11087386433725
-4.48863637473214
-4.44382703910459
-5.75151388015748
-4.11087386433725
-4.11087386433725
