60
-1.15871621274708
-4.49980967033953
-6.98471632012753
-6.98471632012753
-6.98471632012753
-6.98471632012753
-6.29156913956758
-6.98471632012753
-6.98471632012753
-6.98471632012753
-3.6888794541232
-2.54206506363721
-6.98471632012753
-6.98471632012753
-6.98471632012753
-5.59842195900764
-6.98471632012753
-6.29156913956758
-6.98471632012753
-6.98471632012753
-3.80666248977958
-2.87384245595421
-6.98471632012753
-6.98471632012753
-6.98471632012753
-2.70805020111147
-6.29156913956758
-6.98471632012753
-6.98471632012753
-6.98471632012753
-6.29156913956758
-6.98471632012753
-6.29156913956758
-6.98471632012753
-6.98471632012753
-2.0794415416891
-4.15150297607131
-6.29156913956758
-6.98471632012753
-6.98471632012753
-6.29156913956758
-6.98471632012753
-5.88610403145942
-6.98471632012753
-6.98471632012753
-4.15150297607131
-1.69644928943299
-6.98471632012753
-6.98471632012753
-6.98471632012753
-5.37527840769343
-6.98471632012753
-6.98471632012753
-6.98471632012753
-6.98471632012753
-5.59842195900764
-4.15150297607131
-4.78749174279131
-6.98471632012753
-6.98471632012753
60 60
-18.0471100001004
-1.07062814170979
-4.20469262013723
-4.11087386433725
-4.11087386433725
-3.91202300652815
-4.49980967110804
-3.74557480046765
-4.11087386433725
-4.11087386433725
-2.07301935396301
-1.97239810258439
-2.15563068621499
-4.11087386433725
-4.11087386433725
-2.44776710646016
-3.54095932476195
-4.71849888236652
-4.11087386433725
-4.11087386433725
-4.06722578639683
-2.3394896596179
-2.36085400451425
-4.11087386433725
-4.11087386433725
-0.792363378014974
-0.784403466482662
-4.18965474248097
-4.11087386433725
-4.11087386433725
-3.35340672558804
-4.75359019317533
-2.67414865252998
-4.11087386433725
-4.11087386433725
-1.02483909336432
-1.32351796166117
-2.91235066700625
-4.11087386433725
-4.11087386433725
-1.99868018863351
-4.3694478533531
-4.93686915555521
-4.11087386433725
-4.11087386433725
-3.71906443922385
-1.82947375101471
-2.90872090101891
-4.11087386433725
-4.11087386433725
-1.52786626333342
-3.36729583228532
-4.38202663817388
-4.11087386433725
-4.11087386433725
-3.54860268854447
-3.04640038149071
-1.81140647325906
-4.11087386433725
-4.11087386433725
-3.30224633716354
-18.9183987297202
-4.20469262013723
-4.11087386433725
-4.11087386433725
-3.91202300652815
-3.8066624905481
-4.84418708913576
-4.11087386433725
-4.11087386433725
-5.35016408695519
-4.96186076312478
-3.76506859864909
-4.11087386433725
-4.11087386433725
-2.73544917891195
-4.2341065053219
-4.71849888236652
-4.11087386433725
-4.11087386433725
-7.01166476556328
-5.52509069560123
-4.66343909750829
-4.11087386433725
-4.11087386433725
-4.23255250889123
-2.96862395939567
-4.18965474248097
-4.11087386433725
-4.11087386433725
-3.86423234935403
-4.75359019317533
-4.06044301364987
-4.11087386433725
-4.11087386433725
-4.53449079149262
-2.99104843092701
-4.52178857944035
-4.11087386433725
-4.11087386433725
-3.75653810618588
-3.67630067279315
-4.93686915555521
-4.11087386433725
-4.11087386433725
-5.07361010202916
-5.29891042462551
-4.00733318968702
-4.11087386433725
-4.11087386433725
-3.17986379018631
-3.36729583228532
-4.38202663817388
-4.11087386433725
-4.11087386433725
-6.38181603260068
-5.76769580934294
-3.4696345498626
-4.11087386433725
-4.11087386433725
-8.96520681729949
-7.19967835177034
-21.0159354516555
-4.11087386433725
-4.11087386433725
-4.60517018708809
-4.49980967110804
-4.84418708913576
-4.11087386433725
-4.11087386433725
-7.98922141657045
-9.12074384648445
-5.55682806787715
-4.11087386433725
-4.11087386433725
-5.22035582869995
-4.2341065053219
-4.71849888236652
-4.11087386433725
-4.11087386433725
-7.70481194612322
-8.61613314895955
-5.35658627806824
-4.11087386433725
-4.11087386433725
-8.48104775094059
-6.03667689452929
-4.18965474248097
-4.11087386433725
-4.11087386433725
-4.96284463802214
-4.75359019317533
-5.15905530231798
-4.11087386433725
-4.11087386433725
-9.49031784909388
-7.66387726538892
-4.52178857944035
-4.11087386433725
-4.11087386433725
-4.26736372995187
-4.3694478533531
-6.03548144422332
-4.11087386433725
-4.11087386433725
-7.153051643709
-9.37644786853123
-4.70048037024696
-4.11087386433725
-4.11087386433725
-5.62221082555552
-4.46590812095343
-4.38202663817388
-4.11087386433725
-4.11087386433725
-6.38181603260068
-7.37713372177704
-7.34083556077049
-4.11087386433725
-4.11087386433725
-9.65835399785944
-7.19967835177034
-4.20469262013723
-22.5315546082896
-4.11087386433725
-4.60517018708809
-4.49980967110804
-4.84418708913576
-4.11087386433725
-4.11087386433725
-7.98922141657045
-9.12074384648445
-5.55682806787715
-4.11087386433725
-4.11087386433725
-5.22035582869995
-4.2341065053219
-4.71849888236652
-4.11087386433725
-4.11087386433725
-7.70481194612322
-8.61613314895955
-5.35658627806824
-4.11087386433725
-4.11087386433725
-9.17419493150054
-6.72982407508924
-4.18965474248097
-4.11087386433725
-4.11087386433725
-4.96284463802214
-4.75359019317533
-5.15905530231798
-4.11087386433725
-4.11087386433725
-9.49031784909388
-7.66387726538892
-4.52178857944035
-4.11087386433725
-4.11087386433725
-5.36597601861998
-4.3694478533531
-6.03548144422332
-4.11087386433725
-4.11087386433725
-7.153051643709
-9.37644786853123
-4.70048037024696
-4.11087386433725
-4.11087386433725
-6.31535800611546
-4.46590812095343
-4.38202663817388
-4.11087386433725
-4.11087386433725
-6.38181603260068
-7.37713372177704
-7.34083556077049
-4.11087386433725
-4.11087386433725
-9.65835399785944
-7.19967835177034
-4.20469262013723
-4.11087386433725
-22.5315546082896
-4.60517018708809
-4.49980967110804
-4.84418708913576
-4.11087386433725
-4.11087386433725
-7.98922141657045
-9.12074384648445
-5.55682806787715
-4.11087386433725
-4.11087386433725
-5.22035582869995
-4.2341065053219
-4.71849888236652
-4.11087386433725
-4.11087386433725
-7.70481194612322
-8.61613314895955
-5.35658627806824
-4.11087386433725
-4.11087386433725
-9.17419493150054
-6.72982407508924
-4.18965474248097
-4.11087386433725
-4.11087386433725
-4.96284463802214
-4.75359019317533
-5.15905530231798
-4.11087386433725
-4.11087386433725
-9.49031784909388
-7.66387726538892
-4.52178857944035
-4.11087386433725
-4.11087386433725
-5.36597601861998
-4.3694478533531
-6.03548144422332
-4.11087386433725
-4.11087386433725
-7.153051643709
-9.37644786853123
-4.70048037024696
-4.11087386433725
-4.11087386433725
-6.31535800611546
-4.46590812095343
-4.38202663817388
-4.11087386433725
-4.11087386433725
-6.38181603260068
-7.37713372177704
-7.34083556077049
-4.11087386433725
-4.11087386433725
-7.71244384880412
-7.19967835177034
-4.20469262013723
-4.11087386433725
-4.11087386433725
-20.6279556582421
-3.8066624905481
-4.84418708913576
-4.11087386433725
-4.11087386433725
-7.2960742360105
-7.73444948536456
-5.55682806787715
-4.11087386433725
-4.11087386433725
-5.22035582869995
-4.2341065053219
-4.71849888236652
-4.11087386433725
-4.11087386433725
-7.70481194612322
-6.82437367973149
-5.35658627806824
-4.11087386433725
-4.11087386433725
-8.48104775094059
-5.34352971396935
-3.49650756192102
-4.11087386433725
-4.11087386433725
-4.96284463802214
-3.36729583205544
-5.15905530231798
-4.11087386433725
-4.11087386433725
-8.79717066853394
-7.66387726538892
-3.8286413988804
-4.11087386433725
-4.11087386433725
-3.57421654939193
-4.3694478533531
-6.03548144422332
-4.11087386433725
-4.11087386433725
-6.05443935504089
-7.76700995609713
-4.00733318968702
-4.11087386433725
-4.11087386433725
-5.21674571744735
-4.46590812095343
-4.38202663817388
-4.11087386433725
-4.11087386433725
-6.38181603260068
-6.27852143310893
-6.64768838021054
-4.11087386433725
-4.11087386433725
-9.65835399785944
-7.19967835177034
-4.20469262013723
-4.11087386433725
-4.11087386433725
-3.50655789841998
-20.9745802660051
-4.84418708913576
-4.11087386433725
-4.11087386433725
-7.2960742360105
-9.12074384648445
-5.55682806787715
-4.11087386433725
-4.11087386433725
-5.22035582869995
-4.2341065053219
-4.71849888236652
-4.11087386433725
-4.11087386433725
-7.01166476556328
-6.82437367973149
-5.35658627806824
-4.11087386433725
-4.11087386433725
-9.17419493150054
-6.72982407508924
-4.18965474248097
-4.11087386433725
-4.11087386433725
-4.2696974574622
-4.06044301261538
-5.15905530231798
-4.11087386433725
-4.11087386433725
-9.49031784909388
-7.66387726538892
-4.52178857944035
-4.11087386433725
-4.11087386433725
-5.36597601861998
-4.3694478533531
-6.03548144422332
-4.11087386433725
-4.11087386433725
-5.07361010202916
-9.37644786853123
-4.70048037024696
-4.11087386433725
-4.11087386433725
-6.31535800611546
-4.46590812095343
-3.68887945761394
-4.11087386433725
-4.11087386433725
-4.99552167148079
-5.76769580934294
-7.34083556077049
-4.11087386433725
-4.11087386433725
-8.27205963673955
-7.19967835177034
-4.20469262013723
-4.11087386433725
-4.11087386433725
-4.60517018708809
-4.49980967110804
-19.738507308472
-4.11087386433725
-4.11087386433725
-5.50431476678245
-6.48168651686919
-5.55682806787715
-4.11087386433725
-4.11087386433725
-5.22035582869995
-4.2341065053219
-4.71849888236652
-4.11087386433725
-4.11087386433725
-7.70481194612322
-7.51752086029144
-4.25797398940013
-4.11087386433725
-4.11087386433725
-9.17419493150054
-6.72982407508924
-4.18965474248097
-4.11087386433725
-4.11087386433725
-4.96284463802214
-4.06044301261538
-5.15905530231798
-4.11087386433725
-4.11087386433725
-7.29309327175766
-6.05443935295482
-4.52178857944035
-4.11087386433725
-4.11087386433725
-5.36597601861998
-4.3694478533531
-6.03548144422332
-4.11087386433725
-4.11087386433725
-4.85046655071495
-8.27783557986312
-4.00733318968702
-4.11087386433725
-4.11087386433725
-4.92906364499557
-4.46590812095343
-4.38202663817388
-4.11087386433725
-4.11087386433725
-5.28320374393257
-5.76769580934294
-7.34083556077049
-4.11087386433725
-4.11087386433725
-9.65835399785944
-7.19967835177034
-4.20469262013723
-4.11087386433725
-4.11087386433725
-4.60517018708809
-4.49980967110804
-4.84418708913576
-22.5315546082896
-4.11087386433725
-7.98922141657045
-9.12074384648445
-5.55682806787715
-4.11087386433725
-4.11087386433725
-5.22035582869995
-4.2341065053219
-4.71849888236652
-4.11087386433725
-4.11087386433725
-7.70481194612322
-8.61613314895955
-5.35658627806824
-4.11087386433725
-4.11087386433725
-9.17419493150054
-6.72982407508924
-4.18965474248097
-4.11087386433725
-4.11087386433725
-4.96284463802214
-4.75359019317533
-5.15905530231798
-4.11087386433725
-4.11087386433725
-9.49031784909388
-7.66387726538892
-4.52178857944035
-4.11087386433725
-4.11087386433725
-5.36597601861998
-4.3694478533531
-6.03548144422332
-4.11087386433725
-4.11087386433725
-7.153051643709
-9.37644786853123
-4.70048037024696
-4.11087386433725
-4.11087386433725
-6.31535800611546
-4.46590812095343
-4.38202663817388
-4.11087386433725
-4.11087386433725
-6.38181603260068
-7.37713372177704
-7.34083556077049
-4.11087386433725
-4.11087386433725
-9.65835399785944
-7.19967835177034
-4.20469262013723
-4.11087386433725
-4.11087386433725
-4.60517018708809
-4.49980967110804
-4.84418708913576
-4.11087386433725
-22.5315546082896
-7.98922141657045
-9.12074384648445
-5.55682806787715
-4.11087386433725
-4.11087386433725
-5.22035582869995
-4.2341065053219
-4.71849888236652
-4.11087386433725
-4.11087386433725
-7.70481194612322
-8.61613314895955
-5.35658627806824
-4.11087386433725
-4.11087386433725
-9.17419493150054
-6.72982407508924
-4.18965474248097
-4.11087386433725
-4.11087386433725
-4.96284463802214
-4.75359019317533
-5.15905530231798
-4.11087386433725
-4.11087386433725
-9.49031784909388
-7.66387726538892
-4.52178857944035
-4.11087386433725
-4.11087386433725
-5.36597601861998
-4.3694478533531
-6.03548144422332
-4.11087386433725
-4.11087386433725
-7.153051643709
-9.37644786853123
-4.70048037024696
-4.11087386433725
-4.11087386433725
-6.31535800611546
-4.46590812095343
-4.38202663817388
-4.11087386433725
-4.11087386433725
-6.38181603260068
-7.37713372177704
-7.34083556077049
-4.11087386433725
-4.11087386433725
-3.60862054262748
-3.58876043912611
-4.20469262013723
-4.11087386433725
-4.11087386433725
-3.91202300652815
-3.11351530998815
-2.13613688803355
-4.11087386433725
-4.11087386433725
-18.6749059665
-3.04769931238405
-4.17053370675725
-4.11087386433725
-4.11087386433725
-3.14091428702011
-4.2341065053219
-4.02535170180658
-4.11087386433725
-4.11087386433725
-3.7345200325711
-3.39038647524635
-3.56482680884018
-4.11087386433725
-4.11087386433725
-4.29139300891416
-4.42723898209519
-4.18965474248097
-4.11087386433725
-4.11087386433725
-3.01693448896683
-2.96183072394727
-2.32584195826176
-4.11087386433725
-4.11087386433725
-3.22311730055252
-3.71263354680749
-4.52178857944035
-4.11087386433725
-4.11087386433725
-2.65792581751777
-4.3694478533531
-3.03974917066933
-4.11087386433725
-4.11087386433725
-2.38236701924333
-2.8647025388865
-2.39789527725292
-4.11087386433725
-4.11087386433725
-4.36944785706015
-4.46590812095343
-4.38202663817388
-4.11087386433725
-4.11087386433725
-5.28320374393257
-3.18747897975062
-3.72991764812626
-4.11087386433725
-4.11087386433725
-2.47448328279698
-2.74533105551683
-4.20469262013723
-4.11087386433725
-4.11087386433725
-2.81341071786004
-4.49980967110804
-2.54160199614171
-4.11087386433725
-4.11087386433725
-1.63137915006235
-18.6046004354395
-2.00148000638773
-4.11087386433725
-4.11087386433725
-4.12174354003184
-3.54095932476195
-3.33220452124663
-4.11087386433725
-4.11087386433725
-2.51185509523301
-2.02720667142603
-2.09848974004676
-4.11087386433725
-4.11087386433725
-2.47223456549799
-3.43398720908491
-4.18965474248097
-4.11087386433725
-4.11087386433725
-2.6602595450281
-3.65497790450722
-3.77276094119809
-4.11087386433725
-4.11087386433725
-2.03040308285278
-2.14241634752667
-3.13549421832046
-4.11087386433725
-4.11087386433725
-2.72691868900472
-4.3694478533531
-1.78698620217396
-4.11087386433725
-4.11087386433725
-1.89036145480411
-1.4858653338747
-2.50325579291074
-4.11087386433725
-4.11087386433725
-3.05726146809398
-3.36729583228532
-3.68887945761394
-4.11087386433725
-4.11087386433725
-3.74275870298543
-3.00768586931002
-2.31039763937805
-4.11087386433725
-4.11087386433725
-6.66262172430544
-7.19967835177034
-4.20469262013723
-4.11087386433725
-4.11087386433725
-4.60517018708809
-4.49980967110804
-3.74557480046765
-4.11087386433725
-4.11087386433725
-5.59132614377208
-4.79001050619812
-18.9023349965957
-4.11087386433725
-4.11087386433725
-4.52720864814
-4.2341065053219
-4.71849888236652
-4.11087386433725
-4.11087386433725
-6.60619965745511
-6.53669160727971
-4.66343909750829
-4.11087386433725
-4.11087386433725
-7.0947533898207
-4.93806460586118
-4.18965474248097
-4.11087386433725
-4.11087386433725
-4.96284463802214
-4.75359019317533
-5.15905530231798
-4.11087386433725
-4.11087386433725
-5.96395732447772
-6.56526497672081
-4.52178857944035
-4.11087386433725
-4.11087386433725
-3.97968165750009
-4.3694478533531
-5.34233426366337
-4.11087386433725
-4.11087386433725
-6.05443935504089
-6.19839403818329
-4.00733318968702
-4.11087386433725
-4.11087386433725
-4.92906364499557
-4.46590812095343
-4.38202663817388
-4.11087386433725
-4.11087386433725
-5.68866885204074
-6.6839865412171
-5.39492541171517
-4.11087386433725
-4.11087386433725
-9.65835399785944
-7.19967835177034
-4.20469262013723
-4.11087386433725
-4.11087386433725
-4.60517018708809
-4.49980967110804
-4.84418708913576
-4.11087386433725
-4.11087386433725
-7.98922141657045
-9.12074384648445
-5.55682806787715
-22.5315546082896
-4.11087386433725
-5.22035582869995
-4.2341065053219
-4.71849888236652
-4.11087386433725
-4.11087386433725
-7.70481194612322
-8.61613314895955
-5.35658627806824
-4.11087386433725
-4.11087386433725
-9.17419493150054
-6.72982407508924
-4.18965474248097
-4.11087386433725
-4.11087386433725
-4.96284463802214
-4.75359019317533
-5.15905530231798
-4.11087386433725
-4.11087386433725
-9.49031784909388
-7.66387726538892
-4.52178857944035
-4.11087386433725
-4.11087386433725
-5.36597601861998
-4.3694478533531
-6.03548144422332
-4.11087386433725
-4.11087386433725
-7.153051643709
-9.37644786853123
-4.70048037024696
-4.11087386433725
-4.11087386433725
-6.31535800611546
-4.46590812095343
-4.38202663817388
-4.11087386433725
-4.11087386433725
-6.38181603260068
-7.37713372177704
-7.34083556077049
-4.11087386433725
-4.11087386433725
-9.65835399785944
-7.19967835177034
-4.20469262013723
-4.11087386433725
-4.11087386433725
-4.60517018708809
-4.49980967110804
-4.84418708913576
-4.11087386433725
-4.11087386433725
-7.98922141657045
-9.12074384648445
-5.55682806787715
-4.11087386433725
-22.5315546082896
-5.22035582869995
-4.2341065053219
-4.71849888236652
-4.11087386433725
-4.11087386433725
-7.70481194612322
-8.61613314895955
-5.35658627806824
-4.11087386433725
-4.11087386433725
-9.17419493150054
-6.72982407508924
-4.18965474248097
-4.11087386433725
-4.11087386433725
-4.96284463802214
-4.75359019317533
-5.15905530231798
-4.11087386433725
-4.11087386433725
-9.49031784909388
-7.66387726538892
-4.52178857944035
-4.11087386433725
-4.11087386433725
-5.36597601861998
-4.3694478533531
-6.03548144422332
-4.11087386433725
-4.11087386433725
-7.153051643709
-9.37644786853123
-4.70048037024696
-4.11087386433725
-4.11087386433725
-6.31535800611546
-4.46590812095343
-4.38202663817388
-4.11087386433725
-4.11087386433725
-6.38181603260068
-7.37713372177704
-7.34083556077049
-4.11087386433725
-4.11087386433725
-6.52285978193029
-3.73394244897061
-4.20469262013723
-4.11087386433725
-4.11087386433725
-3.50655789841998
-4.49980967110804
-4.84418708913576
-4.11087386433725
-4.11087386433725
-6.37978350413635
-8.02213155781634
-4.8636808873172
-4.11087386433725
-4.11087386433725
-19.4363439532613
-4.2341065053219
-4.71849888236652
-4.11087386433725
-4.11087386433725
-7.70481194612322
-6.82437367973149
-5.35658627806824
-4.11087386433725
-4.11087386433725
-6.87160983850649
-4.93806460586118
-4.18965474248097
-4.11087386433725
-4.11087386433725
-4.96284463802214
-4.75359019317533
-5.15905530231798
-4.11087386433725
-4.11087386433725
-7.54440770003857
-5.36129217239487
-4.52178857944035
-4.11087386433725
-4.11087386433725
-3.57421654939193
-4.3694478533531
-6.03548144422332
-4.11087386433725
-4.11087386433725
-6.45990446314905
-6.89154121874323
-4.00733318968702
-4.11087386433725
-4.11087386433725
-4.52359853688741
-4.46590812095343
-4.38202663817388
-4.11087386433725
-4.11087386433725
-5.68866885204074
-6.27852143310893
-7.34083556077049
-4.11087386433725
-4.11087386433725
-9.65835399785944
-6.50653117121039
-4.20469262013723
-4.11087386433725
-4.11087386433725
-3.91202300652815
-4.49980967110804
-4.84418708913576
-4.11087386433725
-4.11087386433725
-7.2960742360105
-9.12074384648445
-5.55682806787715
-4.11087386433725
-4.11087386433725
-4.12174354003184
-21.0453493368402
-4.71849888236652
-4.11087386433725
-4.11087386433725
-7.70481194612322
-8.61613314895955
-5.35658627806824
-4.11087386433725
-4.11087386433725
-9.17419493150054
-6.72982407508924
-4.18965474248097
-4.11087386433725
-4.11087386433725
-4.96284463802214
-4.75359019317533
-5.15905530231798
-4.11087386433725
-4.11087386433725
-9.49031784909388
-6.97073008482897
-4.52178857944035
-4.11087386433725
-4.11087386433725
-4.67282883806004
-4.3694478533531
-6.03548144422332
-4.11087386433725
-4.11087386433725
-7.153051643709
-9.37644786853123
-4.70048037024696
-4.11087386433725
-4.11087386433725
-6.31535800611546
-3.77276094039349
-4.38202663817388
-4.11087386433725
-4.11087386433725
-6.38181603260068
-7.37713372177704
-7.34083556077049
-4.11087386433725
-4.11087386433725
-8.04891608542534
-7.19967835177034
-4.20469262013723
-4.11087386433725
-4.11087386433725
-4.60517018708809
-4.49980967110804
-4.84418708913576
-4.11087386433725
-4.11087386433725
-7.98922141657045
-9.12074384648445
-5.55682806787715
-4.11087386433725
-4.11087386433725
-5.22035582869995
-4.2341065053219
-18.3188980607139
-4.11087386433725
-4.11087386433725
-5.75890179706791
-5.84354442671977
-4.66343909750829
-4.11087386433725
-4.11087386433725
-9.17419493150054
-6.72982407508924
-4.18965474248097
-4.11087386433725
-4.11087386433725
-4.96284463802214
-4.75359019317533
-4.06044301364987
-4.11087386433725
-4.11087386433725
-9.49031784909388
-7.66387726538892
-4.52178857944035
-4.11087386433725
-4.11087386433725
-5.36597601861998
-4.3694478533531
-6.03548144422332
-4.11087386433725
-4.11087386433725
-7.153051643709
-6.33192543080781
-4.70048037024696
-4.11087386433725
-4.11087386433725
-6.31535800611546
-4.46590812095343
-4.38202663817388
-4.11087386433725
-4.11087386433725
-4.30237449092085
-7.37713372177704
-7.34083556077049
-4.11087386433725
-4.11087386433725
-9.65835399785944
-7.19967835177034
-4.20469262013723
-4.11087386433725
-4.11087386433725
-4.60517018708809
-4.49980967110804
-4.84418708913576
-4.11087386433725
-4.11087386433725
-7.98922141657045
-9.12074384648445
-5.55682806787715
-4.11087386433725
-4.11087386433725
-5.22035582869995
-4.2341065053219
-4.71849888236652
-22.5315546082896
-4.11087386433725
-7.70481194612322
-8.61613314895955
-5.35658627806824
-4.11087386433725
-4.11087386433725
-9.17419493150054
-6.72982407508924
-4.18965474248097
-4.11087386433725
-4.11087386433725
-4.96284463802214
-4.75359019317533
-5.15905530231798
-4.11087386433725
-4.11087386433725
-9.49031784909388
-7.66387726538892
-4.52178857944035
-4.11087386433725
-4.11087386433725
-5.36597601861998
-4.3694478533531
-6.03548144422332
-4.11087386433725
-4.11087386433725
-7.153051643709
-9.37644786853123
-4.70048037024696
-4.11087386433725
-4.11087386433725
-6.31535800611546
-4.46590812095343
-4.38202663817388
-4.11087386433725
-4.11087386433725
-6.38181603260068
-7.37713372177704
-7.34083556077049
-4.11087386433725
-4.11087386433725
-9.65835399785944
-7.19967835177034
-4.20469262013723
-4.11087386433725
-4.11087386433725
-4.60517018708809
-4.49980967110804
-4.84418708913576
-4.11087386433725
-4.11087386433725
-7.98922141657045
-9.12074384648445
-5.55682806787715
-4.11087386433725
-4.11087386433725
-5.22035582869995
-4.2341065053219
-4.71849888236652
-4.11087386433725
-22.5315546082896
-7.70481194612322
-8.61613314895955
-5.35658627806824
-4.11087386433725
-4.11087386433725
-9.17419493150054
-6.72982407508924
-4.18965474248097
-4.11087386433725
-4.11087386433725
-4.96284463802214
-4.75359019317533
-5.15905530231798
-4.11087386433725
-4.11087386433725
-9.49031784909388
-7.66387726538892
-4.52178857944035
-4.11087386433725
-4.11087386433725
-5.36597601861998
-4.3694478533531
-6.03548144422332
-4.11087386433725
-4.11087386433725
-7.153051643709
-9.37644786853123
-4.70048037024696
-4.11087386433725
-4.11087386433725
-6.31535800611546
-4.46590812095343
-4.38202663817388
-4.11087386433725
-4.11087386433725
-6.38181603260068
-7.37713372177704
-7.34083556077049
-4.11087386433725
-4.11087386433725
-4.93985512656434
-6.50653117121039
-4.20469262013723
-4.11087386433725
-4.11087386433725
-2.99573227465399
-3.11351530998815
-4.15103990857581
-4.11087386433725
-4.11087386433725
-3.9638697258353
-3.68266453756126
-4.17053370675725
-4.11087386433725
-4.11087386433725
-5.22035582869995
-4.2341065053219
-3.33220452124663
-4.11087386433725
-4.11087386433725
-17.5795176972339
-3.28341435569418
-4.66343909750829
-4.11087386433725
-4.11087386433725
-4.95468722632443
-4.53259949775302
-4.18965474248097
-4.11087386433725
-4.11087386433725
-2.56494936522377
-2.96183072394727
-4.06044301364987
-4.11087386433725
-4.11087386433725
-5.04766659260356
-6.27758290426903
-4.52178857944035
-4.11087386433725
-4.11087386433725
-2.65792581751777
-4.3694478533531
-2.29781182593995
-4.11087386433725
-4.11087386433725
-2.34903059897574
-3.18204247742656
-4.70048037024696
-4.11087386433725
-4.11087386433725
-5.21674571744735
-4.46590812095343
-3.68887945761394
-4.11087386433725
-4.11087386433725
-0.701643423583617
-1.40587188198658
-3.10672905617323
-4.11087386433725
-4.11087386433725
-3.12166240026813
-4.89709325877629
-3.51154543957729
-4.11087386433725
-4.11087386433725
-3.91202300652815
-3.8066624905481
-3.45789272801587
-4.11087386433725
-4.11087386433725
-3.01248767414987
-2.63002031198195
-3.47738652619731
-4.11087386433725
-4.11087386433725
-4.12174354003184
-4.2341065053219
-2.32060360956815
-4.11087386433725
-4.11087386433725
-2.22834839419171
-18.4523359546901
-2.71752894845298
-4.11087386433725
-4.11087386433725
-3.33065051446918
-3.32862669342708
-4.18965474248097
-4.11087386433725
-4.11087386433725
-2.6602595450281
-3.65497790450722
-2.67414865252998
-4.11087386433725
-4.11087386433725
-2.8569994158135
-4.05295935274469
-3.8286413988804
-4.11087386433725
-4.11087386433725
-4.26736372995187
-3.27083556468499
-2.70327693404812
-4.11087386433725
-4.11087386433725
-2.19722458610774
-1.97216875049396
-3.60186808157885
-4.11087386433725
-4.11087386433725
-4.11813342877925
-4.46590812095343
-1.89711998838588
-4.11087386433725
-4.11087386433725
-1.83852125033068
-1.44488853432903
-2.05256853007595
-4.11087386433725
-4.11087386433725
-6.36251713185511
-6.50653117121039
-4.20469262013723
-4.11087386433725
-4.11087386433725
-3.91202300652815
-4.49980967110804
-4.84418708913576
-4.11087386433725
-4.11087386433725
-6.60292705545056
-5.94269001613651
-4.8636808873172
-4.11087386433725
-4.11087386433725
-5.22035582869995
-4.2341065053219
-4.71849888236652
-4.11087386433725
-4.11087386433725
-7.70481194612322
-5.67169416979311
-19.5006009030046
-4.11087386433725
-4.11087386433725
-5.87835806549621
-4.78391392603392
-4.18965474248097
-4.11087386433725
-4.11087386433725
-4.96284463802214
-4.75359019317533
-5.15905530231798
-4.11087386433725
-4.11087386433725
-6.85126051947862
-5.58443572370908
-4.52178857944035
-4.11087386433725
-4.11087386433725
-5.36597601861998
-4.3694478533531
-6.03548144422332
-4.11087386433725
-4.11087386433725
-6.05443935504089
-6.60385914629145
-4.70048037024696
-4.11087386433725
-4.11087386433725
-4.11813342877925
-3.77276094039349
-4.38202663817388
-4.11087386433725
-4.11087386433725
-6.38181603260068
-7.37713372177704
-6.64768838021054
-4.11087386433725
-4.11087386433725
-9.65835399785944
-7.19967835177034
-4.20469262013723
-4.11087386433725
-4.11087386433725
-4.60517018708809
-4.49980967110804
-4.84418708913576
-4.11087386433725
-4.11087386433725
-7.98922141657045
-9.12074384648445
-5.55682806787715
-4.11087386433725
-4.11087386433725
-5.22035582869995
-4.2341065053219
-4.71849888236652
-4.11087386433725
-4.11087386433725
-7.70481194612322
-8.61613314895955
-5.35658627806824
-22.5315546082896
-4.11087386433725
-9.17419493150054
-6.72982407508924
-4.18965474248097
-4.11087386433725
-4.11087386433725
-4.96284463802214
-4.75359019317533
-5.15905530231798
-4.11087386433725
-4.11087386433725
-9.49031784909388
-7.66387726538892
-4.52178857944035
-4.11087386433725
-4.11087386433725
-5.36597601861998
-4.3694478533531
-6.03548144422332
-4.11087386433725
-4.11087386433725
-7.153051643709
-9.37644786853123
-4.70048037024696
-4.11087386433725
-4.11087386433725
-6.31535800611546
-4.46590812095343
-4.38202663817388
-4.11087386433725
-4.11087386433725
-6.38181603260068
-7.37713372177704
-7.34083556077049
-4.11087386433725
-4.11087386433725
-9.65835399785944
-7.19967835177034
-4.20469262013723
-4.11087386433725
-4.11087386433725
-4.60517018708809
-4.49980967110804
-4.84418708913576
-4.11087386433725
-4.11087386433725
-7.98922141657045
-9.12074384648445
-5.55682806787715
-4.11087386433725
-4.11087386433725
-5.22035582869995
-4.2341065053219
-4.71849888236652
-4.11087386433725
-4.11087386433725
-7.70481194612322
-8.61613314895955
-5.35658627806824
-4.11087386433725
-22.5315546082896
-9.17419493150054
-6.72982407508924
-4.18965474248097
-4.11087386433725
-4.11087386433725
-4.96284463802214
-4.75359019317533
-5.15905530231798
-4.11087386433725
-4.11087386433725
-9.49031784909388
-7.66387726538892
-4.52178857944035
-4.11087386433725
-4.11087386433725
-5.36597601861998
-4.3694478533531
-6.03548144422332
-4.11087386433725
-4.11087386433725
-7.153051643709
-9.37644786853123
-4.70048037024696
-4.11087386433725
-4.11087386433725
-6.31535800611546
-4.46590812095343
-4.38202663817388
-4.11087386433725
-4.11087386433725
-6.38181603260068
-7.37713372177704
-7.34083556077049
-4.11087386433725
-4.11087386433725
-1.41849658684084
-2.06387991472008
-2.81839825901734
-4.11087386433725
-4.11087386433725
-3.50655789841998
-4.49980967110804
-4.84418708913576
-4.11087386433725
-4.11087386433725
-3.04046152619228
-2.30620094922449
-4.17053370675725
-4.11087386433725
-4.11087386433725
-2.27591684953351
-3.13549421665379
-4.02535170180658
-4.11087386433725
-4.11087386433725
-3.36100652426954
-2.68920712298914
-2.87167962828024
-4.11087386433725
-4.11087386433725
-18.9050746194303
-2.37311524839965
-4.18965474248097
-4.11087386433725
-4.11087386433725
-4.2696974574622
-4.75359019317533
-4.46590812175803
-4.11087386433725
-4.11087386433725
-1.85404824571451
-2.3457572715447
-4.52178857944035
-4.11087386433725
-4.11087386433725
-2.65792581751777
-4.3694478533531
-4.64918708310343
-4.11087386433725
-4.11087386433725
-3.71906443922385
-2.24474935806432
-4.00733318968702
-4.11087386433725
-4.11087386433725
-1.31141170017001
-3.07961375983354
-4.38202663817388
-4.11087386433725
-4.11087386433725
-6.38181603260068
-4.24163950584789
-2.56171206765896
-4.11087386433725
-4.11087386433725
-4.29237798283758
-3.32847734086245
-4.20469262013723
-4.11087386433725
-4.11087386433725
-3.91202300652815
-4.49980967110804
-4.15103990857581
-4.11087386433725
-4.11087386433725
-6.19746194734239
-4.70190323868786
-2.09109216507742
-4.11087386433725
-4.11087386433725
-3.14091428702011
-3.54095932476195
-4.71849888236652
-4.11087386433725
-4.11087386433725
-6.60619965745511
-5.35803661093806
-3.56482680884018
-4.11087386433725
-4.11087386433725
-3.7061347903654
-19.1972614847538
-3.09104245381286
-4.11087386433725
-4.11087386433725
-2.88340309634231
-4.06044301261538
-5.15905530231798
-4.11087386433725
-4.11087386433725
-5.72911773340032
-5.17897061560092
-3.42317629077224
-4.11087386433725
-4.11087386433725
-3.16875144128376
-4.3694478533531
-4.42604353178922
-4.11087386433725
-4.11087386433725
-7.153051643709
-5.14234136393397
-4.70048037024696
-4.11087386433725
-4.11087386433725
-3.91746273331709
-3.07961375983354
-4.38202663817388
-4.11087386433725
-4.11087386433725
-5.68866885204074
-6.27852143310893
-4.77588620330895
-4.11087386433725
-4.11087386433725
-9.65835399785944
-7.19967835177034
-4.20469262013723
-4.11087386433725
-4.11087386433725
-3.50655789841998
-4.49980967110804
-4.84418708913576
-4.11087386433725
-4.11087386433725
-7.98922141657045
-9.12074384648445
-5.55682806787715
-4.11087386433725
-4.11087386433725
-5.22035582869995
-4.2341065053219
-4.71849888236652
-4.11087386433725
-4.11087386433725
-7.70481194612322
-8.61613314895955
-5.35658627806824
-4.11087386433725
-4.11087386433725
-9.17419493150054
-6.72982407508924
-21.5117231977652
-4.11087386433725
-4.11087386433725
-4.96284463802214
-3.65497790450722
-5.15905530231798
-4.11087386433725
-4.11087386433725
-9.49031784909388
-6.97073008482897
-4.52178857944035
-4.11087386433725
-4.11087386433725
-5.36597601861998
-4.3694478533531
-6.03548144422332
-4.11087386433725
-4.11087386433725
-7.153051643709
-9.37644786853123
-4.70048037024696
-4.11087386433725
-4.11087386433725
-6.31535800611546
-4.46590812095343
-4.38202663817388
-4.11087386433725
-4.11087386433725
-6.38181603260068
-7.37713372177704
-7.34083556077049
-4.11087386433725
-4.11087386433725
-9.65835399785944
-7.19967835177034
-4.20469262013723
-4.11087386433725
-4.11087386433725
-4.60517018708809
-4.49980967110804
-4.84418708913576
-4.11087386433725
-4.11087386433725
-7.98922141657045
-9.12074384648445
-5.55682806787715
-4.11087386433725
-4.11087386433725
-5.22035582869995
-4.2341065053219
-4.71849888236652
-4.11087386433725
-4.11087386433725
-7.70481194612322
-8.61613314895955
-5.35658627806824
-4.11087386433725
-4.11087386433725
-9.17419493150054
-6.72982407508924
-4.18965474248097
-22.5315546082896
-4.11087386433725
-4.96284463802214
-4.75359019317533
-5.15905530231798
-4.11087386433725
-4.11087386433725
-9.49031784909388
-7.66387726538892
-4.52178857944035
-4.11087386433725
-4.11087386433725
-5.36597601861998
-4.3694478533531
-6.03548144422332
-4.11087386433725
-4.11087386433725
-7.153051643709
-9.37644786853123
-4.70048037024696
-4.11087386433725
-4.11087386433725
-6.31535800611546
-4.46590812095343
-4.38202663817388
-4.11087386433725
-4.11087386433725
-6.38181603260068
-7.37713372177704
-7.34083556077049
-4.11087386433725
-4.11087386433725
-9.65835399785944
-7.19967835177034
-4.20469262013723
-4.11087386433725
-4.11087386433725
-4.60517018708809
-4.49980967110804
-4.84418708913576
-4.11087386433725
-4.11087386433725
-7.98922141657045
-9.12074384648445
-5.55682806787715
-4.11087386433725
-4.11087386433725
-5.22035582869995
-4.2341065053219
-4.71849888236652
-4.11087386433725
-4.11087386433725
-7.70481194612322
-8.61613314895955
-5.35658627806824
-4.11087386433725
-4.11087386433725
-9.17419493150054
-6.72982407508924
-4.18965474248097
-4.11087386433725
-22.5315546082896
-4.96284463802214
-4.75359019317533
-5.15905530231798
-4.11087386433725
-4.11087386433725
-9.49031784909388
-7.66387726538892
-4.52178857944035
-4.11087386433725
-4.11087386433725
-5.36597601861998
-4.3694478533531
-6.03548144422332
-4.11087386433725
-4.11087386433725
-7.153051643709
-9.37644786853123
-4.70048037024696
-4.11087386433725
-4.11087386433725
-6.31535800611546
-4.46590812095343
-4.38202663817388
-4.11087386433725
-4.11087386433725
-6.38181603260068
-7.37713372177704
-7.34083556077049
-4.11087386433725
-4.11087386433725
-7.5789124561796
-5.40791888254228
-4.20469262013723
-4.11087386433725
-4.11087386433725
-4.60517018708809
-3.8066624905481
-4.84418708913576
-4.11087386433725
-4.11087386433725
-6.60292705545056
-6.55579448902292
-5.55682806787715
-4.11087386433725
-4.11087386433725
-5.22035582869995
-4.2341065053219
-4.02535170180658
-4.11087386433725
-4.11087386433725
-7.01166476556328
-6.82437367973149
-5.35658627806824
-4.11087386433725
-4.11087386433725
-6.2297559523341
-4.93806460586118
-4.18965474248097
-4.11087386433725
-4.11087386433725
-18.6739951806622
-4.06044301261538
-5.15905530231798
-4.11087386433725
-4.11087386433725
-9.49031784909388
-7.66387726538892
-4.52178857944035
-4.11087386433725
-4.11087386433725
-5.36597601861998
-4.3694478533531
-5.34233426366337
-4.11087386433725
-4.11087386433725
-5.36129217448094
-6.8114985110697
-4.70048037024696
-4.11087386433725
-4.11087386433725
-6.31535800611546
-4.46590812095343
-4.38202663817388
-4.11087386433725
-4.11087386433725
-5.28320374393257
-7.37713372177704
-6.64768838021054
-4.11087386433725
-4.11087386433725
-8.27205963673955
-6.50653117121039
-4.20469262013723
-4.11087386433725
-4.11087386433725
-3.91202300652815
-3.40119738243993
-4.15103990857581
-4.11087386433725
-4.11087386433725
-5.79199683923423
-9.12074384648445
-5.55682806787715
-4.11087386433725
-4.11087386433725
-5.22035582869995
-4.2341065053219
-3.61988659369841
-4.11087386433725
-4.11087386433725
-6.31851758500333
-7.00669523652545
-4.66343909750829
-4.11087386433725
-4.11087386433725
-9.17419493150054
-6.03667689452929
-4.18965474248097
-4.11087386433725
-4.11087386433725
-4.96284463802214
-19.9962171067797
-5.15905530231798
-4.11087386433725
-4.11087386433725
-8.10402348797399
-7.66387726538892
-4.52178857944035
-4.11087386433725
-4.11087386433725
-5.36597601861998
-3.67630067279315
-4.93686915555521
-4.11087386433725
-4.11087386433725
-5.07361010202916
-7.58468839930318
-4.70048037024696
-4.11087386433725
-4.11087386433725
-6.31535800611546
-4.46590812095343
-4.38202663817388
-4.11087386433725
-4.11087386433725
-4.99552167148079
-6.27852143310893
-7.34083556077049
-4.11087386433725
-4.11087386433725
-7.46112942052322
-5.59024043933624
-4.20469262013723
-4.11087386433725
-4.11087386433725
-4.60517018708809
-4.49980967110804
-4.84418708913576
-4.11087386433725
-4.11087386433725
-4.99348914301646
-7.04130230480462
-4.8636808873172
-4.11087386433725
-4.11087386433725
-5.22035582869995
-4.2341065053219
-4.02535170180658
-4.11087386433725
-4.11087386433725
-7.70481194612322
-5.84354442671977
-5.35658627806824
-4.11087386433725
-4.11087386433725
-9.17419493150054
-6.72982407508924
-4.18965474248097
-4.11087386433725
-4.11087386433725
-4.96284463802214
-4.75359019317533
-19.5907519997061
-4.11087386433725
-4.11087386433725
-6.7177291268541
-5.58443572370908
-4.52178857944035
-4.11087386433725
-4.11087386433725
-5.36597601861998
-4.3694478533531
-5.34233426366337
-4.11087386433725
-4.11087386433725
-6.05443935504089
-7.17922329119501
-4.70048037024696
-4.11087386433725
-4.11087386433725
-5.62221082555552
-4.46590812095343
-4.38202663817388
-4.11087386433725
-4.11087386433725
-4.77237812016658
-4.54392037772083
-7.34083556077049
-4.11087386433725
-4.11087386433725
-9.65835399785944
-7.19967835177034
-4.20469262013723
-4.11087386433725
-4.11087386433725
-4.60517018708809
-4.49980967110804
-4.84418708913576
-4.11087386433725
-4.11087386433725
-7.98922141657045
-9.12074384648445
-5.55682806787715
-4.11087386433725
-4.11087386433725
-5.22035582869995
-4.2341065053219
-4.71849888236652
-4.11087386433725
-4.11087386433725
-7.70481194612322
-8.61613314895955
-5.35658627806824
-4.11087386433725
-4.11087386433725
-9.17419493150054
-6.72982407508924
-4.18965474248097
-4.11087386433725
-4.11087386433725
-4.96284463802214
-4.75359019317533
-5.15905530231798
-22.5315546082896
-4.11087386433725
-9.49031784909388
-7.66387726538892
-4.52178857944035
-4.11087386433725
-4.11087386433725
-5.36597601861998
-4.3694478533531
-6.03548144422332
-4.11087386433725
-4.11087386433725
-7.153051643709
-9.37644786853123
-4.70048037024696
-4.11087386433725
-4.11087386433725
-6.31535800611546
-4.46590812095343
-4.38202663817388
-4.11087386433725
-4.11087386433725
-6.38181603260068
-7.37713372177704
-7.34083556077049
-4.11087386433725
-4.11087386433725
-9.65835399785944
-7.19967835177034
-4.20469262013723
-4.11087386433725
-4.11087386433725
-4.60517018708809
-4.49980967110804
-4.84418708913576
-4.11087386433725
-4.11087386433725
-7.98922141657045
-9.12074384648445
-5.55682806787715
-4.11087386433725
-4.11087386433725
-5.22035582869995
-4.2341065053219
-4.71849888236652
-4.11087386433725
-4.11087386433725
-7.70481194612322
-8.61613314895955
-5.35658627806824
-4.11087386433725
-4.11087386433725
-9.17419493150054
-6.72982407508924
-4.18965474248097
-4.11087386433725
-4.11087386433725
-4.96284463802214
-4.75359019317533
-5.15905530231798
-4.11087386433725
-22.5315546082896
-9.49031784909388
-7.66387726538892
-4.52178857944035
-4.11087386433725
-4.11087386433725
-5.36597601861998
-4.3694478533531
-6.03548144422332
-4.11087386433725
-4.11087386433725
-7.153051643709
-9.37644786853123
-4.70048037024696
-4.11087386433725
-4.11087386433725
-6.31535800611546
-4.46590812095343
-4.38202663817388
-4.11087386433725
-4.11087386433725
-6.38181603260068
-7.37713372177704
-7.34083556077049
-4.11087386433725
-4.11087386433725
-1.24385820468154
-2.12450453653651
-4.20469262013723
-4.11087386433725
-4.11087386433725
-3.2188758259682
-4.49980967110804
-2.27923773167422
-4.11087386433725
-4.11087386433725
-1.66665617664316
-1.45686658778098
-1.72818667138805
-4.11087386433725
-4.11087386433725
-3.27444567964463
-3.54095932476195
-4.71849888236652
-4.11087386433725
-4.11087386433725
-3.79278894069507
-2.17041332957397
-2.58399755582846
-4.11087386433725
-4.11087386433725
-1.44665982102509
-2.42575898188507
-3.49650756192102
-4.11087386433725
-4.11087386433725
-3.86423234935403
-3.65497790450722
-2.11453286459455
-4.11087386433725
-4.11087386433725
-18.5203386669468
-1.42165399993375
-1.95683922197881
-4.11087386433725
-4.11087386433725
-4.67282883806004
-4.3694478533531
-4.93686915555521
-4.11087386433725
-4.11087386433725
-2.72223484486568
-1.99743974090293
-3.31418600912707
-4.11087386433725
-4.11087386433725
-2.62647855200153
-4.46590812095343
-4.38202663817388
-4.11087386433725
-4.11087386433725
-4.43590588354537
-3.91139781897732
-1.76868152859272
-4.11087386433725
-4.11087386433725
-3.40837875559995
-2.52684951730843
-4.20469262013723
-4.11087386433725
-4.11087386433725
-3.91202300652815
-4.49980967110804
-3.23474917670166
-4.11087386433725
-4.11087386433725
-3.74072617452109
-3.51494178018846
-3.07192141808914
-4.11087386433725
-4.11087386433725
-3.83406146758006
-3.54095932476195
-4.71849888236652
-4.11087386433725
-4.11087386433725
-6.60619965745511
-4.5907814582244
-2.7916369206067
-4.11087386433725
-4.11087386433725
-4.21135030124063
-4.33192880229087
-4.18965474248097
-4.11087386433725
-4.11087386433725
-4.96284463802214
-4.75359019317533
-4.06044301364987
-4.11087386433725
-4.11087386433725
-3.09505625097843
-18.8233329173694
-2.73002911021229
-4.11087386433725
-4.11087386433725
-3.75653810618588
-2.42353770429778
-6.03548144422332
-4.11087386433725
-4.11087386433725
-3.9341758188408
-4.29504350354677
-3.60186808157885
-4.11087386433725
-4.11087386433725
-2.5311683721972
-3.77276094039349
-4.38202663817388
-4.11087386433725
-4.11087386433725
-4.99552167148079
-6.6839865412171
-4.3451032872165
-4.11087386433725
-4.11087386433725
-8.27205963673955
-5.40791888254228
-4.20469262013723
-4.11087386433725
-4.11087386433725
-4.60517018708809
-4.49980967110804
-4.84418708913576
-4.11087386433725
-4.11087386433725
-7.98922141657045
-8.02213155781634
-5.55682806787715
-4.11087386433725
-4.11087386433725
-5.22035582869995
-4.2341065053219
-4.71849888236652
-4.11087386433725
-4.11087386433725
-7.70481194612322
-8.61613314895955
-4.66343909750829
-4.11087386433725
-4.11087386433725
-8.48104775094059
-6.72982407508924
-4.18965474248097
-4.11087386433725
-4.11087386433725
-4.96284463802214
-4.75359019317533
-5.15905530231798
-4.11087386433725
-4.11087386433725
-7.88087993665978
-5.36129217239487
-19.8514268700344
-4.11087386433725
-4.11087386433725
-5.36597601861998
-4.3694478533531
-6.03548144422332
-4.11087386433725
-4.11087386433725
-6.05443935504089
-9.37644786853123
-4.70048037024696
-4.11087386433725
-4.11087386433725
-6.31535800611546
-3.07961375983354
-4.38202663817388
-4.11087386433725
-4.11087386433725
-6.38181603260068
-7.37713372177704
-7.34083556077049
-4.11087386433725
-4.11087386433725
-9.65835399785944
-7.19967835177034
-4.20469262013723
-4.11087386433725
-4.11087386433725
-4.60517018708809
-4.49980967110804
-4.84418708913576
-4.11087386433725
-4.11087386433725
-7.98922141657045
-9.12074384648445
-5.55682806787715
-4.11087386433725
-4.11087386433725
-5.22035582869995
-4.2341065053219
-4.71849888236652
-4.11087386433725
-4.11087386433725
-7.70481194612322
-8.61613314895955
-5.35658627806824
-4.11087386433725
-4.11087386433725
-9.17419493150054
-6.72982407508924
-4.18965474248097
-4.11087386433725
-4.11087386433725
-4.96284463802214
-4.75359019317533
-5.15905530231798
-4.11087386433725
-4.11087386433725
-9.49031784909388
-7.66387726538892
-4.52178857944035
-22.5315546082896
-4.11087386433725
-5.36597601861998
-4.3694478533531
-6.03548144422332
-4.11087386433725
-4.11087386433725
-7.153051643709
-9.37644786853123
-4.70048037024696
-4.11087386433725
-4.11087386433725
-6.31535800611546
-4.46590812095343
-4.38202663817388
-4.11087386433725
-4.11087386433725
-6.38181603260068
-7.37713372177704
-7.34083556077049
-4.11087386433725
-4.11087386433725
-9.65835399785944
-7.19967835177034
-4.20469262013723
-4.11087386433725
-4.11087386433725
-4.60517018708809
-4.49980967110804
-4.84418708913576
-4.11087386433725
-4.11087386433725
-7.98922141657045
-9.12074384648445
-5.55682806787715
-4.11087386433725
-4.11087386433725
-5.22035582869995
-4.2341065053219
-4.71849888236652
-4.11087386433725
-4.11087386433725
-7.70481194612322
-8.61613314895955
-5.35658627806824
-4.11087386433725
-4.11087386433725
-9.17419493150054
-6.72982407508924
-4.18965474248097
-4.11087386433725
-4.11087386433725
-4.96284463802214
-4.75359019317533
-5.15905530231798
-4.11087386433725
-4.11087386433725
-9.49031784909388
-7.66387726538892
-4.52178857944035
-4.11087386433725
-22.5315546082896
-5.36597601861998
-4.3694478533531
-6.03548144422332
-4.11087386433725
-4.11087386433725
-7.153051643709
-9.37644786853123
-4.70048037024696
-4.11087386433725
-4.11087386433725
-6.31535800611546
-4.46590812095343
-4.38202663817388
-4.11087386433725
-4.11087386433725
-6.38181603260068
-7.37713372177704
-7.34083556077049
-4.11087386433725
-4.11087386433725
-6.25715661619728
-4.36646500771412
-3.51154543957729
-4.11087386433725
-4.11087386433725
-2.81341071786004
-3.8066624905481
-4.84418708913576
-4.11087386433725
-4.11087386433725
-6.89060912790234
-6.17630486731801
-4.8636808873172
-4.11087386433725
-4.11087386433725
-3.61091791626585
-4.2341065053219
-4.71849888236652
-4.11087386433725
-4.11087386433725
-5.507587368787
-6.41890857162333
-5.35658627806824
-4.11087386433725
-4.11087386433725
-7.0947533898207
-4.6503825334094
-4.18965474248097
-4.11087386433725
-4.11087386433725
-4.96284463802214
-4.75359019317533
-5.15905530231798
-4.11087386433725
-4.11087386433725
-6.44579541137046
-6.97073008482897
-4.52178857944035
-4.11087386433725
-4.11087386433725
-19.4428513407187
-3.27083556468499
-4.93686915555521
-4.11087386433725
-4.11087386433725
-6.45990446314905
-6.73739053891597
-4.00733318968702
-4.11087386433725
-4.11087386433725
-4.92906364499557
-4.46590812095343
-4.38202663817388
-4.11087386433725
-4.11087386433725
-6.38181603260068
-5.99083936065715
-5.73139764833639
-4.11087386433725
-4.11087386433725
-8.96520681729949
-7.19967835177034
-4.20469262013723
-4.11087386433725
-4.11087386433725
-4.60517018708809
-3.8066624905481
-4.84418708913576
-4.11087386433725
-4.11087386433725
-7.98922141657045
-9.12074384648445
-5.55682806787715
-4.11087386433725
-4.11087386433725
-5.22035582869995
-4.2341065053219
-4.71849888236652
-4.11087386433725
-4.11087386433725
-7.70481194612322
-7.22983878783966
-5.35658627806824
-4.11087386433725
-4.11087386433725
-9.17419493150054
-5.12038616265514
-4.18965474248097
-4.11087386433725
-4.11087386433725
-4.96284463802214
-4.06044301261538
-5.15905530231798
-4.11087386433725
-4.11087386433725
-9.49031784909388
-6.56526497672081
-4.52178857944035
-4.11087386433725
-4.11087386433725
-4.67282883806004
-20.8442184482502
-6.03548144422332
-4.11087386433725
-4.11087386433725
-6.45990446314905
-9.37644786853123
-4.70048037024696
-4.11087386433725
-4.11087386433725
-6.31535800611546
-3.77276094039349
-4.38202663817388
-4.11087386433725
-4.11087386433725
-5.68866885204074
-6.6839865412171
-7.34083556077049
-4.11087386433725
-4.11087386433725
-9.65835399785944
-7.19967835177034
-4.20469262013723
-4.11087386433725
-4.11087386433725
-4.60517018708809
-4.49980967110804
-4.84418708913576
-4.11087386433725
-4.11087386433725
-5.04478243740401
-4.73871721181057
-4.8636808873172
-4.11087386433725
-4.11087386433725
-5.22035582869995
-4.2341065053219
-3.61988659369841
-4.11087386433725
-4.11087386433725
-4.06722578639683
-5.62040087540556
-4.66343909750829
-4.11087386433725
-4.11087386433725
-7.56475701906643
-6.03667689452929
-4.18965474248097
-4.11087386433725
-4.11087386433725
-4.2696974574622
-3.65497790450722
-5.15905530231798
-4.11087386433725
-4.11087386433725
-8.39170556042577
-6.56526497672081
-4.52178857944035
-4.11087386433725
-4.11087386433725
-4.67282883806004
-3.67630067279315
-18.2637996987008
-4.11087386433725
-4.11087386433725
-3.71906443922385
-4.62285767742487
-4.70048037024696
-4.11087386433725
-4.11087386433725
-6.31535800611546
-4.46590812095343
-4.38202663817388
-4.11087386433725
-4.11087386433725
-4.77237812016658
-4.48676196388088
-4.77588620330895
-4.11087386433725
-4.11087386433725
-9.65835399785944
-7.19967835177034
-4.20469262013723
-4.11087386433725
-4.11087386433725
-4.60517018708809
-4.49980967110804
-4.84418708913576
-4.11087386433725
-4.11087386433725
-7.98922141657045
-9.12074384648445
-5.55682806787715
-4.11087386433725
-4.11087386433725
-5.22035582869995
-4.2341065053219
-4.71849888236652
-4.11087386433725
-4.11087386433725
-7.70481194612322
-8.61613314895955
-5.35658627806824
-4.11087386433725
-4.11087386433725
-9.17419493150054
-6.72982407508924
-4.18965474248097
-4.11087386433725
-4.11087386433725
-4.96284463802214
-4.75359019317533
-5.15905530231798
-4.11087386433725
-4.11087386433725
-9.49031784909388
-7.66387726538892
-4.52178857944035
-4.11087386433725
-4.11087386433725
-5.36597601861998
-4.3694478533531
-6.03548144422332
-22.5315546082896
-4.11087386433725
-7.153051643709
-9.37644786853123
-4.70048037024696
-4.11087386433725
-4.11087386433725
-6.31535800611546
-4.46590812095343
-4.38202663817388
-4.11087386433725
-4.11087386433725
-6.38181603260068
-7.37713372177704
-7.34083556077049
-4.11087386433725
-4.11087386433725
-9.65835399785944
-7.19967835177034
-4.20469262013723
-4.11087386433725
-4.11087386433725
-4.60517018708809
-4.49980967110804
-4.84418708913576
-4.11087386433725
-4.11087386433725
-7.98922141657045
-9.12074384648445
-5.55682806787715
-4.11087386433725
-4.11087386433725
-5.22035582869995
-4.2341065053219
-4.71849888236652
-4.11087386433725
-4.11087386433725
-7.70481194612322
-8.61613314895955
-5.35658627806824
-4.11087386433725
-4.11087386433725
-9.17419493150054
-6.72982407508924
-4.18965474248097
-4.11087386433725
-4.11087386433725
-4.96284463802214
-4.75359019317533
-5.15905530231798
-4.11087386433725
-4.11087386433725
-9.49031784909388
-7.66387726538892
-4.52178857944035
-4.11087386433725
-4.11087386433725
-5.36597601861998
-4.3694478533531
-6.03548144422332
-4.11087386433725
-22.5315546082896
-7.153051643709
-9.37644786853123
-4.70048037024696
-4.11087386433725
-4.11087386433725
-6.31535800611546
-4.46590812095343
-4.38202663817388
-4.11087386433725
-4.11087386433725
-6.38181603260068
-7.37713372177704
-7.34083556077049
-4.11087386433725
-4.11087386433725
-5.14749449134259
-5.40791888254228
-4.20469262013723
-4.11087386433725
-4.11087386433725
-3.50655789841998
-2.89037175867394
-2.54160199614171
-4.11087386433725
-4.11087386433725
-3.23563122546408
-4.16491678888319
-5.55682806787715
-4.11087386433725
-4.11087386433725
-4.12174354003184
-4.2341065053219
-4.02535170180658
-4.11087386433725
-4.11087386433725
-3.36100652426954
-3.71829334900864
-4.25797398940013
-4.11087386433725
-4.11087386433725
-6.2297559523341
-5.12038616265514
-4.18965474248097
-4.11087386433725
-4.11087386433725
-3.01693448896683
-2.80768004412002
-3.77276094119809
-4.11087386433725
-4.11087386433725
-4.87519733225262
-4.13751674077276
-4.52178857944035
-4.11087386433725
-4.11087386433725
-5.36597601861998
-3.67630067279315
-3.39642411460806
-4.11087386433725
-4.11087386433725
-18.5517559645892
-3.73100097088799
-4.00733318968702
-4.11087386433725
-4.11087386433725
-4.36944785706015
-4.46590812095343
-4.38202663817388
-4.11087386433725
-4.11087386433725
-3.98392075980231
-3.7135720756474
-4.29631312304706
-4.11087386433725
-4.11087386433725
-1.90130285582742
-3.19234516653787
-3.51154543957729
-4.11087386433725
-4.11087386433725
-3.91202300652815
-3.8066624905481
-3.23474917670166
-4.11087386433725
-4.11087386433725
-1.57904653460428
-1.34211369915864
-2.84877786677494
-4.11087386433725
-4.11087386433725
-2.32998407080378
-4.2341065053219
-1.58300466643737
-4.11087386433725
-4.11087386433725
-1.25118694723053
-1.15105041256
-2.46621452017207
-4.11087386433725
-4.11087386433725
-2.63605510773287
-2.81780106966109
-4.18965474248097
-4.11087386433725
-4.11087386433725
-2.12963129396593
-2.18864083571379
-2.51999797270272
-4.11087386433725
-4.11087386433725
-2.02810290932569
-2.80406486102725
-3.42317629077224
-4.11087386433725
-4.11087386433725
-2.5933872963802
-4.3694478533531
-1.20716770692102
-4.11087386433725
-4.11087386433725
-1.41004845589952
-18.1114240050196
-2.30258509744859
-4.11087386433725
-4.11087386433725
-3.01952114011114
-2.85647020851933
-3.28341434950577
-4.11087386433725
-4.11087386433725
-2.77089811995646
-1.78614674126619
-2.0576318320325
-4.11087386433725
-4.11087386433725
-8.27205963673955
-6.10106606310223
-4.20469262013723
-4.11087386433725
-4.11087386433725
-4.60517018708809
-4.49980967110804
-4.84418708913576
-4.11087386433725
-4.11087386433725
-6.37978350413635
-6.81815875349041
-5.55682806787715
-4.11087386433725
-4.11087386433725
-5.22035582869995
-4.2341065053219
-4.71849888236652
-4.11087386433725
-4.11087386433725
-7.70481194612322
-8.61613314895955
-5.35658627806824
-4.11087386433725
-4.11087386433725
-7.78790057038064
-6.72982407508924
-4.18965474248097
-4.11087386433725
-4.11087386433725
-4.2696974574622
-4.75359019317533
-5.15905530231798
-4.11087386433725
-4.11087386433725
-7.88087993665978
-7.66387726538892
-4.52178857944035
-4.11087386433725
-4.11087386433725
-5.36597601861998
-4.3694478533531
-6.03548144422332
-4.11087386433725
-4.11087386433725
-7.153051643709
-6.48607611063507
-19.2293408160887
-4.11087386433725
-4.11087386433725
-4.52359853688741
-4.46590812095343
-4.38202663817388
-4.11087386433725
-4.11087386433725
-6.38181603260068
-7.37713372177704
-6.64768838021054
-4.11087386433725
-4.11087386433725
-9.65835399785944
-7.19967835177034
-4.20469262013723
-4.11087386433725
-4.11087386433725
-4.60517018708809
-4.49980967110804
-4.84418708913576
-4.11087386433725
-4.11087386433725
-7.98922141657045
-9.12074384648445
-5.55682806787715
-4.11087386433725
-4.11087386433725
-5.22035582869995
-4.2341065053219
-4.71849888236652
-4.11087386433725
-4.11087386433725
-7.70481194612322
-8.61613314895955
-5.35658627806824
-4.11087386433725
-4.11087386433725
-9.17419493150054
-6.72982407508924
-4.18965474248097
-4.11087386433725
-4.11087386433725
-4.96284463802214
-4.75359019317533
-5.15905530231798
-4.11087386433725
-4.11087386433725
-9.49031784909388
-7.66387726538892
-4.52178857944035
-4.11087386433725
-4.11087386433725
-5.36597601861998
-4.3694478533531
-6.03548144422332
-4.11087386433725
-4.11087386433725
-7.153051643709
-9.37644786853123
-4.70048037024696
-22.5315546082896
-4.11087386433725
-6.31535800611546
-4.46590812095343
-4.38202663817388
-4.11087386433725
-4.11087386433725
-6.38181603260068
-7.37713372177704
-7.34083556077049
-4.11087386433725
-4.11087386433725
-9.65835399785944
-7.19967835177034
-4.20469262013723
-4.11087386433725
-4.11087386433725
-4.60517018708809
-4.49980967110804
-4.84418708913576
-4.11087386433725
-4.11087386433725
-7.98922141657045
-9.12074384648445
-5.55682806787715
-4.11087386433725
-4.11087386433725
-5.22035582869995
-4.2341065053219
-4.71849888236652
-4.11087386433725
-4.11087386433725
-7.70481194612322
-8.61613314895955
-5.35658627806824
-4.11087386433725
-4.11087386433725
-9.17419493150054
-6.72982407508924
-4.18965474248097
-4.11087386433725
-4.11087386433725
-4.96284463802214
-4.75359019317533
-5.15905530231798
-4.11087386433725
-4.11087386433725
-9.49031784909388
-7.66387726538892
-4.52178857944035
-4.11087386433725
-4.11087386433725
-5.36597601861998
-4.3694478533531
-6.03548144422332
-4.11087386433725
-4.11087386433725
-7.153051643709
-9.37644786853123
-4.70048037024696
-4.11087386433725
-22.5315546082896
-6.31535800611546
-4.46590812095343
-4.38202663817388
-4.11087386433725
-4.11087386433725
-6.38181603260068
-7.37713372177704
-7.34083556077049
-4.11087386433725
-4.11087386433725
-4.89618006306168
-3.86747384159513
-4.20469262013723
-4.11087386433725
-4.11087386433725
-4.60517018708809
-4.49980967110804
-4.84418708913576
-4.11087386433725
-4.11087386433725
-5.90977987489061
-5.15045193293233
-4.45821577920904
-4.11087386433725
-4.11087386433725
-1.96225929067846
-3.54095932476195
-4.71849888236652
-4.11087386433725
-4.11087386433725
-7.70481194612322
-6.41890857162333
-2.52337293401202
-4.11087386433725
-4.11087386433725
-4.91151505445922
-4.6503825334094
-4.18965474248097
-4.11087386433725
-4.11087386433725
-4.96284463802214
-4.75359019317533
-5.15905530231798
-4.11087386433725
-4.11087386433725
-5.90679891063777
-3.52074253899739
-4.52178857944035
-4.11087386433725
-4.11087386433725
-3.06339092562594
-4.3694478533531
-6.03548144422332
-4.11087386433725
-4.11087386433725
-4.75515637091063
-5.91071196573151
-4.70048037024696
-4.11087386433725
-4.11087386433725
-19.1987044830493
-3.07961375983354
-4.38202663817388
-4.11087386433725
-4.11087386433725
-6.38181603260068
-7.37713372177704
-6.24222327210238
-4.11087386433725
-4.11087386433725
-8.55974170919133
-6.10106606310223
-4.20469262013723
-4.11087386433725
-4.11087386433725
-4.60517018708809
-4.49980967110804
-4.84418708913576
-4.11087386433725
-4.11087386433725
-7.98922141657045
-7.73444948536456
-5.55682806787715
-4.11087386433725
-4.11087386433725
-4.52720864814
-4.2341065053219
-4.71849888236652
-4.11087386433725
-4.11087386433725
-7.70481194612322
-8.61613314895955
-5.35658627806824
-4.11087386433725
-4.11087386433725
-8.48104775094059
-5.63121178642113
-4.18965474248097
-4.11087386433725
-4.11087386433725
-4.96284463802214
-4.75359019317533
-5.15905530231798
-4.11087386433725
-4.11087386433725
-7.41087630741404
-6.56526497672081
-3.8286413988804
-4.11087386433725
-4.11087386433725
-4.67282883806004
-4.3694478533531
-6.03548144422332
-4.11087386433725
-4.11087386433725
-7.153051643709
-8.68330068797129
-4.70048037024696
-4.11087386433725
-4.11087386433725
-4.70592009368136
-19.8908565913518
-4.38202663817388
-4.11087386433725
-4.11087386433725
-6.38181603260068
-7.37713372177704
-7.34083556077049
-4.11087386433725
-4.11087386433725
-9.65835399785944
-7.19967835177034
-4.20469262013723
-4.11087386433725
-4.11087386433725
-4.60517018708809
-3.8066624905481
-4.84418708913576
-4.11087386433725
-4.11087386433725
-7.98922141657045
-8.42759666592451
-5.55682806787715
-4.11087386433725
-4.11087386433725
-5.22035582869995
-4.2341065053219
-4.71849888236652
-4.11087386433725
-4.11087386433725
-7.70481194612322
-6.05118379149801
-5.35658627806824
-4.11087386433725
-4.11087386433725
-9.17419493150054
-6.72982407508924
-4.18965474248097
-4.11087386433725
-4.11087386433725
-3.86423234935403
-4.75359019317533
-5.15905530231798
-4.11087386433725
-4.11087386433725
-9.49031784909388
-7.66387726538892
-4.52178857944035
-4.11087386433725
-4.11087386433725
-5.36597601861998
-4.3694478533531
-5.34233426366337
-4.11087386433725
-4.11087386433725
-7.153051643709
-9.37644786853123
-4.70048037024696
-4.11087386433725
-4.11087386433725
-6.31535800611546
-4.46590812095343
-19.470502871951
-4.11087386433725
-4.11087386433725
-5.68866885204074
-7.37713372177704
-7.34083556077049
-4.11087386433725
-4.11087386433725
-9.65835399785944
-7.19967835177034
-4.20469262013723
-4.11087386433725
-4.11087386433725
-4.60517018708809
-4.49980967110804
-4.84418708913576
-4.11087386433725
-4.11087386433725
-7.98922141657045
-9.12074384648445
-5.55682806787715
-4.11087386433725
-4.11087386433725
-5.22035582869995
-4.2341065053219
-4.71849888236652
-4.11087386433725
-4.11087386433725
-7.70481194612322
-8.61613314895955
-5.35658627806824
-4.11087386433725
-4.11087386433725
-9.17419493150054
-6.72982407508924
-4.18965474248097
-4.11087386433725
-4.11087386433725
-4.96284463802214
-4.75359019317533
-5.15905530231798
-4.11087386433725
-4.11087386433725
-9.49031784909388
-7.66387726538892
-4.52178857944035
-4.11087386433725
-4.11087386433725
-5.36597601861998
-4.3694478533531
-6.03548144422332
-4.11087386433725
-4.11087386433725
-7.153051643709
-9.37644786853123
-4.70048037024696
-4.11087386433725
-4.11087386433725
-6.31535800611546
-4.46590812095343
-4.38202663817388
-22.5315546082896
-4.11087386433725
-6.38181603260068
-7.37713372177704
-7.34083556077049
-4.11087386433725
-4.11087386433725
-9.65835399785944
-7.19967835177034
-4.20469262013723
-4.11087386433725
-4.11087386433725
-4.60517018708809
-4.49980967110804
-4.84418708913576
-4.11087386433725
-4.11087386433725
-7.98922141657045
-9.12074384648445
-5.55682806787715
-4.11087386433725
-4.11087386433725
-5.22035582869995
-4.2341065053219
-4.71849888236652
-4.11087386433725
-4.11087386433725
-7.70481194612322
-8.61613314895955
-5.35658627806824
-4.11087386433725
-4.11087386433725
-9.17419493150054
-6.72982407508924
-4.18965474248097
-4.11087386433725
-4.11087386433725
-4.96284463802214
-4.75359019317533
-5.15905530231798
-4.11087386433725
-4.11087386433725
-9.49031784909388
-7.66387726538892
-4.52178857944035
-4.11087386433725
-4.11087386433725
-5.36597601861998
-4.3694478533531
-6.03548144422332
-4.11087386433725
-4.11087386433725
-7.153051643709
-9.37644786853123
-4.70048037024696
-4.11087386433725
-4.11087386433725
-6.31535800611546
-4.46590812095343
-4.38202663817388
-4.11087386433725
-22.5315546082896
-6.38181603260068
-7.37713372177704
-7.34083556077049
-4.11087386433725
-4.11087386433725
-6.36251713185511
-6.50653117121039
-4.20469262013723
-4.11087386433725
-4.11087386433725
-4.60517018708809
-3.8066624905481
-4.15103990857581
-4.11087386433725
-4.11087386433725
-5.59132614377208
-7.17483369742914
-4.8636808873172
-4.11087386433725
-4.11087386433725
-5.22035582869995
-4.2341065053219
-3.10906096993242
-4.11087386433725
-4.11087386433725
-2.12131563734152
-4.16178585270604
-5.35658627806824
-4.11087386433725
-4.11087386433725
-7.56475701906643
-6.72982407508924
-4.18965474248097
-4.11087386433725
-4.11087386433725
-3.86423234935403
-2.96183072394727
-2.96183072498176
-4.11087386433725
-4.11087386433725
-8.10402348797399
-7.66387726538892
-4.52178857944035
-4.11087386433725
-4.11087386433725
-5.36597601861998
-2.760009940919
-4.64918708310343
-4.11087386433725
-4.11087386433725
-4.58810228624746
-5.46442486310309
-4.70048037024696
-4.11087386433725
-4.11087386433725
-6.31535800611546
-4.46590812095343
-3.68887945761394
-4.11087386433725
-4.11087386433725
-18.0023267082508
-3.9431465172919
-5.9545411996506
-4.11087386433725
-4.11087386433725
-5.05318381187135
-6.50653117121039
-4.20469262013723
-4.11087386433725
-4.11087386433725
-3.50655789841998
-2.42036812942821
-3.74557480046765
-4.11087386433725
-4.11087386433725
-3.54657016008013
-5.15045193293233
-5.55682806787715
-4.11087386433725
-4.11087386433725
-5.22035582869995
-4.2341065053219
-4.71849888236652
-4.11087386433725
-4.11087386433725
-1.7259261812221
-2.73281076047127
-5.35658627806824
-4.11087386433725
-4.11087386433725
-6.97697035416432
-6.72982407508924
-4.18965474248097
-4.11087386433725
-4.11087386433725
-4.2696974574622
-3.36729583205544
-2.32584195826176
-4.11087386433725
-4.11087386433725
-4.90535037042331
-6.27758290426903
-4.52178857944035
-4.11087386433725
-4.11087386433725
-4.26736372995187
-4.3694478533531
-2.63428406256116
-4.11087386433725
-4.11087386433725
-3.97499781336105
-3.82737178363601
-4.00733318968702
-4.11087386433725
-4.11087386433725
-6.31535800611546
-4.46590812095343
-3.68887945761394
-4.11087386433725
-4.11087386433725
-3.38608375904669
-18.5323847424755
-3.13614294137952
-4.11087386433725
-4.11087386433725
-4.05993203886106
-3.5107988976564
-4.20469262013723
-4.11087386433725
-4.11087386433725
-4.60517018708809
-3.8066624905481
-4.15103990857581
-4.11087386433725
-4.11087386433725
-4.89817896321213
-4.56686695488391
-4.17053370675725
-4.11087386433725
-4.11087386433725
-5.22035582869995
-4.2341065053219
-4.71849888236652
-4.11087386433725
-4.11087386433725
-3.53042467622758
-3.22250560260719
-4.66343909750829
-4.11087386433725
-4.11087386433725
-4.06220714314399
-4.09076674547398
-3.49650756192102
-4.11087386433725
-4.11087386433725
-3.86423234935403
-4.75359019317533
-4.06044301364987
-4.11087386433725
-4.11087386433725
-4.05223854017069
-4.33167275521371
-4.52178857944035
-4.11087386433725
-4.11087386433725
-3.57421654939193
-4.3694478533531
-3.73289635122927
-4.11087386433725
-4.11087386433725
-4.51399431409374
-3.91261606350562
-4.00733318968702
-4.11087386433725
-4.11087386433725
-6.31535800611546
-4.46590812095343
-3.68887945761394
-4.11087386433725
-4.11087386433725
-5.28320374393257
-2.80242274327366
-18.8290684131503
-4.11087386433725
-4.11087386433725
-9.65835399785944
-7.19967835177034
-4.20469262013723
-4.11087386433725
-4.11087386433725
-4.60517018708809
-4.49980967110804
-4.84418708913576
-4.11087386433725
-4.11087386433725
-7.98922141657045
-9.12074384648445
-5.55682806787715
-4.11087386433725
-4.11087386433725
-5.22035582869995
-4.2341065053219
-4.71849888236652
-4.11087386433725
-4.11087386433725
-7.70481194612322
-8.61613314895955
-5.35658627806824
-4.11087386433725
-4.11087386433725
-9.17419493150054
-6.72982407508924
-4.18965474248097
-4.11087386433725
-4.11087386433725
-4.96284463802214
-4.75359019317533
-5.15905530231798
-4.11087386433725
-4.11087386433725
-9.49031784909388
-7.66387726538892
-4.52178857944035
-4.11087386433725
-4.11087386433725
-5.36597601861998
-4.3694478533531
-6.03548144422332
-4.11087386433725
-4.11087386433725
-7.153051643709
-9.37644786853123
-4.70048037024696
-4.11087386433725
-4.11087386433725
-6.31535800611546
-4.46590812095343
-4.38202663817388
-4.11087386433725
-4.11087386433725
-6.38181603260068
-7.37713372177704
-7.34083556077049
-22.5315546082896
-4.11087386433725
-9.65835399785944
-7.19967835177034
-4.20469262013723
-4.11087386433725
-4.11087386433725
-4.60517018708809
-4.49980967110804
-4.84418708913576
-4.11087386433725
-4.11087386433725
-7.98922141657045
-9.12074384648445
-5.55682806787715
-4.11087386433725
-4.11087386433725
-5.22035582869995
-4.2341065053219
-4.71849888236652
-4.11087386433725
-4.11087386433725
-7.70481194612322
-8.61613314895955
-5.35658627806824
-4.11087386433725
-4.11087386433725
-9.17419493150054
-6.72982407508924
-4.18965474248097
-4.11087386433725
-4.11087386433725
-4.96284463802214
-4.75359019317533
-5.15905530231798
-4.11087386433725
-4.11087386433725
-9.49031784909388
-7.66387726538892
-4.52178857944035
-4.11087386433725
-4.11087386433725
-5.36597601861998
-4.3694478533531
-6.03548144422332
-4.11087386433725
-4.11087386433725
-7.153051643709
-9.37644786853123
-4.70048037024696
-4.11087386433725
-4.11087386433725
-6.31535800611546
-4.46590812095343
-4.38202663817388
-4.11087386433725
-4.11087386433725
-6.38181603260068
-7.37713372177704
-7.34083556077049
-4.11087386433725
-22.5315546082896
60
-3.7340982004449
-4.56062102215508
-4.20469262013723
-4.11087386433725
-4.11087386433725
-4.60517018708809
-4.49980967110804
-4.84418708913576
-4.11087386433725
-4.11087386433725
-4.52348551377072
-5.0776925786499
-4.45821577920904
-4.11087386433725
-4.11087386433725
-4.52720864814
-4.2341065053219
-4.71849888236652
-4.11087386433725
-4.11087386433725
-4.23907604332349
-5.00521523631532
-4.66343909750829
-4.11087386433725
-4.11087386433725
-5.36753244173022
-4.53259949775302
-4.18965474248097
-4.11087386433725
-4.11087386433725
-4.96284463802214
-4.06044301261538
-4.46590812175803
-4.11087386433725
-4.11087386433725
-4.49988526231514
-4.19814136258919
-4.52178857944035
-4.11087386433725
-4.11087386433725
-4.67282883806004
-4.3694478533531
-4.93686915555521
-4.11087386433725
-4.11087386433725
-3.65654408224252
-4.41360323827132
-4.70048037024696
-4.11087386433725
-4.11087386433725
-4.92906364499557
-4.46590812095343
-4.38202663817388
-4.11087386433725
-4.11087386433725
-4.18459145526446
-4.97923844897867
-5.39492541171517
-4.11087386433725
-4.11087386433725
