1.000000
60
0.008608
0.000243
0.000000
0.000000
0.000000
0.000000
0.000013
0.000000
0.000000
0.000000
0.000251
0.001551
0.000000
0.000000
0.000000
0.000025
0.000000
0.000021
0.000000
0.000000
0.001983
0.001352
0.000000
0.000000
0.000000
0.001080
0.000018
0.000000
0.000000
0.000000
0.000010
0.000000
0.000004
0.000000
0.000000
0.001936
0.000157
0.000011
0.000000
0.000000
0.000020
0.000000
0.000393
0.000000
0.000000
0.000274
0.005167
0.000000
0.000000
0.000000
0.000067
0.000003
0.000000
0.000000
0.000000
0.000221
0.000951
0.000392
0.000000
0.000000
60 60
0.000000
0.014097
0.000000
0.000000
0.000000
0.000004
0.000000
0.000018
0.000000
0.000000
0.003592
0.013993
0.000451
0.000000
0.000000
0.000240
0.000007
0.000000
0.000000
0.000000
0.000453
0.007535
0.000273
0.000000
0.000000
0.048400
0.004027
0.000000
0.000000
0.000000
0.000040
0.000000
0.000088
0.000000
0.000000
0.056093
0.005536
0.000041
0.000000
0.000000
0.000221
0.000000
0.000038
0.000000
0.000000
0.000424
0.020856
0.000139
0.000000
0.000000
0.001104
0.000047
0.000000
0.000000
0.000000
0.000137
0.001017
0.004844
0.000000
0.000000
0.015668
0.000000
0.000000
0.000000
0.000000
0.000074
0.000005
0.000000
0.000000
0.000000
0.000137
0.000471
0.000032
0.000000
0.000000
0.000171
0.000000
0.000000
0.000000
0.000000
0.000008
0.000112
0.000006
0.000000
0.000000
0.001290
0.000508
0.000000
0.000000
0.000000
0.000010
0.000000
0.000011
0.000000
0.000000
0.001376
0.000914
0.000000
0.000000
0.000000
0.000059
0.000003
0.000009
0.000000
0.000000
0.000055
0.000515
0.000013
0.000000
0.000000
0.000174
0.000019
0.000000
0.000000
0.000000
0.000000
0.000031
0.000929
0.000000
0.000000
0.000059
0.000000
0.000000
0.000000
0.000000
0.000000
0.000000
0.000000
0.000000
0.000000
0.000037
0.000295
0.000000
0.000000
0.000000
0.000000
0.000000
0.000000
0.000000
0.000000
0.000000
0.000000
0.000000
0.000000
0.000000
0.000006
0.000004
0.000000
0.000000
0.000000
0.000000
0.000000
0.000000
0.000000
0.000000
0.000000
0.000000
0.000000
0.000000
0.000000
0.000031
0.000000
0.000000
0.000000
0.000000
0.000000
0.000000
0.000000
0.000000
0.000000
0.000003
0.000000
0.000000
0.000000
0.000000
0.000000
0.000000
0.000000
0.000000
0.000000
0.000000
0.000000
0.000000
0.000000
0.000000
0.000000
0.000000
0.000000
0.000000
0.000000
0.000000
0.000000
0.000000
0.000000
0.000000
0.000000
0.000000
0.000000
0.000000
0.000000
0.000000
0.000000
0.000000
0.000000
0.000000
0.000000
0.000000
0.000000
0.000000
0.000000
0.000000
0.000000
0.000000
0.000000
0.000000
0.000000
0.000000
0.000000
0.000000
0.000000
0.000000
0.000000
0.000000
0.000000
0.000000
0.000000
0.000000
0.000000
0.000000
0.000000
0.000000
0.000000
0.000000
0.000000
0.000000
0.000000
0.000000
0.000000
0.000000
0.000000
0.000000
0.000000
0.000000
0.000000
0.000000
0.000000
0.000000
0.000000
0.000000
0.000000
0.000000
0.000000
0.000000
0.000000
0.000000
0.000000
0.000000
0.000000
0.000000
0.000000
0.000000
0.000000
0.000000
0.000000
0.000000
0.000000
0.000000
0.000000
0.000000
0.000000
0.000000
0.000000
0.000000
0.000000
0.000000
0.000000
0.000000
0.000000
0.000000
0.000000
0.000000
0.000000
0.000000
0.000000
0.000000
0.000000
0.000000
0.000000
0.000000
0.000000
0.000000
0.000000
0.000000
0.000000
0.000000
0.000000
0.000000
0.000000
0.000000
0.000000
0.000074
0.000003
0.000000
0.000000
0.000000
0.000000
0.000076
0.000000
0.000000
0.000000
0.000012
0.000028
0.000000
0.000000
0.000000
0.000005
0.000000
0.000000
0.000000
0.000000
0.000000
0.000061
0.000000
0.000000
0.000000
0.000011
0.000007
0.000010
0.000000
0.000000
0.000000
0.000015
0.000000
0.000000
0.000000
0.000004
0.000006
0.000003
0.000000
0.000000
0.000040
0.000000
0.000000
0.000000
0.000000
0.000027
0.000035
0.000005
0.000000
0.000000
0.000067
0.000000
0.000000
0.000000
0.000000
0.000008
0.000033
0.000033
0.000000
0.000000
0.000000
0.000000
0.000000
0.000000
0.000000
0.000020
0.000000
0.000000
0.000000
0.000000
0.000017
0.000000
0.000000
0.000000
0.000000
0.000000
0.000000
0.000000
0.000000
0.000000
0.000051
0.000051
0.000000
0.000000
0.000000
0.000000
0.000000
0.000000
0.000000
0.000000
0.000011
0.000074
0.000000
0.000000
0.000000
0.000008
0.000000
0.000000
0.000000
0.000000
0.000003
0.000000
0.000006
0.000000
0.000000
0.000157
0.000000
0.000000
0.000000
0.000000
0.000000
0.000000
0.000013
0.000000
0.000000
0.000035
0.000023
0.000000
0.000000
0.000000
0.000023
0.000006
0.000000
0.000000
0.000000
0.000000
0.000003
0.000000
0.000000
0.000000
0.000167
0.000076
0.000000
0.000000
0.000000
0.000000
0.000000
0.000000
0.000000
0.000000
0.000033
0.000018
0.000014
0.000000
0.000000
0.000000
0.000000
0.000000
0.000000
0.000000
0.000000
0.000004
0.000000
0.000000
0.000000
0.000121
0.000028
0.000000
0.000000
0.000000
0.000000
0.000000
0.000000
0.000000
0.000000
0.000058
0.000018
0.000008
0.000000
0.000000
0.000020
0.000000
0.000000
0.000000
0.000000
0.000070
0.000036
0.000000
0.000000
0.000000
0.000000
0.000000
0.000000
0.000000
0.000000
0.000000
0.000000
0.000000
0.000000
0.000000
0.000000
0.000000
0.000000
0.000000
0.000000
0.000000
0.000000
0.000000
0.000000
0.000000
0.000000
0.000000
0.000000
0.000000
0.000000
0.000000
0.000000
0.000000
0.000000
0.000000
0.000000
0.000000
0.000000
0.000000
0.000000
0.000000
0.000000
0.000000
0.000000
0.000000
0.000000
0.000000
0.000000
0.000000
0.000000
0.000000
0.000000
0.000000
0.000000
0.000000
0.000000
0.000000
0.000000
0.000000
0.000000
0.000000
0.000000
0.000000
0.000000
0.000000
0.000000
0.000000
0.000000
0.000000
0.000000
0.000000
0.000000
0.000000
0.000000
0.000000
0.000000
0.000000
0.000000
0.000000
0.000000
0.000000
0.000000
0.000000
0.000000
0.000000
0.000000
0.000000
0.000000
0.000000
0.000000
0.000000
0.000000
0.000000
0.000000
0.000000
0.000000
0.000000
0.000000
0.000000
0.000000
0.000000
0.000000
0.000000
0.000000
0.000000
0.000000
0.000000
0.000000
0.000000
0.000000
0.000000
0.000000
0.000000
0.000000
0.000000
0.000000
0.000000
0.000000
0.000000
0.000000
0.000000
0.000000
0.000000
0.000000
0.000000
0.004349
0.000342
0.000000
0.000000
0.000000
0.000008
0.000029
0.000191
0.000000
0.000000
0.000000
0.004222
0.000040
0.000000
0.000000
0.000038
0.000000
0.000004
0.000000
0.000000
0.000650
0.001815
0.000031
0.000000
0.000000
0.001576
0.000083
0.000000
0.000000
0.000000
0.000061
0.000055
0.000130
0.000000
0.000000
0.004047
0.000325
0.000000
0.000000
0.000000
0.000110
0.000000
0.000199
0.000000
0.000000
0.001297
0.007182
0.000059
0.000000
0.000000
0.000042
0.000000
0.000016
0.000000
0.000000
0.000032
0.000631
0.000299
0.000000
0.000000
0.014766
0.000683
0.000000
0.000000
0.000000
0.000035
0.000000
0.000079
0.000000
0.000000
0.004838
0.000000
0.000471
0.000000
0.000000
0.000050
0.000006
0.000014
0.000000
0.000000
0.002115
0.008737
0.000180
0.000000
0.000000
0.008591
0.000260
0.000000
0.000000
0.000000
0.000190
0.000054
0.000091
0.000000
0.000000
0.017355
0.002171
0.000045
0.000000
0.000000
0.000327
0.000000
0.000861
0.000000
0.000000
0.002817
0.031679
0.000068
0.000000
0.000000
0.000208
0.000004
0.000009
0.000000
0.000000
0.000073
0.000897
0.001869
0.000000
0.000000
0.000437
0.000006
0.000000
0.000000
0.000000
0.000000
0.000000
0.000007
0.000000
0.000000
0.000076
0.000735
0.000000
0.000000
0.000000
0.000010
0.000000
0.000000
0.000000
0.000000
0.000012
0.000089
0.000017
0.000000
0.000000
0.000121
0.000086
0.000000
0.000000
0.000000
0.000000
0.000000
0.000000
0.000000
0.000000
0.000453
0.000037
0.000000
0.000000
0.000000
0.000025
0.000000
0.000004
0.000000
0.000000
0.000028
0.000295
0.000013
0.000000
0.000000
0.000019
0.000000
0.000000
0.000000
0.000000
0.000003
0.000015
0.000056
0.000000
0.000000
0.000000
0.000000
0.000000
0.000000
0.000000
0.000000
0.000000
0.000000
0.000000
0.000000
0.000000
0.000000
0.000000
0.000000
0.000000
0.000000
0.000000
0.000000
0.000000
0.000000
0.000000
0.000000
0.000000
0.000000
0.000000
0.000000
0.000000
0.000000
0.000000
0.000000
0.000000
0.000000
0.000000
0.000000
0.000000
0.000000
0.000000
0.000000
0.000000
0.000000
0.000000
0.000000
0.000000
0.000000
0.000000
0.000000
0.000000
0.000000
0.000000
0.000000
0.000000
0.000000
0.000000
0.000000
0.000000
0.000000
0.000000
0.000000
0.000000
0.000000
0.000000
0.000000
0.000000
0.000000
0.000000
0.000000
0.000000
0.000000
0.000000
0.000000
0.000000
0.000000
0.000000
0.000000
0.000000
0.000000
0.000000
0.000000
0.000000
0.000000
0.000000
0.000000
0.000000
0.000000
0.000000
0.000000
0.000000
0.000000
0.000000
0.000000
0.000000
0.000000
0.000000
0.000000
0.000000
0.000000
0.000000
0.000000
0.000000
0.000000
0.000000
0.000000
0.000000
0.000000
0.000000
0.000000
0.000000
0.000000
0.000000
0.000000
0.000000
0.000000
0.000000
0.000000
0.000000
0.000000
0.000000
0.000000
0.000000
0.000000
0.000290
0.000258
0.000000
0.000000
0.000000
0.000006
0.000000
0.000000
0.000000
0.000000
0.000054
0.000011
0.000013
0.000000
0.000000
0.000000
0.000006
0.000000
0.000000
0.000000
0.000003
0.000082
0.000006
0.000000
0.000000
0.000205
0.000064
0.000000
0.000000
0.000000
0.000000
0.000000
0.000000
0.000000
0.000000
0.000035
0.000090
0.000000
0.000000
0.000000
0.000043
0.000000
0.000000
0.000000
0.000000
0.000003
0.000159
0.000003
0.000000
0.000000
0.000080
0.000009
0.000000
0.000000
0.000000
0.000006
0.000005
0.000000
0.000000
0.000000
0.000000
0.000004
0.000000
0.000000
0.000000
0.000002
0.000000
0.000000
0.000000
0.000000
0.000006
0.000000
0.000000
0.000000
0.000000
0.000020
0.000000
0.000000
0.000000
0.000000
0.000000
0.000000
0.000000
0.000000
0.000000
0.000000
0.000000
0.000000
0.000000
0.000000
0.000000
0.000000
0.000000
0.000000
0.000000
0.000000
0.000011
0.000000
0.000000
0.000000
0.000003
0.000000
0.000000
0.000000
0.000000
0.000000
0.000000
0.000000
0.000000
0.000000
0.000000
0.000002
0.000000
0.000000
0.000000
0.000000
0.000000
0.000000
0.000000
0.000000
0.000018
0.000000
0.000000
0.000000
0.000000
0.000000
0.000000
0.000000
0.000000
0.000000
0.000000
0.000000
0.000000
0.000000
0.000000
0.000000
0.000000
0.000000
0.000000
0.000000
0.000082
0.000075
0.000008
0.000000
0.000000
0.000000
0.000000
0.000000
0.000000
0.000000
0.000000
0.000000
0.000074
0.000000
0.000000
0.000000
0.000000
0.000000
0.000000
0.000000
0.000000
0.000000
0.000000
0.000000
0.000000
0.000002
0.000112
0.000000
0.000000
0.000000
0.000000
0.000000
0.000000
0.000000
0.000000
0.000042
0.000037
0.000005
0.000000
0.000000
0.000000
0.000000
0.000000
0.000000
0.000000
0.000000
0.000000
0.000000
0.000000
0.000000
0.000000
0.000000
0.000000
0.000000
0.000000
0.000000
0.000000
0.000000
0.000000
0.000000
0.000000
0.000000
0.000000
0.000000
0.000000
0.000000
0.000000
0.000000
0.000000
0.000000
0.000000
0.000000
0.000000
0.000000
0.000000
0.000000
0.000000
0.000000
0.000000
0.000000
0.000000
0.000000
0.000000
0.000000
0.000000
0.000000
0.000000
0.000000
0.000000
0.000000
0.000000
0.000000
0.000000
0.000000
0.000000
0.000000
0.000000
0.000000
0.000000
0.000000
0.000000
0.000000
0.000000
0.000000
0.000000
0.000000
0.000000
0.000000
0.000000
0.000000
0.000000
0.000000
0.000000
0.000000
0.000000
0.000000
0.000000
0.000000
0.000000
0.000000
0.000000
0.000000
0.000000
0.000000
0.000000
0.000000
0.000000
0.000000
0.000000
0.000000
0.000000
0.000000
0.000000
0.000000
0.000000
0.000000
0.000000
0.000000
0.000000
0.000000
0.000000
0.000000
0.000000
0.000000
0.000000
0.000000
0.000000
0.000000
0.000000
0.000000
0.000000
0.000000
0.000000
0.000000
0.000000
0.000000
0.000000
0.000000
0.000000
0.000000
0.001378
0.000025
0.000000
0.000000
0.000000
0.000041
0.000033
0.000005
0.000000
0.000000
0.000624
0.003978
0.000058
0.000000
0.000000
0.000000
0.000000
0.000033
0.000000
0.000000
0.000000
0.004595
0.000026
0.000000
0.000000
0.001108
0.000119
0.000016
0.000000
0.000000
0.000066
0.000076
0.000040
0.000000
0.000000
0.001273
0.000032
0.000000
0.000000
0.000000
0.000150
0.000000
0.000906
0.000000
0.000000
0.002829
0.007292
0.000000
0.000000
0.000000
0.000016
0.000000
0.000021
0.000000
0.000000
0.006962
0.008427
0.000865
0.000000
0.000000
0.008362
0.000122
0.000004
0.000000
0.000000
0.000016
0.000012
0.000073
0.000000
0.000000
0.001464
0.007777
0.000064
0.000000
0.000000
0.000050
0.000000
0.000081
0.000000
0.000000
0.005433
0.000000
0.000099
0.000000
0.000000
0.003646
0.000391
0.000000
0.000000
0.000000
0.000038
0.000024
0.000099
0.000000
0.000000
0.008621
0.000507
0.000003
0.000000
0.000000
0.000096
0.000007
0.001280
0.000000
0.000000
0.001976
0.018702
0.000013
0.000000
0.000000
0.000190
0.000000
0.000035
0.000000
0.000000
0.001628
0.007339
0.003218
0.000000
0.000000
0.000308
0.000006
0.000000
0.000000
0.000000
0.000012
0.000000
0.000000
0.000000
0.000000
0.000023
0.000174
0.000004
0.000000
0.000000
0.000000
0.000000
0.000000
0.000000
0.000000
0.000005
0.000127
0.000000
0.000000
0.000000
0.000292
0.000084
0.000000
0.000000
0.000000
0.000000
0.000005
0.000000
0.000000
0.000000
0.000041
0.000114
0.000000
0.000000
0.000000
0.000000
0.000000
0.000000
0.000000
0.000000
0.000049
0.000124
0.000000
0.000000
0.000000
0.000045
0.000012
0.000000
0.000000
0.000000
0.000000
0.000000
0.000019
0.000000
0.000000
0.000000
0.000000
0.000000
0.000000
0.000000
0.000000
0.000000
0.000000
0.000000
0.000000
0.000000
0.000000
0.000000
0.000000
0.000000
0.000000
0.000000
0.000000
0.000000
0.000000
0.000000
0.000000
0.000000
0.000000
0.000000
0.000000
0.000000
0.000000
0.000000
0.000000
0.000000
0.000000
0.000000
0.000000
0.000000
0.000000
0.000000
0.000000
0.000000
0.000000
0.000000
0.000000
0.000000
0.000000
0.000000
0.000000
0.000000
0.000000
0.000000
0.000000
0.000000
0.000000
0.000000
0.000000
0.000000
0.000000
0.000000
0.000000
0.000000
0.000000
0.000000
0.000000
0.000000
0.000000
0.000000
0.000000
0.000000
0.000000
0.000000
0.000000
0.000000
0.000000
0.000000
0.000000
0.000000
0.000000
0.000000
0.000000
0.000000
0.000000
0.000000
0.000000
0.000000
0.000000
0.000000
0.000000
0.000000
0.000000
0.000000
0.000000
0.000000
0.000000
0.000000
0.000000
0.000000
0.000000
0.000000
0.000000
0.000000
0.000000
0.000000
0.000000
0.000000
0.000000
0.000000
0.000000
0.000000
0.000000
0.000000
0.000000
0.000000
0.000000
0.000000
0.000000
0.000000
0.000000
0.000000
0.000000
0.000000
0.000000
0.044736
0.002026
0.000071
0.000000
0.000000
0.000020
0.000000
0.000000
0.000000
0.000000
0.001448
0.007925
0.000041
0.000000
0.000000
0.000169
0.000010
0.000040
0.000000
0.000000
0.000794
0.004595
0.000189
0.000000
0.000000
0.000000
0.001050
0.000000
0.000000
0.000000
0.000005
0.000004
0.000006
0.000000
0.000000
0.018855
0.001891
0.000011
0.000000
0.000000
0.000176
0.000000
0.000024
0.000000
0.000000
0.000437
0.013843
0.000006
0.000000
0.000000
0.001707
0.000059
0.000000
0.000000
0.000000
0.000000
0.000585
0.001461
0.000000
0.000000
0.002483
0.000447
0.000000
0.000000
0.000000
0.000005
0.000000
0.000009
0.000000
0.000000
0.000067
0.000861
0.000324
0.000000
0.000000
0.000055
0.000004
0.000000
0.000000
0.000000
0.000048
0.000334
0.000035
0.000000
0.000000
0.002942
0.000000
0.000053
0.000000
0.000000
0.000072
0.000004
0.000000
0.000000
0.000000
0.000595
0.000123
0.000013
0.000000
0.000000
0.000117
0.000000
0.000029
0.000000
0.000000
0.000076
0.000739
0.000004
0.000000
0.000000
0.000145
0.000074
0.000000
0.000000
0.000000
0.000005
0.000018
0.000134
0.000000
0.000000
0.000000
0.000000
0.000000
0.000000
0.000000
0.000023
0.000000
0.000000
0.000000
0.000000
0.000000
0.000000
0.000000
0.000000
0.000000
0.000000
0.000000
0.000000
0.000000
0.000000
0.000016
0.000000
0.000000
0.000000
0.000000
0.000000
0.000000
0.000000
0.000000
0.000000
0.000000
0.000006
0.000000
0.000000
0.000000
0.000000
0.000004
0.000000
0.000000
0.000000
0.000000
0.000000
0.000000
0.000000
0.000000
0.000000
0.000000
0.000000
0.000000
0.000000
0.000000
0.000000
0.000000
0.000000
0.000000
0.000005
0.000000
0.000000
0.000000
0.000000
0.000000
0.000000
0.000000
0.000000
0.000000
0.000000
0.000000
0.000000
0.000000
0.000000
0.000000
0.000000
0.000000
0.000000
0.000000
0.000000
0.000000
0.000000
0.000000
0.000000
0.000000
0.000000
0.000000
0.000000
0.000000
0.000000
0.000000
0.000000
0.000000
0.000000
0.000000
0.000000
0.000000
0.000000
0.000000
0.000000
0.000000
0.000000
0.000000
0.000000
0.000000
0.000000
0.000000
0.000000
0.000000
0.000000
0.000000
0.000000
0.000000
0.000000
0.000000
0.000000
0.000000
0.000000
0.000000
0.000000
0.000000
0.000000
0.000000
0.000000
0.000000
0.000000
0.000000
0.000000
0.000000
0.000000
0.000000
0.000000
0.000000
0.000000
0.000000
0.000000
0.000000
0.000000
0.000000
0.000000
0.000000
0.000000
0.000000
0.000000
0.000000
0.000000
0.000000
0.000000
0.000000
0.000000
0.000000
0.000000
0.000000
0.000000
0.000000
0.000000
0.000000
0.000000
0.000000
0.000000
0.000000
0.000000
0.000000
0.000000
0.000000
0.000000
0.000000
0.000000
0.000000
0.000000
0.000000
0.000000
0.000000
0.000000
0.000000
0.000000
0.000000
0.000000
0.000000
0.000000
0.000000
0.000000
0.000000
0.000000
0.000051
0.000021
0.000000
0.000000
0.000000
0.000000
0.000011
0.000000
0.000000
0.000000
0.000030
0.000150
0.000000
0.000000
0.000000
0.000000
0.000000
0.000004
0.000000
0.000000
0.000012
0.000025
0.000000
0.000000
0.000000
0.000200
0.000062
0.000000
0.000000
0.000000
0.000000
0.000007
0.000000
0.000000
0.000000
0.000005
0.000000
0.000000
0.000000
0.000000
0.000000
0.000000
0.000007
0.000000
0.000000
0.000035
0.000166
0.000000
0.000000
0.000000
0.000000
0.000000
0.000000
0.000000
0.000000
0.000020
0.000000
0.000020
0.000000
0.000000
0.000022
0.000005
0.000000
0.000000
0.000000
0.000005
0.000011
0.000033
0.000000
0.000000
0.000053
0.000039
0.000000
0.000000
0.000000
0.000000
0.000000
0.000007
0.000000
0.000000
0.000117
0.000104
0.000004
0.000000
0.000000
0.000000
0.000004
0.000000
0.000000
0.000000
0.000000
0.000000
0.000005
0.000000
0.000000
0.000027
0.000000
0.000000
0.000000
0.000000
0.000059
0.000005
0.000012
0.000000
0.000000
0.000065
0.000182
0.000000
0.000000
0.000000
0.000000
0.000000
0.000000
0.000000
0.000000
0.000030
0.000012
0.000004
0.000000
0.000000
0.000073
0.000042
0.000000
0.000000
0.000000
0.000000
0.000000
0.000000
0.000000
0.000000
0.000128
0.000036
0.000004
0.000000
0.000000
0.000000
0.000000
0.000009
0.000000
0.000000
0.000020
0.000163
0.000000
0.000000
0.000000
0.000000
0.000000
0.000000
0.000000
0.000000
0.000000
0.000005
0.000000
0.000000
0.000000
0.000241
0.000155
0.000000
0.000000
0.000000
0.000000
0.000000
0.000017
0.000000
0.000000
0.000019
0.000126
0.000000
0.000000
0.000000
0.000008
0.000000
0.000000
0.000000
0.000000
0.000036
0.000109
0.000002
0.000000
0.000000
0.000000
0.000000
0.000000
0.000000
0.000000
0.000000
0.000000
0.000000
0.000000
0.000000
0.000000
0.000000
0.000000
0.000000
0.000000
0.000000
0.000000
0.000000
0.000000
0.000000
0.000000
0.000000
0.000000
0.000000
0.000000
0.000000
0.000000
0.000000
0.000000
0.000000
0.000000
0.000000
0.000000
0.000000
0.000000
0.000000
0.000000
0.000000
0.000000
0.000000
0.000000
0.000000
0.000000
0.000000
0.000000
0.000000
0.000000
0.000000
0.000000
0.000000
0.000000
0.000000
0.000000
0.000000
0.000000
0.000000
0.000000
0.000000
0.000000
0.000000
0.000000
0.000000
0.000000
0.000000
0.000000
0.000000
0.000000
0.000000
0.000000
0.000000
0.000000
0.000000
0.000000
0.000000
0.000000
0.000000
0.000000
0.000000
0.000000
0.000000
0.000000
0.000000
0.000000
0.000000
0.000000
0.000000
0.000000
0.000000
0.000000
0.000000
0.000000
0.000000
0.000000
0.000000
0.000000
0.000000
0.000000
0.000000
0.000000
0.000000
0.000000
0.000000
0.000000
0.000000
0.000000
0.000000
0.000000
0.000000
0.000000
0.000000
0.000000
0.000000
0.000000
0.000000
0.000000
0.000000
0.000000
0.000000
0.000000
0.000000
0.048383
0.001474
0.000000
0.000000
0.000000
0.000038
0.000062
0.000098
0.000000
0.000000
0.005797
0.025456
0.000408
0.000000
0.000000
0.000091
0.000002
0.000000
0.000000
0.000000
0.000525
0.006470
0.000095
0.000000
0.000000
0.021603
0.000873
0.000004
0.000000
0.000000
0.000026
0.000013
0.000194
0.000000
0.000000
0.000000
0.004932
0.000095
0.000000
0.000000
0.000032
0.000000
0.000036
0.000000
0.000000
0.000840
0.015158
0.000069
0.000000
0.000000
0.000330
0.000000
0.000000
0.000000
0.000000
0.000093
0.000583
0.002740
0.000000
0.000000
0.005532
0.000832
0.000000
0.000000
0.000000
0.000010
0.000000
0.000033
0.000000
0.000000
0.000585
0.002415
0.000058
0.000000
0.000000
0.000055
0.000002
0.000000
0.000000
0.000000
0.000057
0.000762
0.000130
0.000000
0.000000
0.001149
0.000116
0.000000
0.000000
0.000000
0.000000
0.000000
0.000042
0.000000
0.000000
0.005720
0.000000
0.000048
0.000000
0.000000
0.000043
0.000143
0.000000
0.000000
0.000000
0.000222
0.001801
0.000060
0.000000
0.000000
0.000395
0.000010
0.000000
0.000000
0.000000
0.000012
0.000042
0.000214
0.000000
0.000000
0.000034
0.000026
0.000000
0.000000
0.000000
0.000000
0.000000
0.000002
0.000000
0.000000
0.000005
0.000043
0.000000
0.000000
0.000000
0.000000
0.000000
0.000000
0.000000
0.000000
0.000000
0.000000
0.000012
0.000000
0.000000
0.000003
0.000008
0.000000
0.000000
0.000000
0.000000
0.000000
0.000000
0.000000
0.000000
0.000035
0.000070
0.000000
0.000000
0.000000
0.000000
0.000008
0.000000
0.000000
0.000000
0.000015
0.000000
0.000000
0.000000
0.000000
0.000000
0.000017
0.000000
0.000000
0.000000
0.000000
0.000000
0.000000
0.000000
0.000000
0.000000
0.000000
0.000000
0.000000
0.000000
0.000000
0.000000
0.000000
0.000000
0.000000
0.000000
0.000000
0.000000
0.000000
0.000000
0.000000
0.000000
0.000000
0.000000
0.000000
0.000000
0.000000
0.000000
0.000000
0.000000
0.000000
0.000000
0.000000
0.000000
0.000000
0.000000
0.000000
0.000000
0.000000
0.000000
0.000000
0.000000
0.000000
0.000000
0.000000
0.000000
0.000000
0.000000
0.000000
0.000000
0.000000
0.000000
0.000000
0.000000
0.000000
0.000000
0.000000
0.000000
0.000000
0.000000
0.000000
0.000000
0.000000
0.000000
0.000000
0.000000
0.000000
0.000000
0.000000
0.000000
0.000000
0.000000
0.000000
0.000000
0.000000
0.000000
0.000000
0.000000
0.000000
0.000000
0.000000
0.000000
0.000000
0.000000
0.000000
0.000000
0.000000
0.000000
0.000000
0.000000
0.000000
0.000000
0.000000
0.000000
0.000000
0.000000
0.000000
0.000000
0.000000
0.000000
0.000000
0.000000
0.000000
0.000000
0.000000
0.000000
0.000000
0.000000
0.000000
0.000000
0.000000
0.000000
0.000000
0.000000
0.000000
0.000000
0.000000
0.000000
0.000000
0.000000
0.000000
0.000000
0.000000
0.000000
0.000000
0.000238
0.000145
0.000025
0.000000
0.000000
0.000056
0.000014
0.000000
0.000000
0.000000
0.000057
0.000304
0.000011
0.000000
0.000000
0.000043
0.000000
0.000000
0.000000
0.000000
0.000122
0.000065
0.000002
0.000000
0.000000
0.000085
0.000045
0.000000
0.000000
0.000000
0.000000
0.000000
0.000000
0.000000
0.000000
0.000177
0.000050
0.000000
0.000000
0.000000
0.000000
0.000008
0.000008
0.000000
0.000000
0.000032
0.000337
0.000003
0.000000
0.000000
0.000029
0.000000
0.000000
0.000000
0.000000
0.000000
0.000122
0.000039
0.000000
0.000000
0.000027
0.000000
0.000000
0.000000
0.000000
0.000000
0.000005
0.000000
0.000000
0.000000
0.000000
0.000000
0.000000
0.000000
0.000000
0.000000
0.000000
0.000000
0.000000
0.000000
0.000000
0.000074
0.000000
0.000000
0.000000
0.000000
0.000043
0.000000
0.000000
0.000000
0.000000
0.000011
0.000008
0.000000
0.000000
0.000000
0.000037
0.000000
0.000000
0.000000
0.000005
0.000000
0.000000
0.000000
0.000000
0.000004
0.000000
0.000000
0.000000
0.000000
0.000000
0.000003
0.000000
0.000000
0.000000
0.000011
0.000002
0.000000
0.000000
0.000000
0.000021
0.000000
0.000000
0.000000
0.000000
0.000008
0.000028
0.000000
0.000000
0.000000
0.000236
0.000994
0.000013
0.000000
0.000000
0.000000
0.000000
0.000047
0.000000
0.000000
0.000898
0.000452
0.000003
0.000000
0.000000
0.000149
0.000028
0.000000
0.000000
0.000000
0.000007
0.000027
0.000000
0.000000
0.000000
0.000008
0.000008
0.000000
0.000000
0.000000
0.000021
0.000004
0.000000
0.000000
0.000000
0.000814
0.002482
0.000000
0.000000
0.000000
0.000000
0.000000
0.000000
0.000000
0.000000
0.000215
0.000392
0.000367
0.000000
0.000000
0.000000
0.000000
0.000000
0.000000
0.000000
0.000000
0.000000
0.000000
0.000000
0.000000
0.000000
0.000000
0.000000
0.000000
0.000000
0.000000
0.000000
0.000000
0.000000
0.000000
0.000000
0.000000
0.000000
0.000000
0.000000
0.000000
0.000000
0.000000
0.000000
0.000000
0.000000
0.000000
0.000000
0.000000
0.000000
0.000000
0.000000
0.000000
0.000000
0.000000
0.000000
0.000000
0.000000
0.000000
0.000000
0.000000
0.000000
0.000000
0.000000
0.000000
0.000000
0.000000
0.000000
0.000000
0.000000
0.000000
0.000000
0.000000
0.000000
0.000000
0.000000
0.000000
0.000000
0.000000
0.000000
0.000000
0.000000
0.000000
0.000000
0.000000
0.000000
0.000000
0.000000
0.000000
0.000000
0.000000
0.000000
0.000000
0.000000
0.000000
0.000000
0.000000
0.000000
0.000000
0.000000
0.000000
0.000000
0.000000
0.000000
0.000000
0.000000
0.000000
0.000000
0.000000
0.000000
0.000000
0.000000
0.000000
0.000000
0.000000
0.000000
0.000000
0.000000
0.000000
0.000000
0.000000
0.000000
0.000000
0.000000
0.000000
0.000000
0.000000
0.000000
0.000000
0.000000
0.000000
0.000000
0.000000
0.000000
0.000000
0.001606
0.000065
0.000000
0.000000
0.000000
0.000038
0.000037
0.000082
0.000000
0.000000
0.000981
0.001714
0.000000
0.000000
0.000000
0.000007
0.000000
0.000013
0.000000
0.000000
0.001689
0.001699
0.000066
0.000000
0.000000
0.000186
0.000018
0.000000
0.000000
0.000000
0.000052
0.000105
0.000030
0.000000
0.000000
0.001044
0.000515
0.000000
0.000000
0.000000
0.000017
0.000004
0.000394
0.000000
0.000000
0.000000
0.006086
0.000002
0.000000
0.000000
0.000039
0.000000
0.000000
0.000000
0.000000
0.000071
0.000640
0.000334
0.000000
0.000000
0.025940
0.000306
0.000003
0.000000
0.000000
0.000005
0.000015
0.000022
0.000000
0.000000
0.006099
0.025393
0.000235
0.000000
0.000000
0.000199
0.000000
0.000117
0.000000
0.000000
0.010246
0.019624
0.000104
0.000000
0.000000
0.007712
0.000488
0.000000
0.000000
0.000000
0.000182
0.000257
0.000147
0.000000
0.000000
0.017368
0.001355
0.000009
0.000000
0.000000
0.000286
0.000000
0.002461
0.000000
0.000000
0.007084
0.000000
0.000189
0.000000
0.000000
0.000328
0.000011
0.000005
0.000000
0.000000
0.000381
0.003227
0.002730
0.000000
0.000000
0.000014
0.000111
0.000000
0.000000
0.000000
0.000000
0.000000
0.000000
0.000000
0.000000
0.000028
0.000053
0.000000
0.000000
0.000000
0.000000
0.000000
0.000000
0.000000
0.000000
0.000000
0.000074
0.000000
0.000000
0.000000
0.000017
0.000000
0.000000
0.000000
0.000000
0.000010
0.000000
0.000000
0.000000
0.000000
0.000033
0.000014
0.000000
0.000000
0.000000
0.000000
0.000000
0.000000
0.000000
0.000000
0.000000
0.000238
0.000000
0.000000
0.000000
0.000066
0.000000
0.000000
0.000000
0.000000
0.000000
0.000000
0.000004
0.000000
0.000000
0.000000
0.000000
0.000000
0.000000
0.000000
0.000000
0.000000
0.000000
0.000000
0.000000
0.000000
0.000000
0.000000
0.000000
0.000000
0.000000
0.000000
0.000000
0.000000
0.000000
0.000000
0.000000
0.000000
0.000000
0.000000
0.000000
0.000000
0.000000
0.000000
0.000000
0.000000
0.000000
0.000000
0.000000
0.000000
0.000000
0.000000
0.000000
0.000000
0.000000
0.000000
0.000000
0.000000
0.000000
0.000000
0.000000
0.000000
0.000000
0.000000
0.000000
0.000000
0.000000
0.000000
0.000000
0.000000
0.000000
0.000000
0.000000
0.000000
0.000000
0.000000
0.000000
0.000000
0.000000
0.000000
0.000000
0.000000
0.000000
0.000000
0.000000
0.000000
0.000000
0.000000
0.000000
0.000000
0.000000
0.000000
0.000000
0.000000
0.000000
0.000000
0.000000
0.000000
0.000000
0.000000
0.000000
0.000000
0.000000
0.000000
0.000000
0.000000
0.000000
0.000000
0.000000
0.000000
0.000000
0.000000
0.000000
0.000000
0.000000
0.000000
0.000000
0.000000
0.000000
0.000000
0.000000
0.000000
0.000000
0.000000
0.000000
0.000000
0.000000
0.000000
0.000000
0.000000
0.000000
0.000000
0.000000
0.000000
0.000000
0.001136
0.000256
0.000000
0.000000
0.000000
0.000000
0.000000
0.000000
0.000000
0.000000
0.000050
0.000518
0.000020
0.000000
0.000000
0.000174
0.000011
0.000000
0.000000
0.000000
0.000004
0.000274
0.000074
0.000000
0.000000
0.000836
0.000250
0.000000
0.000000
0.000000
0.000009
0.000000
0.000000
0.000000
0.000000
0.000277
0.000647
0.000000
0.000000
0.000000
0.000087
0.000000
0.000000
0.000000
0.000000
0.000088
0.000308
0.000000
0.000000
0.000000
0.000000
0.000029
0.000000
0.000000
0.000000
0.000000
0.000040
0.000109
0.000000
0.000000
0.000041
0.000015
0.000000
0.000000
0.000000
0.000000
0.000000
0.000000
0.000000
0.000000
0.000000
0.000016
0.000000
0.000000
0.000000
0.000022
0.000000
0.000000
0.000000
0.000000
0.000000
0.000000
0.000023
0.000000
0.000000
0.000024
0.000075
0.000000
0.000000
0.000000
0.000000
0.000000
0.000000
0.000000
0.000000
0.000026
0.000027
0.000012
0.000000
0.000000
0.000002
0.000000
0.000000
0.000000
0.000000
0.000000
0.000003
0.000000
0.000000
0.000000
0.000038
0.000000
0.000000
0.000000
0.000000
0.000000
0.000000
0.000000
0.000000
0.000000
0.000000
0.000000
0.000000
0.000000
0.000000
0.000000
0.000013
0.000000
0.000000
0.000000
0.000000
0.000005
0.000000
0.000000
0.000000
0.000000
0.000000
0.000000
0.000000
0.000000
0.000031
0.000034
0.000000
0.000000
0.000000
0.000003
0.000000
0.000000
0.000000
0.000000
0.000012
0.000000
0.000000
0.000000
0.000000
0.000000
0.000000
0.000000
0.000000
0.000000
0.000000
0.000000
0.000005
0.000000
0.000000
0.000000
0.000000
0.000000
0.000000
0.000000
0.000000
0.000000
0.000000
0.000000
0.000000
0.000049
0.000000
0.000000
0.000000
0.000000
0.000000
0.000000
0.000000
0.000000
0.000000
0.000000
0.000000
0.000000
0.000000
0.000000
0.000000
0.000000
0.000000
0.000000
0.000000
0.000000
0.000000
0.000000
0.000000
0.000000
0.000000
0.000000
0.000000
0.000000
0.000000
0.000000
0.000000
0.000000
0.000000
0.000000
0.000000
0.000000
0.000000
0.000000
0.000000
0.000000
0.000000
0.000000
0.000000
0.000000
0.000000
0.000000
0.000000
0.000000
0.000000
0.000000
0.000000
0.000000
0.000000
0.000000
0.000000
0.000000
0.000000
0.000000
0.000000
0.000000
0.000000
0.000000
0.000000
0.000000
0.000000
0.000000
0.000000
0.000000
0.000000
0.000000
0.000000
0.000000
0.000000
0.000000
0.000000
0.000000
0.000000
0.000000
0.000000
0.000000
0.000000
0.000000
0.000000
0.000000
0.000000
0.000000
0.000000
0.000000
0.000000
0.000000
0.000000
0.000000
0.000000
0.000000
0.000000
0.000000
0.000000
0.000000
0.000000
0.000000
0.000000
0.000000
0.000000
0.000000
0.000000
0.000000
0.000000
0.000000
0.000000
0.000000
0.000000
0.000000
0.000000
0.000000
0.000000
0.000000
0.000000
0.000000
0.000000
0.000000
0.000000
0.000000
0.000000
0.000000
0.000202
0.000006
0.000000
0.000000
0.000000
0.000005
0.000014
0.000003
0.000000
0.000000
0.000076
0.000049
0.000003
0.000000
0.000000
0.000004
0.000000
0.000076
0.000000
0.000000
0.006213
0.001785
0.000006
0.000000
0.000000
0.000042
0.000014
0.000000
0.000000
0.000000
0.000020
0.000043
0.000084
0.000000
0.000000
0.000089
0.000000
0.000000
0.000000
0.000000
0.000000
0.000033
0.000116
0.000000
0.000000
0.000268
0.000484
0.000008
0.000000
0.000000
0.000000
0.000000
0.000012
0.000000
0.000000
0.000000
0.000320
0.000113
0.000000
0.000000
0.001162
0.000143
0.000037
0.000000
0.000000
0.000010
0.000076
0.000009
0.000000
0.000000
0.000847
0.000728
0.000000
0.000000
0.000000
0.000000
0.000000
0.000000
0.000000
0.000000
0.008465
0.006065
0.000003
0.000000
0.000000
0.000145
0.000000
0.000000
0.000000
0.000000
0.000003
0.000034
0.000065
0.000000
0.000000
0.001130
0.000063
0.000005
0.000000
0.000000
0.000009
0.000000
0.001188
0.000000
0.000000
0.000513
0.003616
0.000003
0.000000
0.000000
0.000009
0.000000
0.000005
0.000000
0.000000
0.000171
0.000000
0.000597
0.000000
0.000000
0.006844
0.000901
0.000000
0.000000
0.000000
0.000000
0.000013
0.000091
0.000000
0.000000
0.000159
0.001590
0.000050
0.000000
0.000000
0.000000
0.000000
0.000000
0.000000
0.000000
0.001148
0.003248
0.000025
0.000000
0.000000
0.001997
0.000182
0.000003
0.000000
0.000000
0.000042
0.000008
0.000075
0.000000
0.000000
0.002360
0.000270
0.000014
0.000000
0.000000
0.000039
0.000000
0.000528
0.000000
0.000000
0.000164
0.003191
0.000010
0.000000
0.000000
0.000000
0.000000
0.000049
0.000000
0.000000
0.000058
0.001132
0.000000
0.000000
0.000000
0.000000
0.000000
0.000000
0.000000
0.000000
0.000000
0.000000
0.000000
0.000000
0.000000
0.000000
0.000000
0.000000
0.000000
0.000000
0.000000
0.000000
0.000000
0.000000
0.000000
0.000000
0.000000
0.000000
0.000000
0.000000
0.000000
0.000000
0.000000
0.000000
0.000000
0.000000
0.000000
0.000000
0.000000
0.000000
0.000000
0.000000
0.000000
0.000000
0.000000
0.000000
0.000000
0.000000
0.000000
0.000000
0.000000
0.000000
0.000000
0.000000
0.000000
0.000000
0.000000
0.000000
0.000000
0.000000
0.000000
0.000000
0.000000
0.000000
0.000000
0.000000
0.000000
0.000000
0.000000
0.000000
0.000000
0.000000
0.000000
0.000000
0.000000
0.000000
0.000000
0.000000
0.000000
0.000000
0.000000
0.000000
0.000000
0.000000
0.000000
0.000000
0.000000
0.000000
0.000000
0.000000
0.000000
0.000000
0.000000
0.000000
0.000000
0.000000
0.000000
0.000000
0.000000
0.000000
0.000000
0.000000
0.000000
0.000000
0.000000
0.000000
0.000000
0.000000
0.000000
0.000000
0.000000
0.000000
0.000000
0.000000
0.000000
0.000000
0.000000
0.000000
0.000000
0.000000
0.000000
0.000000
0.000000
0.000000
0.000000
60
0.010618
0.000468
0.000000
0.000000
0.000000
0.000000
0.000027
0.000003
0.000000
0.000000
0.000659
0.000812
0.000024
0.000000
0.000000
0.000011
0.000000
0.000000
0.000000
0.000000
0.002237
0.001445
0.000008
0.000000
0.000000
0.000727
0.000128
0.000000
0.000000
0.000000
0.000000
0.000023
0.000017
0.000000
0.000000
0.002255
0.000302
0.000000
0.000000
0.000000
0.000003
0.000000
0.000116
0.000000
0.000000
0.000497
0.002670
0.000000
0.000000
0.000000
0.000043
0.000000
0.000000
0.000000
0.000000
0.000091
0.000296
0.000186
0.000000
0.000000
