0.010367
60
0.020564
0.000930
0.000000
0.000000
0.000000
0.000000
-0.000017
0.000000
0.000000
0.000000
-0.000174
-0.009443
0.000000
0.000000
0.000000
0.000083
0.000000
-0.000066
0.000000
0.000000
-0.000969
-0.001661
0.000000
0.000000
0.000000
-0.002510
-0.000107
0.000000
0.000000
0.000000
-0.000028
0.000000
-0.000013
0.000000
0.000000
0.004676
0.000260
-0.000002
0.000000
0.000000
-0.000146
0.000000
-0.000034
0.000000
0.000000
-0.000427
-0.023232
0.000000
0.000000
0.000000
-0.000329
-0.000006
0.000000
0.000000
0.000000
-0.000079
-0.000347
-0.000098
0.000000
0.000000
60 60
-0.000000
0.582833
0.000000
0.000000
0.000000
-0.000008
0.000000
-0.000012
0.000000
0.000000
0.003331
-0.022768
-0.000189
0.000000
0.000000
0.001290
0.000106
0.000000
0.000000
0.000000
-0.000297
-0.006184
-0.000043
0.000000
0.000000
-0.154595
0.001210
0.000000
0.000000
0.000000
0.000142
0.000000
0.000407
0.000000
0.000000
0.217897
0.012304
0.000106
0.000000
0.000000
-0.000155
0.000000
-0.000075
0.000000
0.000000
0.000738
-0.040503
0.000540
0.000000
0.000000
-0.000728
-0.000111
0.000000
0.000000
0.000000
-0.000096
0.001048
0.037378
0.000000
0.000000
0.600138
0.000000
0.000000
0.000000
0.000000
-0.000001
0.000010
0.000000
0.000000
0.000000
0.000354
0.000957
0.000037
0.000000
0.000000
0.000085
0.000000
0.000000
0.000000
0.000000
-0.000055
0.000136
-0.000004
0.000000
0.000000
0.003129
0.001776
0.000000
0.000000
0.000000
-0.000048
0.000000
-0.000018
0.000000
0.000000
0.003637
0.001340
0.000000
0.000000
0.000000
-0.000195
-0.000011
-0.000030
0.000000
0.000000
-0.000008
0.000523
0.000041
0.000000
0.000000
0.000287
-0.000004
0.000000
0.000000
0.000000
0.000000
0.000049
0.010174
0.000000
0.000000
0.000019
0.000000
0.000000
0.000000
0.000000
0.000000
0.000000
0.000000
0.000000
0.000000
-0.000011
-0.000014
0.000000
0.000000
0.000000
0.000000
0.000000
0.000000
0.000000
0.000000
0.000000
0.000000
0.000000
0.000000
0.000000
-0.000019
-0.000007
0.000000
0.000000
0.000000
0.000000
0.000000
0.000000
0.000000
0.000000
0.000000
0.000000
0.000000
0.000000
0.000000
-0.000023
0.000000
0.000000
0.000000
0.000000
0.000000
0.000000
0.000000
0.000000
0.000000
-0.000006
0.000000
0.000000
0.000000
0.000000
0.000000
0.000000
0.000000
0.000000
0.000000
-0.000000
-0.000000
0.000000
0.000000
0.000000
0.000000
0.000000
0.000000
0.000000
0.000000
0.000000
0.000000
0.000000
0.000000
0.000000
0.000000
0.000000
0.000000
0.000000
0.000000
0.000000
0.000000
0.000000
0.000000
0.000000
0.000000
0.000000
0.000000
0.000000
0.000000
0.000000
0.000000
0.000000
0.000000
0.000000
0.000000
0.000000
0.000000
0.000000
0.000000
0.000000
0.000000
0.000000
0.000000
0.000000
0.000000
0.000000
0.000000
0.000000
0.000000
0.000000
0.000000
0.000000
0.000000
0.000000
0.000000
0.000000
0.000000
0.000000
0.000000
-0.000000
0.000000
0.000000
0.000000
0.000000
0.000000
0.000000
0.000000
0.000000
0.000000
0.000000
0.000000
0.000000
0.000000
0.000000
0.000000
0.000000
0.000000
0.000000
0.000000
0.000000
0.000000
0.000000
0.000000
0.000000
0.000000
0.000000
0.000000
0.000000
0.000000
0.000000
0.000000
0.000000
0.000000
0.000000
0.000000
0.000000
0.000000
0.000000
0.000000
0.000000
0.000000
0.000000
0.000000
0.000000
0.000000
0.000000
0.000000
0.000000
0.000000
0.000000
0.000000
0.000000
0.000000
0.000000
0.000000
0.000000
0.000000
0.000000
0.000000
0.000113
-0.000020
0.000000
0.000000
0.000000
0.000000
-0.000003
0.000000
0.000000
0.000000
-0.000042
-0.000175
0.000000
0.000000
0.000000
0.000015
0.000000
0.000000
0.000000
0.000000
0.000000
-0.000110
0.000000
0.000000
0.000000
0.000001
0.000005
-0.000037
0.000000
0.000000
0.000000
-0.000061
0.000000
0.000000
0.000000
-0.000008
-0.000020
0.000010
0.000000
0.000000
-0.000038
0.000000
0.000000
0.000000
0.000000
-0.000048
-0.000220
0.000010
0.000000
0.000000
0.000032
0.000000
0.000000
0.000000
0.000000
-0.000018
-0.000111
-0.000113
0.000000
0.000000
-0.000000
0.000000
0.000000
0.000000
0.000000
-0.000009
0.000000
0.000000
0.000000
0.000000
-0.000018
0.000000
0.000000
0.000000
0.000000
0.000000
0.000000
0.000000
0.000000
0.000000
0.000008
-0.000117
0.000000
0.000000
0.000000
0.000000
0.000000
0.000000
0.000000
0.000000
-0.000001
-0.000001
0.000000
0.000000
0.000000
-0.000004
0.000000
0.000000
0.000000
0.000000
-0.000020
0.000000
-0.000002
0.000000
0.000000
-0.000117
0.000000
0.000000
0.000000
0.000000
0.000000
0.000000
-0.000017
0.000000
0.000000
-0.000017
-0.000040
0.000000
0.000000
0.000000
-0.000038
0.000006
0.000000
0.000000
0.000000
0.000000
-0.000012
0.000000
0.000000
0.000000
-0.000073
-0.000059
0.000000
0.000000
0.000000
0.000000
0.000000
0.000000
0.000000
0.000000
0.000356
-0.000027
0.000004
0.000000
0.000000
0.000000
0.000000
0.000000
0.000000
0.000000
0.000000
-0.000016
0.000000
0.000000
0.000000
-0.000157
-0.000012
0.000000
0.000000
0.000000
0.000000
0.000000
0.000000
0.000000
0.000000
-0.000071
-0.000009
0.000024
0.000000
0.000000
-0.000035
0.000000
0.000000
0.000000
0.000000
-0.000031
-0.000085
0.000000
0.000000
0.000000
-0.000000
0.000000
0.000000
0.000000
0.000000
0.000000
0.000000
0.000000
0.000000
0.000000
0.000000
0.000000
0.000000
0.000000
0.000000
0.000000
0.000000
0.000000
0.000000
0.000000
0.000000
0.000000
0.000000
0.000000
0.000000
0.000000
0.000000
0.000000
0.000000
0.000000
0.000000
0.000000
0.000000
0.000000
0.000000
0.000000
0.000000
0.000000
0.000000
0.000000
0.000000
0.000000
0.000000
0.000000
0.000000
0.000000
0.000000
0.000000
0.000000
0.000000
0.000000
0.000000
0.000000
0.000000
0.000000
0.000000
0.000000
0.000000
0.000000
0.000000
-0.000000
-0.000000
0.000000
0.000000
0.000000
0.000000
0.000000
0.000000
0.000000
0.000000
0.000000
0.000000
0.000000
0.000000
0.000000
0.000000
0.000000
0.000000
0.000000
0.000000
0.000000
0.000000
0.000000
0.000000
0.000000
0.000000
0.000000
0.000000
0.000000
0.000000
0.000000
0.000000
0.000000
0.000000
0.000000
0.000000
0.000000
0.000000
0.000000
0.000000
0.000000
0.000000
0.000000
0.000000
0.000000
0.000000
0.000000
0.000000
0.000000
0.000000
0.000000
0.000000
0.000000
0.000000
0.000000
0.000000
0.000000
0.000000
0.000000
0.000000
0.000365
0.000426
0.000000
0.000000
0.000000
0.000013
-0.000048
-0.000091
0.000000
0.000000
0.000000
-0.010579
0.000001
0.000000
0.000000
-0.000074
0.000000
-0.000009
0.000000
0.000000
-0.001471
-0.000817
-0.000038
0.000000
0.000000
-0.002548
0.000006
0.000000
0.000000
0.000000
-0.000070
-0.000192
0.000172
0.000000
0.000000
0.001071
-0.000069
0.000000
0.000000
0.000000
-0.000140
0.000000
-0.000929
0.000000
0.000000
-0.001707
-0.017749
-0.000114
0.000000
0.000000
0.000047
0.000000
-0.000017
0.000000
0.000000
0.000005
-0.000698
-0.000091
0.000000
0.000000
-0.023127
0.001479
0.000000
0.000000
0.000000
-0.000196
0.000000
-0.000188
0.000000
0.000000
-0.010132
0.000000
-0.000625
0.000000
0.000000
-0.000153
-0.000017
-0.000166
0.000000
0.000000
-0.004597
-0.026888
-0.000285
0.000000
0.000000
-0.018873
-0.000062
0.000000
0.000000
0.000000
-0.000482
-0.000157
-0.000350
0.000000
0.000000
-0.017711
-0.001896
0.000002
0.000000
0.000000
-0.001269
0.000000
-0.002871
0.000000
0.000000
-0.007239
-0.258433
-0.000043
0.000000
0.000000
-0.000311
-0.000008
-0.000035
0.000000
0.000000
0.000025
-0.003088
-0.005268
0.000000
0.000000
-0.000190
-0.000045
0.000000
0.000000
0.000000
0.000000
0.000000
-0.000010
0.000000
0.000000
-0.000067
-0.001088
0.000000
0.000000
0.000000
-0.000008
0.000000
0.000000
0.000000
0.000000
-0.000029
-0.000128
0.000065
0.000000
0.000000
-0.000354
0.000073
0.000000
0.000000
0.000000
0.000000
0.000000
0.000000
0.000000
0.000000
-0.000563
0.000022
0.000000
0.000000
0.000000
-0.000095
0.000000
-0.000008
0.000000
0.000000
0.000103
-0.000236
-0.000022
0.000000
0.000000
-0.000041
0.000000
0.000000
0.000000
0.000000
0.000021
-0.000041
-0.000082
0.000000
0.000000
0.000000
-0.000000
0.000000
0.000000
0.000000
0.000000
0.000000
0.000000
0.000000
0.000000
0.000000
0.000000
0.000000
0.000000
0.000000
0.000000
0.000000
0.000000
0.000000
0.000000
0.000000
0.000000
0.000000
0.000000
0.000000
0.000000
0.000000
0.000000
0.000000
0.000000
0.000000
0.000000
0.000000
0.000000
0.000000
0.000000
0.000000
0.000000
0.000000
0.000000
0.000000
0.000000
0.000000
0.000000
0.000000
0.000000
0.000000
0.000000
0.000000
0.000000
0.000000
0.000000
0.000000
0.000000
0.000000
0.000000
0.000000
0.000000
0.000000
0.000000
0.000000
-0.000000
0.000000
0.000000
0.000000
0.000000
0.000000
0.000000
0.000000
0.000000
0.000000
0.000000
0.000000
0.000000
0.000000
0.000000
0.000000
0.000000
0.000000
0.000000
0.000000
0.000000
0.000000
0.000000
0.000000
0.000000
0.000000
0.000000
0.000000
0.000000
0.000000
0.000000
0.000000
0.000000
0.000000
0.000000
0.000000
0.000000
0.000000
0.000000
0.000000
0.000000
0.000000
0.000000
0.000000
0.000000
0.000000
0.000000
0.000000
0.000000
0.000000
0.000000
0.000000
0.000000
0.000000
0.000000
0.000000
0.000000
0.000000
0.000000
0.001545
0.001036
0.000000
0.000000
0.000000
-0.000010
0.000000
0.000000
0.000000
0.000000
-0.000057
-0.000001
-0.000062
0.000000
0.000000
0.000000
-0.000045
0.000000
0.000000
0.000000
-0.000005
-0.000111
0.000035
0.000000
0.000000
-0.000273
-0.000186
0.000000
0.000000
0.000000
0.000000
0.000000
0.000000
0.000000
0.000000
0.000034
-0.000018
0.000000
0.000000
0.000000
-0.000010
0.000000
0.000000
0.000000
0.000000
-0.000002
-0.000274
0.000016
0.000000
0.000000
0.000070
0.000023
0.000000
0.000000
0.000000
-0.000016
-0.000017
0.000000
0.000000
0.000000
-0.000000
-0.000007
0.000000
0.000000
0.000000
-0.000001
0.000000
0.000000
0.000000
0.000000
-0.000017
0.000000
0.000000
0.000000
0.000000
0.000071
0.000000
0.000000
0.000000
0.000000
0.000000
0.000000
0.000000
0.000000
0.000000
0.000000
0.000000
0.000000
0.000000
0.000000
0.000000
0.000000
0.000000
0.000000
0.000000
0.000000
-0.000002
0.000000
0.000000
0.000000
-0.000020
0.000000
0.000000
0.000000
0.000000
0.000000
0.000000
0.000000
0.000000
0.000000
0.000000
-0.000001
0.000000
0.000000
0.000000
0.000000
0.000000
0.000000
0.000000
0.000000
-0.000222
-0.000000
0.000000
0.000000
0.000000
0.000000
0.000000
0.000000
0.000000
0.000000
0.000000
0.000000
0.000000
0.000000
0.000000
0.000000
0.000000
0.000000
0.000000
0.000000
-0.000037
0.000003
0.000030
0.000000
0.000000
0.000000
0.000000
0.000000
0.000000
0.000000
0.000000
0.000000
-0.000045
0.000000
0.000000
0.000000
0.000000
0.000000
0.000000
0.000000
0.000000
0.000000
0.000000
0.000000
0.000000
-0.000006
-0.000170
0.000000
0.000000
0.000000
0.000000
0.000000
0.000000
0.000000
0.000000
-0.000004
-0.000035
-0.000010
0.000000
0.000000
-0.000000
0.000000
0.000000
0.000000
0.000000
0.000000
0.000000
0.000000
0.000000
0.000000
0.000000
0.000000
0.000000
0.000000
0.000000
0.000000
0.000000
0.000000
0.000000
0.000000
0.000000
0.000000
0.000000
0.000000
0.000000
0.000000
0.000000
0.000000
0.000000
0.000000
0.000000
0.000000
0.000000
0.000000
0.000000
0.000000
0.000000
0.000000
0.000000
0.000000
0.000000
0.000000
0.000000
0.000000
0.000000
0.000000
0.000000
0.000000
0.000000
0.000000
0.000000
0.000000
0.000000
0.000000
0.000000
0.000000
0.000000
0.000000
0.000000
0.000000
0.000000
0.000000
0.000000
0.000000
0.000000
0.000000
0.000000
0.000000
0.000000
0.000000
0.000000
0.000000
0.000000
0.000000
0.000000
0.000000
0.000000
0.000000
0.000000
0.000000
0.000000
0.000000
0.000000
0.000000
0.000000
0.000000
0.000000
0.000000
0.000000
0.000000
0.000000
0.000000
0.000000
0.000000
0.000000
0.000000
0.000000
0.000000
0.000000
0.000000
0.000000
0.000000
0.000000
0.000000
0.000000
0.000000
0.000000
0.000000
0.000000
0.000000
0.000000
0.000000
0.000000
0.000000
0.000000
0.000000
0.000000
0.000000
0.000000
0.000000
-0.001348
-0.000098
0.000000
0.000000
0.000000
-0.000158
-0.000004
-0.000002
0.000000
0.000000
-0.001486
-0.020521
0.000012
0.000000
0.000000
0.000000
0.000000
-0.000021
0.000000
0.000000
0.000000
-0.006580
-0.000006
0.000000
0.000000
-0.003823
-0.000296
-0.000046
0.000000
0.000000
-0.000145
-0.000228
-0.000088
0.000000
0.000000
-0.000125
0.000047
0.000000
0.000000
0.000000
-0.000436
0.000000
-0.001038
0.000000
0.000000
-0.001804
-0.026594
0.000000
0.000000
0.000000
0.000060
0.000000
-0.000056
0.000000
0.000000
-0.004407
-0.007170
-0.000762
0.000000
0.000000
-0.005687
-0.000005
-0.000007
0.000000
0.000000
-0.000050
-0.000027
0.000310
0.000000
0.000000
-0.002865
-0.028533
0.000013
0.000000
0.000000
-0.000126
0.000000
-0.000056
0.000000
0.000000
-0.007369
0.000000
0.000000
0.000000
0.000000
-0.010609
-0.000385
0.000000
0.000000
0.000000
-0.000068
-0.000113
-0.000023
0.000000
0.000000
-0.005094
0.000884
-0.000011
0.000000
0.000000
-0.000647
-0.000032
-0.000476
0.000000
0.000000
-0.002491
-0.073676
-0.000026
0.000000
0.000000
-0.000106
0.000000
-0.000104
0.000000
0.000000
-0.001405
-0.006353
-0.002442
0.000000
0.000000
-0.000107
-0.000003
0.000000
0.000000
0.000000
-0.000027
0.000000
0.000000
0.000000
0.000000
-0.000059
-0.000182
0.000019
0.000000
0.000000
0.000000
0.000000
0.000000
0.000000
0.000000
-0.000002
-0.000174
0.000000
0.000000
0.000000
-0.000166
0.000114
0.000000
0.000000
0.000000
0.000000
-0.000009
0.000000
0.000000
0.000000
-0.000048
-0.000072
0.000000
0.000000
0.000000
0.000000
0.000000
0.000000
0.000000
0.000000
-0.000007
-0.000387
0.000000
0.000000
0.000000
-0.000074
-0.000030
0.000000
0.000000
0.000000
0.000000
0.000000
0.000049
0.000000
0.000000
-0.000000
0.000000
0.000000
0.000000
0.000000
0.000000
0.000000
0.000000
0.000000
0.000000
0.000000
0.000000
0.000000
0.000000
0.000000
0.000000
0.000000
0.000000
0.000000
0.000000
0.000000
0.000000
0.000000
0.000000
0.000000
0.000000
0.000000
0.000000
0.000000
0.000000
0.000000
0.000000
0.000000
0.000000
0.000000
0.000000
0.000000
0.000000
0.000000
0.000000
0.000000
0.000000
0.000000
0.000000
0.000000
0.000000
0.000000
0.000000
0.000000
0.000000
0.000000
0.000000
0.000000
0.000000
0.000000
0.000000
0.000000
0.000000
0.000000
0.000000
-0.000000
-0.000000
0.000000
0.000000
0.000000
0.000000
0.000000
0.000000
0.000000
0.000000
0.000000
0.000000
0.000000
0.000000
0.000000
0.000000
0.000000
0.000000
0.000000
0.000000
0.000000
0.000000
0.000000
0.000000
0.000000
0.000000
0.000000
0.000000
0.000000
0.000000
0.000000
0.000000
0.000000
0.000000
0.000000
0.000000
0.000000
0.000000
0.000000
0.000000
0.000000
0.000000
0.000000
0.000000
0.000000
0.000000
0.000000
0.000000
0.000000
0.000000
0.000000
0.000000
0.000000
0.000000
0.000000
0.000000
0.000000
0.000000
0.000000
0.000000
-0.167782
0.010136
-0.000018
0.000000
0.000000
-0.000059
0.000000
0.000000
0.000000
0.000000
-0.002459
-0.016782
-0.000112
0.000000
0.000000
0.000316
0.000004
-0.000032
0.000000
0.000000
-0.001570
-0.008861
-0.000263
0.000000
0.000000
0.000000
0.000991
0.000000
0.000000
0.000000
-0.000008
0.000005
0.000046
0.000000
0.000000
0.001165
0.000195
0.000016
0.000000
0.000000
-0.000563
0.000000
-0.000083
0.000000
0.000000
-0.000710
-0.050130
-0.000043
0.000000
0.000000
-0.001550
0.000008
0.000000
0.000000
0.000000
0.000000
-0.000722
0.000159
0.000000
0.000000
0.003297
0.000026
0.000000
0.000000
0.000000
0.000005
0.000000
0.000036
0.000000
0.000000
-0.000038
-0.000957
-0.000113
0.000000
0.000000
-0.000047
-0.000007
0.000000
0.000000
0.000000
0.000030
-0.000109
-0.000019
0.000000
0.000000
-0.000347
0.000000
0.000929
0.000000
0.000000
0.000312
-0.000007
0.000000
0.000000
0.000000
0.000176
-0.000007
-0.000037
0.000000
0.000000
-0.000030
0.000000
-0.000040
0.000000
0.000000
0.000056
-0.000609
-0.000013
0.000000
0.000000
-0.000143
0.000818
0.000000
0.000000
0.000000
0.000010
-0.000008
0.000360
0.000000
0.000000
-0.000000
0.000000
0.000000
0.000000
0.000000
-0.000090
0.000000
0.000000
0.000000
0.000000
0.000000
0.000000
0.000000
0.000000
0.000000
0.000000
0.000000
0.000000
0.000000
0.000000
-0.000046
0.000000
0.000000
0.000000
0.000000
0.000000
0.000000
0.000000
0.000000
0.000000
0.000000
-0.000009
0.000000
0.000000
0.000000
0.000000
0.000017
0.000000
0.000000
0.000000
0.000000
0.000000
0.000000
0.000000
0.000000
0.000000
0.000000
0.000000
0.000000
0.000000
0.000000
0.000000
0.000000
0.000000
0.000000
0.000002
0.000000
0.000000
0.000000
0.000000
-0.000000
0.000000
0.000000
0.000000
0.000000
0.000000
0.000000
0.000000
0.000000
0.000000
0.000000
0.000000
0.000000
0.000000
0.000000
0.000000
0.000000
0.000000
0.000000
0.000000
0.000000
0.000000
0.000000
0.000000
0.000000
0.000000
0.000000
0.000000
0.000000
0.000000
0.000000
0.000000
0.000000
0.000000
0.000000
0.000000
0.000000
0.000000
0.000000
0.000000
0.000000
0.000000
0.000000
0.000000
0.000000
0.000000
0.000000
0.000000
0.000000
0.000000
0.000000
0.000000
0.000000
0.000000
0.000000
0.000000
0.000000
0.000000
0.000000
0.000000
0.000000
0.000000
0.000000
0.000000
0.000000
0.000000
0.000000
0.000000
0.000000
0.000000
0.000000
0.000000
0.000000
0.000000
0.000000
0.000000
0.000000
0.000000
0.000000
0.000000
0.000000
0.000000
0.000000
0.000000
0.000000
0.000000
0.000000
0.000000
0.000000
0.000000
0.000000
0.000000
0.000000
0.000000
0.000000
0.000000
0.000000
0.000000
0.000000
0.000000
0.000000
0.000000
0.000000
0.000000
0.000000
0.000000
0.000000
0.000000
0.000000
0.000000
0.000000
0.000000
0.000000
0.000000
0.000000
0.000000
0.000000
0.000000
0.000000
0.000000
0.000095
0.000075
0.000000
0.000000
0.000000
0.000000
-0.000001
0.000000
0.000000
0.000000
-0.000072
-0.000417
0.000000
0.000000
0.000000
0.000000
0.000000
-0.000007
0.000000
0.000000
-0.000033
-0.000082
0.000000
0.000000
0.000000
-0.000368
0.000334
0.000000
0.000000
0.000000
0.000000
0.000006
0.000000
0.000000
0.000000
-0.000010
0.000000
0.000000
0.000000
0.000000
0.000000
0.000000
-0.000019
0.000000
0.000000
-0.000042
-0.000489
0.000000
0.000000
0.000000
0.000000
0.000000
0.000000
0.000000
0.000000
-0.000036
0.000000
-0.000014
0.000000
0.000000
-0.000026
-0.000011
0.000000
0.000000
0.000000
-0.000039
-0.000041
-0.000014
0.000000
0.000000
-0.000145
-0.000132
0.000000
0.000000
0.000000
0.000000
0.000000
-0.000009
0.000000
0.000000
-0.000338
-0.000076
-0.000007
0.000000
0.000000
0.000000
-0.000007
0.000000
0.000000
0.000000
0.000000
0.000000
-0.000009
0.000000
0.000000
-0.000043
0.000000
0.000000
0.000000
0.000000
-0.000034
-0.000040
-0.000017
0.000000
0.000000
-0.000219
-0.000250
0.000000
0.000000
0.000000
0.000000
0.000000
0.000000
0.000000
0.000000
-0.000051
-0.000059
0.000005
0.000000
0.000000
0.000128
0.000242
0.000000
0.000000
0.000000
0.000000
0.000000
0.000000
0.000000
0.000000
-0.000051
-0.000032
0.000006
0.000000
0.000000
0.000000
0.000000
-0.000035
0.000000
0.000000
-0.000024
-0.000206
0.000000
0.000000
0.000000
0.000000
0.000000
0.000000
0.000000
0.000000
0.000000
-0.000009
0.000000
0.000000
0.000000
0.000178
0.000021
0.000000
0.000000
0.000000
0.000000
0.000000
-0.000008
0.000000
0.000000
-0.000029
-0.000410
0.000000
0.000000
0.000000
0.000063
0.000000
0.000000
0.000000
0.000000
0.000102
-0.000107
-0.000002
0.000000
0.000000
-0.000000
0.000000
0.000000
0.000000
0.000000
0.000000
0.000000
0.000000
0.000000
0.000000
0.000000
0.000000
0.000000
0.000000
0.000000
0.000000
0.000000
0.000000
0.000000
0.000000
0.000000
0.000000
0.000000
0.000000
0.000000
0.000000
0.000000
0.000000
0.000000
0.000000
0.000000
0.000000
0.000000
0.000000
0.000000
0.000000
0.000000
0.000000
0.000000
0.000000
0.000000
0.000000
0.000000
0.000000
0.000000
0.000000
0.000000
0.000000
0.000000
0.000000
0.000000
0.000000
0.000000
0.000000
0.000000
0.000000
0.000000
0.000000
0.000000
0.000000
0.000000
0.000000
0.000000
0.000000
0.000000
0.000000
0.000000
0.000000
0.000000
0.000000
0.000000
0.000000
0.000000
0.000000
0.000000
0.000000
0.000000
0.000000
0.000000
0.000000
0.000000
0.000000
0.000000
0.000000
0.000000
0.000000
0.000000
0.000000
0.000000
0.000000
0.000000
0.000000
0.000000
0.000000
0.000000
0.000000
0.000000
0.000000
0.000000
0.000000
0.000000
0.000000
0.000000
0.000000
0.000000
0.000000
0.000000
0.000000
0.000000
0.000000
0.000000
0.000000
0.000000
0.000000
0.000000
0.000000
0.000000
0.000000
0.000000
0.000000
0.210565
0.009590
0.000000
0.000000
0.000000
-0.000044
-0.000032
-0.000140
0.000000
0.000000
0.003827
-0.035625
-0.000446
0.000000
0.000000
0.000252
-0.000001
0.000000
0.000000
0.000000
-0.000930
-0.001048
-0.000034
0.000000
0.000000
-0.001315
0.000634
0.000017
0.000000
0.000000
-0.000041
-0.000034
0.000273
0.000000
0.000000
0.000000
0.014428
0.000375
0.000000
0.000000
0.000104
0.000000
-0.000174
0.000000
0.000000
-0.001065
-0.027948
0.000043
0.000000
0.000000
-0.000031
0.000000
0.000000
0.000000
0.000000
-0.000070
-0.000404
0.002013
0.000000
0.000000
0.009995
0.003308
0.000000
0.000000
0.000000
0.000035
0.000000
-0.000031
0.000000
0.000000
-0.000530
-0.001713
0.000014
0.000000
0.000000
-0.000043
-0.000001
0.000000
0.000000
0.000000
-0.000177
-0.000211
0.000115
0.000000
0.000000
0.000929
0.000079
0.000000
0.000000
0.000000
0.000000
0.000000
-0.000019
0.000000
0.000000
0.016371
0.000000
-0.000055
0.000000
0.000000
0.000029
-0.000179
0.000000
0.000000
0.000000
-0.000404
-0.003175
0.000019
0.000000
0.000000
0.000498
0.000067
0.000000
0.000000
0.000000
-0.000050
-0.000092
0.000195
0.000000
0.000000
0.000050
-0.000073
0.000000
0.000000
0.000000
0.000000
0.000000
-0.000004
0.000000
0.000000
-0.000002
0.000006
0.000000
0.000000
0.000000
0.000000
0.000000
0.000000
0.000000
0.000000
0.000000
0.000000
-0.000030
0.000000
0.000000
-0.000011
-0.000054
0.000000
0.000000
0.000000
0.000000
0.000000
0.000000
0.000000
0.000000
0.000226
0.000128
0.000000
0.000000
0.000000
0.000000
0.000099
0.000000
0.000000
0.000000
0.000026
0.000000
0.000000
0.000000
0.000000
0.000000
-0.000044
0.000000
0.000000
0.000000
0.000000
0.000000
0.000000
0.000000
0.000000
0.000000
0.000000
0.000000
0.000000
0.000000
0.000000
0.000000
0.000000
0.000000
0.000000
0.000000
0.000000
0.000000
0.000000
0.000000
0.000000
0.000000
0.000000
0.000000
0.000000
0.000000
0.000000
0.000000
0.000000
0.000000
0.000000
0.000000
0.000000
0.000000
0.000000
0.000000
0.000000
0.000000
0.000000
0.000000
0.000000
0.000000
0.000000
0.000000
0.000000
0.000000
0.000000
0.000000
0.000000
0.000000
0.000000
0.000000
0.000000
0.000000
0.000000
0.000000
0.000000
0.000000
0.000000
0.000000
0.000000
0.000000
0.000000
0.000000
0.000000
0.000000
0.000000
0.000000
0.000000
0.000000
0.000000
0.000000
0.000000
0.000000
0.000000
0.000000
0.000000
0.000000
0.000000
0.000000
0.000000
0.000000
0.000000
0.000000
0.000000
0.000000
0.000000
0.000000
0.000000
0.000000
0.000000
0.000000
0.000000
0.000000
0.000000
0.000000
0.000000
0.000000
0.000000
0.000000
0.000000
0.000000
0.000000
0.000000
0.000000
0.000000
0.000000
0.000000
0.000000
0.000000
0.000000
0.000000
0.000000
0.000000
0.000000
0.000000
0.000000
0.000000
0.000000
0.000000
0.000000
0.000000
0.000000
0.000000
0.000000
-0.000298
0.000920
-0.000005
0.000000
0.000000
-0.000094
-0.000008
0.000000
0.000000
0.000000
-0.000037
-0.001310
-0.000089
0.000000
0.000000
-0.000125
0.000000
0.000000
0.000000
0.000000
-0.000324
-0.000189
0.000005
0.000000
0.000000
-0.000249
-0.000084
0.000000
0.000000
0.000000
0.000000
0.000000
0.000000
0.000000
0.000000
0.000075
-0.000146
0.000000
0.000000
0.000000
0.000000
-0.000001
-0.000029
0.000000
0.000000
-0.000027
-0.001191
-0.000019
0.000000
0.000000
0.000089
0.000000
0.000000
0.000000
0.000000
0.000000
-0.000807
-0.000005
0.000000
0.000000
-0.000090
0.000000
0.000000
0.000000
0.000000
0.000000
-0.000040
0.000000
0.000000
0.000000
0.000000
0.000000
0.000000
0.000000
0.000000
0.000000
0.000000
0.000000
0.000000
0.000000
0.000000
-0.000033
0.000000
0.000000
0.000000
0.000000
-0.000095
0.000000
0.000000
0.000000
0.000000
-0.000001
0.000099
0.000000
0.000000
0.000000
-0.000074
0.000000
0.000000
0.000000
0.000010
0.000000
0.000000
0.000000
0.000000
-0.000016
0.000000
0.000000
0.000000
0.000000
0.000000
-0.000068
0.000000
0.000000
0.000000
-0.000001
-0.000007
0.000000
0.000000
0.000000
-0.000070
0.000000
0.000000
0.000000
0.000000
-0.000018
-0.000013
0.000000
0.000000
0.000000
-0.000449
-0.003293
-0.000017
0.000000
0.000000
0.000000
0.000000
-0.000067
0.000000
0.000000
-0.000773
-0.000417
-0.000068
0.000000
0.000000
-0.000194
-0.000051
0.000000
0.000000
0.000000
-0.000019
-0.000091
0.000000
0.000000
0.000000
-0.000019
-0.000017
0.000000
0.000000
0.000000
-0.000019
-0.000009
0.000000
0.000000
0.000000
-0.001036
-0.005306
0.000000
0.000000
0.000000
0.000000
0.000000
0.000000
0.000000
0.000000
-0.000060
-0.000181
-0.000173
0.000000
0.000000
0.000000
0.000000
0.000000
0.000000
0.000000
0.000000
0.000000
0.000000
0.000000
0.000000
0.000000
0.000000
0.000000
0.000000
0.000000
0.000000
0.000000
0.000000
0.000000
0.000000
0.000000
0.000000
0.000000
0.000000
0.000000
0.000000
0.000000
0.000000
0.000000
0.000000
0.000000
0.000000
0.000000
0.000000
0.000000
0.000000
0.000000
0.000000
0.000000
0.000000
0.000000
0.000000
0.000000
0.000000
0.000000
0.000000
0.000000
0.000000
0.000000
0.000000
0.000000
0.000000
0.000000
0.000000
0.000000
0.000000
0.000000
0.000000
0.000000
0.000000
-0.000000
0.000000
0.000000
0.000000
0.000000
0.000000
0.000000
0.000000
0.000000
0.000000
0.000000
0.000000
0.000000
0.000000
0.000000
0.000000
0.000000
0.000000
0.000000
0.000000
0.000000
0.000000
0.000000
0.000000
0.000000
0.000000
0.000000
0.000000
0.000000
0.000000
0.000000
0.000000
0.000000
0.000000
0.000000
0.000000
0.000000
0.000000
0.000000
0.000000
0.000000
0.000000
0.000000
0.000000
0.000000
0.000000
0.000000
0.000000
0.000000
0.000000
0.000000
0.000000
0.000000
0.000000
0.000000
0.000000
0.000000
0.000000
0.000000
0.000000
0.000818
0.000008
0.000000
0.000000
0.000000
-0.000103
-0.000102
-0.000080
0.000000
0.000000
-0.001942
-0.006909
0.000000
0.000000
0.000000
-0.000011
0.000000
0.000017
0.000000
0.000000
-0.002298
-0.002505
-0.000023
0.000000
0.000000
-0.000288
-0.000007
0.000000
0.000000
0.000000
-0.000149
-0.000153
0.000021
0.000000
0.000000
-0.000827
-0.000447
0.000000
0.000000
0.000000
-0.000028
-0.000016
-0.000366
0.000000
0.000000
0.000000
-0.011190
-0.000011
0.000000
0.000000
-0.000125
0.000000
0.000000
0.000000
0.000000
-0.000021
-0.000650
-0.000126
0.000000
0.000000
-0.057530
-0.000460
-0.000006
0.000000
0.000000
-0.000009
-0.000036
-0.000069
0.000000
0.000000
-0.018747
-0.220497
-0.000653
0.000000
0.000000
-0.000063
0.000000
-0.000150
0.000000
0.000000
-0.038534
-0.084166
-0.000321
0.000000
0.000000
-0.029667
-0.000737
0.000000
0.000000
0.000000
-0.000340
-0.000360
-0.000290
0.000000
0.000000
-0.030031
-0.001857
-0.000054
0.000000
0.000000
-0.001030
0.000000
-0.004637
0.000000
0.000000
-0.013112
0.000000
-0.000086
0.000000
0.000000
-0.000811
-0.000019
-0.000011
0.000000
0.000000
-0.001278
-0.008306
-0.009376
0.000000
0.000000
0.000011
0.000030
0.000000
0.000000
0.000000
0.000000
0.000000
0.000000
0.000000
0.000000
-0.000069
-0.000084
0.000000
0.000000
0.000000
0.000000
0.000000
0.000000
0.000000
0.000000
0.000000
-0.000014
0.000000
0.000000
0.000000
-0.000038
0.000000
0.000000
0.000000
0.000000
-0.000031
0.000000
0.000000
0.000000
0.000000
0.000158
0.000022
0.000000
0.000000
0.000000
0.000000
0.000000
0.000000
0.000000
0.000000
0.000000
-0.000150
0.000000
0.000000
0.000000
0.000555
0.000000
0.000000
0.000000
0.000000
0.000000
0.000000
-0.000024
0.000000
0.000000
-0.000000
0.000000
0.000000
0.000000
0.000000
0.000000
0.000000
0.000000
0.000000
0.000000
0.000000
0.000000
0.000000
0.000000
0.000000
0.000000
0.000000
0.000000
0.000000
0.000000
0.000000
0.000000
0.000000
0.000000
0.000000
0.000000
0.000000
0.000000
0.000000
0.000000
0.000000
0.000000
0.000000
0.000000
0.000000
0.000000
0.000000
0.000000
0.000000
0.000000
0.000000
0.000000
0.000000
0.000000
0.000000
0.000000
0.000000
0.000000
0.000000
0.000000
0.000000
0.000000
0.000000
0.000000
0.000000
0.000000
0.000000
0.000000
0.000000
0.000000
-0.000000
0.000000
0.000000
0.000000
0.000000
0.000000
0.000000
0.000000
0.000000
0.000000
0.000000
0.000000
0.000000
0.000000
0.000000
0.000000
0.000000
0.000000
0.000000
0.000000
0.000000
0.000000
0.000000
0.000000
0.000000
0.000000
0.000000
0.000000
0.000000
0.000000
0.000000
0.000000
0.000000
0.000000
0.000000
0.000000
0.000000
0.000000
0.000000
0.000000
0.000000
0.000000
0.000000
0.000000
0.000000
0.000000
0.000000
0.000000
0.000000
0.000000
0.000000
0.000000
0.000000
0.000000
0.000000
0.000000
0.000000
0.000000
0.000000
0.000000
-0.000774
0.001404
0.000000
0.000000
0.000000
0.000000
0.000000
0.000000
0.000000
0.000000
-0.000052
-0.000758
-0.000046
0.000000
0.000000
0.000472
-0.000002
0.000000
0.000000
0.000000
0.000005
-0.000121
-0.000049
0.000000
0.000000
-0.001711
-0.000621
0.000000
0.000000
0.000000
-0.000030
0.000000
0.000000
0.000000
0.000000
0.000285
-0.000262
0.000000
0.000000
0.000000
0.000108
0.000000
0.000000
0.000000
0.000000
-0.000170
-0.000711
0.000000
0.000000
0.000000
0.000000
0.000032
0.000000
0.000000
0.000000
0.000000
-0.000019
0.000004
0.000000
0.000000
0.000088
0.000071
0.000000
0.000000
0.000000
0.000000
0.000000
0.000000
0.000000
0.000000
0.000000
-0.000051
0.000000
0.000000
0.000000
-0.000092
0.000000
0.000000
0.000000
0.000000
0.000000
0.000000
-0.000047
0.000000
0.000000
-0.000044
0.000895
0.000000
0.000000
0.000000
0.000000
0.000000
0.000000
0.000000
0.000000
0.000107
-0.000092
-0.000030
0.000000
0.000000
-0.000001
0.000000
0.000000
0.000000
0.000000
0.000000
-0.000068
0.000000
0.000000
0.000000
0.000069
0.000000
0.000000
0.000000
0.000000
0.000000
0.000000
0.000000
0.000000
0.000000
0.000000
0.000000
0.000000
0.000000
0.000000
0.000000
-0.000017
0.000000
0.000000
0.000000
0.000000
-0.000039
0.000000
0.000000
0.000000
0.000000
0.000000
0.000000
0.000000
0.000000
-0.000034
-0.000102
0.000000
0.000000
0.000000
-0.000012
0.000000
0.000000
0.000000
0.000000
-0.000037
0.000000
0.000000
0.000000
0.000000
0.000000
0.000000
0.000000
0.000000
0.000000
0.000000
0.000000
-0.000002
0.000000
0.000000
0.000000
0.000000
0.000000
0.000000
0.000000
0.000000
0.000000
0.000000
0.000000
0.000000
-0.000002
0.000000
0.000000
0.000000
0.000000
0.000000
0.000000
0.000000
0.000000
0.000000
0.000000
0.000000
0.000000
0.000000
0.000000
0.000000
0.000000
0.000000
0.000000
0.000000
0.000000
0.000000
0.000000
0.000000
0.000000
0.000000
0.000000
0.000000
0.000000
0.000000
0.000000
0.000000
0.000000
0.000000
0.000000
0.000000
0.000000
0.000000
0.000000
0.000000
0.000000
0.000000
0.000000
0.000000
0.000000
0.000000
0.000000
0.000000
0.000000
0.000000
0.000000
0.000000
0.000000
0.000000
0.000000
0.000000
0.000000
0.000000
0.000000
0.000000
0.000000
0.000000
0.000000
0.000000
0.000000
0.000000
0.000000
0.000000
0.000000
0.000000
0.000000
0.000000
0.000000
0.000000
0.000000
0.000000
0.000000
0.000000
0.000000
0.000000
0.000000
0.000000
0.000000
0.000000
0.000000
0.000000
0.000000
0.000000
0.000000
0.000000
0.000000
0.000000
0.000000
0.000000
0.000000
0.000000
0.000000
0.000000
0.000000
0.000000
0.000000
0.000000
0.000000
0.000000
0.000000
0.000000
0.000000
0.000000
0.000000
0.000000
0.000000
0.000000
0.000000
0.000000
0.000000
0.000000
0.000000
0.000000
0.000000
0.000000
0.000000
0.000000
0.000000
0.000000
0.000000
0.000009
-0.000032
0.000000
0.000000
0.000000
0.000002
-0.000015
-0.000008
0.000000
0.000000
-0.000003
-0.000151
0.000021
0.000000
0.000000
-0.000015
0.000000
-0.000031
0.000000
0.000000
-0.003222
-0.001436
0.000029
0.000000
0.000000
-0.000193
0.000017
0.000000
0.000000
0.000000
-0.000036
-0.000021
-0.000109
0.000000
0.000000
0.000129
0.000000
0.000000
0.000000
0.000000
0.000000
-0.000081
-0.000133
0.000000
0.000000
-0.000247
-0.001161
0.000099
0.000000
0.000000
0.000000
0.000000
-0.000029
0.000000
0.000000
0.000000
-0.000629
0.000036
0.000000
0.000000
0.000078
-0.000025
-0.000011
0.000000
0.000000
-0.000023
-0.000003
-0.000009
0.000000
0.000000
-0.001096
-0.002558
0.000000
0.000000
0.000000
0.000000
0.000000
0.000000
0.000000
0.000000
-0.007902
-0.005553
0.000010
0.000000
0.000000
-0.000349
0.000000
0.000000
0.000000
0.000000
-0.000002
-0.000116
-0.000159
0.000000
0.000000
-0.000981
-0.000051
-0.000002
0.000000
0.000000
0.000010
0.000000
-0.000492
0.000000
0.000000
-0.000491
-0.010925
-0.000015
0.000000
0.000000
-0.000017
0.000000
-0.000002
0.000000
0.000000
-0.000171
0.000000
-0.000694
0.000000
0.000000
0.065535
0.005619
0.000000
0.000000
0.000000
0.000000
-0.000017
-0.000005
0.000000
0.000000
0.000059
-0.003872
-0.000049
0.000000
0.000000
0.000000
0.000000
0.000000
0.000000
0.000000
-0.000194
-0.002843
-0.000188
0.000000
0.000000
-0.002596
0.000307
-0.000002
0.000000
0.000000
-0.000010
0.000019
0.000037
0.000000
0.000000
0.003274
0.000468
0.000017
0.000000
0.000000
0.000302
0.000000
-0.000140
0.000000
0.000000
-0.000140
-0.009840
-0.000045
0.000000
0.000000
0.000000
0.000000
-0.000002
0.000000
0.000000
-0.000057
-0.001501
0.000000
0.000000
0.000000
-0.000000
0.000000
0.000000
0.000000
0.000000
0.000000
0.000000
0.000000
0.000000
0.000000
0.000000
0.000000
0.000000
0.000000
0.000000
0.000000
0.000000
0.000000
0.000000
0.000000
0.000000
0.000000
0.000000
0.000000
0.000000
0.000000
0.000000
0.000000
0.000000
0.000000
0.000000
0.000000
0.000000
0.000000
0.000000
0.000000
0.000000
0.000000
0.000000
0.000000
0.000000
0.000000
0.000000
0.000000
0.000000
0.000000
0.000000
0.000000
0.000000
0.000000
0.000000
0.000000
0.000000
0.000000
0.000000
0.000000
0.000000
0.000000
0.000000
0.000000
0.000000
0.000000
0.000000
0.000000
0.000000
0.000000
0.000000
0.000000
0.000000
0.000000
0.000000
0.000000
0.000000
0.000000
0.000000
0.000000
0.000000
0.000000
0.000000
0.000000
0.000000
0.000000
0.000000
0.000000
0.000000
0.000000
0.000000
0.000000
0.000000
0.000000
0.000000
0.000000
0.000000
0.000000
0.000000
0.000000
0.000000
0.000000
0.000000
0.000000
0.000000
0.000000
0.000000
0.000000
0.000000
0.000000
0.000000
0.000000
0.000000
0.000000
0.000000
0.000000
0.000000
0.000000
0.000000
0.000000
0.000000
0.000000
0.000000
0.000000
60
0.008027
0.012007
0.000000
0.000000
0.000000
0.000000
0.000035
-0.000012
0.000000
0.000000
-0.001604
-0.002186
-0.000041
0.000000
0.000000
0.000065
0.000000
0.000000
0.000000
0.000000
-0.001631
-0.003043
0.000001
0.000000
0.000000
-0.001721
-0.000171
0.000000
0.000000
0.000000
0.000000
-0.000033
-0.000225
0.000000
0.000000
0.003124
0.000696
0.000000
0.000000
0.000000
0.000010
0.000000
-0.000018
0.000000
0.000000
-0.001239
-0.011969
0.000000
0.000000
0.000000
-0.000084
0.000000
0.000000
0.000000
0.000000
-0.000066
-0.001079
-0.000154
0.000000
0.000000
