0.007252
60
-0.021982
0.000217
0.000000
0.000000
0.000000
0.000000
-0.000070
0.000000
0.000000
0.000000
-0.000858
0.017686
0.000000
0.000000
0.000000
0.000022
0.000000
-0.000137
0.000000
0.000000
-0.032508
-0.008055
0.000000
0.000000
0.000000
0.000365
0.000136
0.000000
0.000000
0.000000
-0.000087
0.000000
-0.000022
0.000000
0.000000
-0.001310
-0.000203
-0.000078
0.000000
0.000000
0.000047
0.000000
-0.003217
0.000000
0.000000
-0.001305
0.016262
0.000000
0.000000
0.000000
-0.000091
-0.000004
0.000000
0.000000
0.000000
-0.003824
-0.009676
-0.002534
0.000000
0.000000
60 60
0.000000
0.202447
0.000000
0.000000
0.000000
-0.000012
0.000000
0.000032
0.000000
0.000000
-0.011260
0.024345
0.000181
0.000000
0.000000
0.000000
0.000049
0.000000
0.000000
0.000000
-0.000483
-0.014265
-0.001202
0.000000
0.000000
0.072327
-0.010712
0.000000
0.000000
0.000000
0.000017
0.000000
-0.000201
0.000000
0.000000
0.142508
-0.012682
-0.000182
0.000000
0.000000
0.000860
0.000000
-0.000202
0.000000
0.000000
-0.001274
0.017241
-0.000983
0.000000
0.000000
-0.001503
-0.000124
0.000000
0.000000
0.000000
-0.000177
-0.003596
-0.018315
0.000000
0.000000
0.208326
0.000000
0.000000
0.000000
0.000000
-0.000525
-0.000016
0.000000
0.000000
0.000000
-0.000871
-0.000025
0.000068
0.000000
0.000000
-0.000107
0.000000
0.000000
0.000000
0.000000
0.000078
-0.000161
0.000013
0.000000
0.000000
0.000482
0.000015
0.000000
0.000000
0.000000
0.000153
0.000000
0.000002
0.000000
0.000000
-0.001939
-0.001727
0.000000
0.000000
0.000000
-0.000080
-0.000002
0.000030
0.000000
0.000000
-0.000286
-0.000511
-0.000021
0.000000
0.000000
-0.000568
0.000099
0.000000
0.000000
0.000000
0.000000
0.000019
-0.000919
0.000000
0.000000
-0.000456
0.000000
0.000000
0.000000
0.000000
0.000000
0.000000
0.000000
0.000000
0.000000
-0.000383
-0.002171
0.000000
0.000000
0.000000
0.000000
0.000000
0.000000
0.000000
0.000000
0.000000
0.000000
0.000000
0.000000
0.000000
-0.000034
-0.000025
0.000000
0.000000
0.000000
0.000000
0.000000
0.000000
0.000000
0.000000
0.000000
0.000000
0.000000
0.000000
0.000000
-0.000272
0.000000
0.000000
0.000000
0.000000
0.000000
0.000000
0.000000
0.000000
0.000000
0.000015
0.000000
0.000000
0.000000
0.000000
0.000000
0.000000
0.000000
0.000000
0.000000
-0.000000
-0.000000
0.000000
0.000000
0.000000
0.000000
0.000000
0.000000
0.000000
0.000000
0.000000
0.000000
0.000000
0.000000
0.000000
0.000000
0.000000
0.000000
0.000000
0.000000
0.000000
0.000000
0.000000
0.000000
0.000000
0.000000
0.000000
0.000000
0.000000
0.000000
0.000000
0.000000
0.000000
0.000000
0.000000
0.000000
0.000000
0.000000
0.000000
0.000000
0.000000
0.000000
0.000000
0.000000
0.000000
0.000000
0.000000
0.000000
0.000000
0.000000
0.000000
0.000000
0.000000
0.000000
0.000000
0.000000
0.000000
0.000000
0.000000
0.000000
0.000000
0.000000
0.000000
0.000000
0.000000
0.000000
0.000000
0.000000
0.000000
0.000000
0.000000
0.000000
0.000000
0.000000
0.000000
0.000000
0.000000
0.000000
0.000000
0.000000
0.000000
0.000000
0.000000
0.000000
0.000000
0.000000
0.000000
0.000000
0.000000
0.000000
0.000000
0.000000
0.000000
0.000000
0.000000
0.000000
0.000000
0.000000
0.000000
0.000000
0.000000
0.000000
0.000000
0.000000
0.000000
0.000000
0.000000
0.000000
0.000000
0.000000
0.000000
0.000000
0.000000
0.000000
0.000000
0.000000
0.000000
0.000000
0.000000
0.000000
-0.000118
-0.000002
0.000000
0.000000
0.000000
0.000000
-0.000531
0.000000
0.000000
0.000000
0.000042
0.000395
0.000000
0.000000
0.000000
-0.000018
0.000000
0.000000
0.000000
0.000000
0.000000
-0.000319
0.000000
0.000000
0.000000
-0.000030
-0.000022
0.000056
0.000000
0.000000
0.000000
0.000022
0.000000
0.000000
0.000000
-0.000012
0.000045
0.000001
0.000000
0.000000
-0.000184
0.000000
0.000000
0.000000
0.000000
-0.000076
0.000350
-0.000016
0.000000
0.000000
-0.000507
0.000000
0.000000
0.000000
0.000000
-0.000050
-0.000119
-0.000156
0.000000
0.000000
-0.000000
0.000000
0.000000
0.000000
0.000000
-0.000093
0.000000
0.000000
0.000000
0.000000
-0.000122
0.000000
0.000000
0.000000
0.000000
0.000000
0.000000
0.000000
0.000000
0.000000
-0.000280
-0.000326
0.000000
0.000000
0.000000
0.000000
0.000000
0.000000
0.000000
0.000000
-0.000096
-0.000525
0.000000
0.000000
0.000000
-0.000079
0.000000
0.000000
0.000000
0.000000
-0.000002
0.000000
-0.000047
0.000000
0.000000
-0.000899
0.000000
0.000000
0.000000
0.000000
0.000000
0.000000
-0.000070
0.000000
0.000000
-0.000285
-0.000001
0.000000
0.000000
0.000000
0.000049
-0.000037
0.000000
0.000000
0.000000
0.000000
-0.000010
0.000000
0.000000
0.000000
-0.001156
-0.000331
0.000000
0.000000
0.000000
0.000000
0.000000
0.000000
0.000000
0.000000
0.000016
-0.000131
-0.000095
0.000000
0.000000
0.000000
0.000000
0.000000
0.000000
0.000000
0.000000
0.000005
0.000000
0.000000
0.000000
-0.000318
-0.000010
0.000000
0.000000
0.000000
0.000000
0.000000
0.000000
0.000000
0.000000
-0.000228
-0.000106
-0.000030
0.000000
0.000000
-0.000037
0.000000
0.000000
0.000000
0.000000
-0.000619
0.000021
0.000000
0.000000
0.000000
-0.000000
0.000000
0.000000
0.000000
0.000000
0.000000
0.000000
0.000000
0.000000
0.000000
0.000000
0.000000
0.000000
0.000000
0.000000
0.000000
0.000000
0.000000
0.000000
0.000000
0.000000
0.000000
0.000000
0.000000
0.000000
0.000000
0.000000
0.000000
0.000000
0.000000
0.000000
0.000000
0.000000
0.000000
0.000000
0.000000
0.000000
0.000000
0.000000
0.000000
0.000000
0.000000
0.000000
0.000000
0.000000
0.000000
0.000000
0.000000
0.000000
0.000000
0.000000
0.000000
0.000000
0.000000
0.000000
0.000000
0.000000
0.000000
0.000000
0.000000
-0.000000
-0.000000
0.000000
0.000000
0.000000
0.000000
0.000000
0.000000
0.000000
0.000000
0.000000
0.000000
0.000000
0.000000
0.000000
0.000000
0.000000
0.000000
0.000000
0.000000
0.000000
0.000000
0.000000
0.000000
0.000000
0.000000
0.000000
0.000000
0.000000
0.000000
0.000000
0.000000
0.000000
0.000000
0.000000
0.000000
0.000000
0.000000
0.000000
0.000000
0.000000
0.000000
0.000000
0.000000
0.000000
0.000000
0.000000
0.000000
0.000000
0.000000
0.000000
0.000000
0.000000
0.000000
0.000000
0.000000
0.000000
0.000000
0.000000
0.000000
-0.007054
-0.000891
0.000000
0.000000
0.000000
-0.000051
-0.000175
-0.001310
0.000000
0.000000
0.000000
0.002115
-0.000218
0.000000
0.000000
-0.000086
0.000000
-0.000016
0.000000
0.000000
-0.002824
-0.006358
-0.000176
0.000000
0.000000
-0.001498
-0.000032
0.000000
0.000000
0.000000
-0.000123
0.000165
-0.000412
0.000000
0.000000
-0.006497
-0.000590
0.000000
0.000000
0.000000
-0.000546
0.000000
0.000785
0.000000
0.000000
-0.002913
0.003002
0.000068
0.000000
0.000000
-0.000116
0.000000
-0.000106
0.000000
0.000000
-0.000131
-0.002847
-0.000580
0.000000
0.000000
0.033816
0.000028
0.000000
0.000000
0.000000
0.000331
0.000000
-0.000096
0.000000
0.000000
-0.004801
0.000000
-0.002002
0.000000
0.000000
-0.000106
0.000004
0.000388
0.000000
0.000000
0.001382
0.013054
-0.000196
0.000000
0.000000
0.016039
-0.001121
0.000000
0.000000
0.000000
-0.000244
-0.000016
0.000422
0.000000
0.000000
0.017017
-0.000624
-0.000313
0.000000
0.000000
0.000604
0.000000
0.001122
0.000000
0.000000
0.005647
0.579861
-0.000310
0.000000
0.000000
0.000088
-0.000011
-0.000011
0.000000
0.000000
0.000067
0.000104
0.006409
0.000000
0.000000
-0.001486
0.000067
0.000000
0.000000
0.000000
0.000000
0.000000
-0.000041
0.000000
0.000000
-0.000358
-0.001070
0.000000
0.000000
0.000000
0.000035
0.000000
0.000000
0.000000
0.000000
0.000036
-0.000408
-0.000086
0.000000
0.000000
0.000038
-0.000120
0.000000
0.000000
0.000000
0.000000
0.000000
0.000000
0.000000
0.000000
-0.000911
-0.000052
0.000000
0.000000
0.000000
-0.000030
0.000000
-0.000017
0.000000
0.000000
-0.000039
0.000017
-0.000038
0.000000
0.000000
-0.000012
0.000000
0.000000
0.000000
0.000000
-0.000006
-0.000011
-0.000193
0.000000
0.000000
0.000000
-0.000000
0.000000
0.000000
0.000000
0.000000
0.000000
0.000000
0.000000
0.000000
0.000000
0.000000
0.000000
0.000000
0.000000
0.000000
0.000000
0.000000
0.000000
0.000000
0.000000
0.000000
0.000000
0.000000
0.000000
0.000000
0.000000
0.000000
0.000000
0.000000
0.000000
0.000000
0.000000
0.000000
0.000000
0.000000
0.000000
0.000000
0.000000
0.000000
0.000000
0.000000
0.000000
0.000000
0.000000
0.000000
0.000000
0.000000
0.000000
0.000000
0.000000
0.000000
0.000000
0.000000
0.000000
0.000000
0.000000
0.000000
0.000000
0.000000
0.000000
-0.000000
0.000000
0.000000
0.000000
0.000000
0.000000
0.000000
0.000000
0.000000
0.000000
0.000000
0.000000
0.000000
0.000000
0.000000
0.000000
0.000000
0.000000
0.000000
0.000000
0.000000
0.000000
0.000000
0.000000
0.000000
0.000000
0.000000
0.000000
0.000000
0.000000
0.000000
0.000000
0.000000
0.000000
0.000000
0.000000
0.000000
0.000000
0.000000
0.000000
0.000000
0.000000
0.000000
0.000000
0.000000
0.000000
0.000000
0.000000
0.000000
0.000000
0.000000
0.000000
0.000000
0.000000
0.000000
0.000000
0.000000
0.000000
0.000000
0.000227
-0.000284
0.000000
0.000000
0.000000
-0.000022
0.000000
0.000000
0.000000
0.000000
-0.000196
-0.000014
0.000004
0.000000
0.000000
0.000000
0.000067
0.000000
0.000000
0.000000
-0.000013
-0.000166
-0.000023
0.000000
0.000000
-0.000620
-0.000173
0.000000
0.000000
0.000000
0.000000
0.000000
0.000000
0.000000
0.000000
-0.000010
-0.000136
0.000000
0.000000
0.000000
-0.000070
0.000000
0.000000
0.000000
0.000000
0.000013
-0.001011
-0.000003
0.000000
0.000000
-0.000140
-0.000006
0.000000
0.000000
0.000000
-0.000044
0.000013
0.000000
0.000000
0.000000
-0.000000
-0.000025
0.000000
0.000000
0.000000
-0.000010
0.000000
0.000000
0.000000
0.000000
0.000004
0.000000
0.000000
0.000000
0.000000
0.000094
0.000000
0.000000
0.000000
0.000000
0.000000
0.000000
0.000000
0.000000
0.000000
0.000000
0.000000
0.000000
0.000000
0.000000
0.000000
0.000000
0.000000
0.000000
0.000000
0.000000
-0.000078
0.000000
0.000000
0.000000
0.000031
0.000000
0.000000
0.000000
0.000000
0.000000
0.000000
0.000000
0.000000
0.000000
0.000000
-0.000010
0.000000
0.000000
0.000000
0.000000
0.000000
0.000000
0.000000
0.000000
0.000517
-0.000000
0.000000
0.000000
0.000000
0.000000
0.000000
0.000000
0.000000
0.000000
0.000000
0.000000
0.000000
0.000000
0.000000
0.000000
0.000000
0.000000
0.000000
0.000000
-0.001043
-0.000328
-0.000025
0.000000
0.000000
0.000000
0.000000
0.000000
0.000000
0.000000
0.000000
0.000000
-0.000618
0.000000
0.000000
0.000000
0.000000
0.000000
0.000000
0.000000
0.000000
0.000000
0.000000
0.000000
0.000000
-0.000013
-0.000662
0.000000
0.000000
0.000000
0.000000
0.000000
0.000000
0.000000
0.000000
-0.000383
-0.000313
-0.000036
0.000000
0.000000
-0.000000
0.000000
0.000000
0.000000
0.000000
0.000000
0.000000
0.000000
0.000000
0.000000
0.000000
0.000000
0.000000
0.000000
0.000000
0.000000
0.000000
0.000000
0.000000
0.000000
0.000000
0.000000
0.000000
0.000000
0.000000
0.000000
0.000000
0.000000
0.000000
0.000000
0.000000
0.000000
0.000000
0.000000
0.000000
0.000000
0.000000
0.000000
0.000000
0.000000
0.000000
0.000000
0.000000
0.000000
0.000000
0.000000
0.000000
0.000000
0.000000
0.000000
0.000000
0.000000
0.000000
0.000000
0.000000
0.000000
0.000000
0.000000
0.000000
0.000000
0.000000
0.000000
0.000000
0.000000
0.000000
0.000000
0.000000
0.000000
0.000000
0.000000
0.000000
0.000000
0.000000
0.000000
0.000000
0.000000
0.000000
0.000000
0.000000
0.000000
0.000000
0.000000
0.000000
0.000000
0.000000
0.000000
0.000000
0.000000
0.000000
0.000000
0.000000
0.000000
0.000000
0.000000
0.000000
0.000000
0.000000
0.000000
0.000000
0.000000
0.000000
0.000000
0.000000
0.000000
0.000000
0.000000
0.000000
0.000000
0.000000
0.000000
0.000000
0.000000
0.000000
0.000000
0.000000
0.000000
0.000000
0.000000
0.000000
0.000000
0.000554
0.000185
0.000000
0.000000
0.000000
0.000258
-0.000218
-0.000073
0.000000
0.000000
-0.002274
0.025847
-0.000194
0.000000
0.000000
0.000000
0.000000
-0.000331
0.000000
0.000000
0.000000
-0.071007
-0.000206
0.000000
0.000000
0.001681
-0.000528
-0.000071
0.000000
0.000000
-0.000376
-0.000193
-0.000189
0.000000
0.000000
-0.000541
-0.000209
0.000000
0.000000
0.000000
-0.000332
0.000000
-0.009319
0.000000
0.000000
-0.053007
-0.020038
0.000000
0.000000
0.000000
-0.000049
0.000000
-0.000041
0.000000
0.000000
-0.197198
-0.261813
-0.005633
0.000000
0.000000
-0.005993
-0.000260
-0.000025
0.000000
0.000000
-0.000088
-0.000113
-0.000205
0.000000
0.000000
-0.001393
0.021934
-0.000092
0.000000
0.000000
-0.000454
0.000000
-0.000420
0.000000
0.000000
-0.087136
0.000000
-0.000465
0.000000
0.000000
-0.001110
-0.001676
0.000000
0.000000
0.000000
-0.000106
0.000063
-0.000480
0.000000
0.000000
-0.001040
-0.001791
-0.000002
0.000000
0.000000
-0.000152
-0.000044
-0.011844
0.000000
0.000000
-0.021701
0.000646
-0.000046
0.000000
0.000000
-0.001124
0.000000
-0.000144
0.000000
0.000000
-0.025485
-0.161969
-0.021316
0.000000
0.000000
-0.001200
-0.000023
0.000000
0.000000
0.000000
-0.000113
0.000000
0.000000
0.000000
0.000000
-0.000087
-0.000293
-0.000004
0.000000
0.000000
0.000000
0.000000
0.000000
0.000000
0.000000
-0.000055
-0.000453
0.000000
0.000000
0.000000
-0.000769
-0.000411
0.000000
0.000000
0.000000
0.000000
-0.000017
0.000000
0.000000
0.000000
-0.000158
-0.000331
0.000000
0.000000
0.000000
0.000000
0.000000
0.000000
0.000000
0.000000
-0.000164
0.000019
0.000000
0.000000
0.000000
-0.000137
-0.000074
0.000000
0.000000
0.000000
0.000000
0.000000
-0.000133
0.000000
0.000000
-0.000000
0.000000
0.000000
0.000000
0.000000
0.000000
0.000000
0.000000
0.000000
0.000000
0.000000
0.000000
0.000000
0.000000
0.000000
0.000000
0.000000
0.000000
0.000000
0.000000
0.000000
0.000000
0.000000
0.000000
0.000000
0.000000
0.000000
0.000000
0.000000
0.000000
0.000000
0.000000
0.000000
0.000000
0.000000
0.000000
0.000000
0.000000
0.000000
0.000000
0.000000
0.000000
0.000000
0.000000
0.000000
0.000000
0.000000
0.000000
0.000000
0.000000
0.000000
0.000000
0.000000
0.000000
0.000000
0.000000
0.000000
0.000000
0.000000
0.000000
-0.000000
-0.000000
0.000000
0.000000
0.000000
0.000000
0.000000
0.000000
0.000000
0.000000
0.000000
0.000000
0.000000
0.000000
0.000000
0.000000
0.000000
0.000000
0.000000
0.000000
0.000000
0.000000
0.000000
0.000000
0.000000
0.000000
0.000000
0.000000
0.000000
0.000000
0.000000
0.000000
0.000000
0.000000
0.000000
0.000000
0.000000
0.000000
0.000000
0.000000
0.000000
0.000000
0.000000
0.000000
0.000000
0.000000
0.000000
0.000000
0.000000
0.000000
0.000000
0.000000
0.000000
0.000000
0.000000
0.000000
0.000000
0.000000
0.000000
0.000000
0.082267
0.000352
-0.000523
0.000000
0.000000
-0.000020
0.000000
0.000000
0.000000
0.000000
-0.002200
0.010836
-0.000067
0.000000
0.000000
-0.000088
-0.000016
-0.000329
0.000000
0.000000
-0.000685
-0.006495
-0.000516
0.000000
0.000000
0.000000
-0.003518
0.000000
0.000000
0.000000
-0.000027
-0.000010
-0.000017
0.000000
0.000000
-0.008626
-0.003667
-0.000078
0.000000
0.000000
0.000906
0.000000
-0.000045
0.000000
0.000000
-0.000930
0.048936
0.000094
0.000000
0.000000
-0.002625
-0.000281
0.000000
0.000000
0.000000
0.000000
-0.002275
-0.001320
0.000000
0.000000
-0.007557
-0.000665
0.000000
0.000000
0.000000
-0.000009
0.000000
-0.000028
0.000000
0.000000
-0.000265
-0.002303
-0.000262
0.000000
0.000000
-0.000187
-0.000025
0.000000
0.000000
0.000000
-0.000161
-0.001764
-0.000192
0.000000
0.000000
-0.007621
0.000000
0.000092
0.000000
0.000000
-0.000275
-0.000025
0.000000
0.000000
0.000000
-0.001748
-0.000129
-0.000010
0.000000
0.000000
-0.000343
0.000000
-0.000110
0.000000
0.000000
-0.000547
-0.001938
-0.000042
0.000000
0.000000
-0.000290
0.000056
0.000000
0.000000
0.000000
0.000001
-0.000144
-0.000233
0.000000
0.000000
-0.000000
0.000000
0.000000
0.000000
0.000000
0.000009
0.000000
0.000000
0.000000
0.000000
0.000000
0.000000
0.000000
0.000000
0.000000
0.000000
0.000000
0.000000
0.000000
0.000000
-0.000071
0.000000
0.000000
0.000000
0.000000
0.000000
0.000000
0.000000
0.000000
0.000000
0.000000
-0.000086
0.000000
0.000000
0.000000
0.000000
-0.000011
0.000000
0.000000
0.000000
0.000000
0.000000
0.000000
0.000000
0.000000
0.000000
0.000000
0.000000
0.000000
0.000000
0.000000
0.000000
0.000000
0.000000
0.000000
-0.000009
0.000000
0.000000
0.000000
0.000000
-0.000000
0.000000
0.000000
0.000000
0.000000
0.000000
0.000000
0.000000
0.000000
0.000000
0.000000
0.000000
0.000000
0.000000
0.000000
0.000000
0.000000
0.000000
0.000000
0.000000
0.000000
0.000000
0.000000
0.000000
0.000000
0.000000
0.000000
0.000000
0.000000
0.000000
0.000000
0.000000
0.000000
0.000000
0.000000
0.000000
0.000000
0.000000
0.000000
0.000000
0.000000
0.000000
0.000000
0.000000
0.000000
0.000000
0.000000
0.000000
0.000000
0.000000
0.000000
0.000000
0.000000
0.000000
0.000000
0.000000
0.000000
0.000000
0.000000
0.000000
0.000000
0.000000
0.000000
0.000000
0.000000
0.000000
0.000000
0.000000
0.000000
0.000000
0.000000
0.000000
0.000000
0.000000
0.000000
0.000000
0.000000
0.000000
0.000000
0.000000
0.000000
0.000000
0.000000
0.000000
0.000000
0.000000
0.000000
0.000000
0.000000
0.000000
0.000000
0.000000
0.000000
0.000000
0.000000
0.000000
0.000000
0.000000
0.000000
0.000000
0.000000
0.000000
0.000000
0.000000
0.000000
0.000000
0.000000
0.000000
0.000000
0.000000
0.000000
0.000000
0.000000
0.000000
0.000000
0.000000
0.000000
0.000000
0.000000
0.000000
-0.000027
0.000003
0.000000
0.000000
0.000000
0.000000
-0.000096
0.000000
0.000000
0.000000
-0.000046
-0.000290
0.000000
0.000000
0.000000
0.000000
0.000000
-0.000025
0.000000
0.000000
-0.000105
-0.000039
0.000000
0.000000
0.000000
-0.000402
-0.000270
0.000000
0.000000
0.000000
0.000000
-0.000037
0.000000
0.000000
0.000000
-0.000026
0.000000
0.000000
0.000000
0.000000
0.000000
0.000000
-0.000015
0.000000
0.000000
-0.000190
-0.000355
0.000000
0.000000
0.000000
0.000000
0.000000
0.000000
0.000000
0.000000
-0.000108
0.000000
-0.000022
0.000000
0.000000
-0.000049
-0.000022
0.000000
0.000000
0.000000
0.000065
0.000012
-0.000288
0.000000
0.000000
-0.000262
-0.000043
0.000000
0.000000
0.000000
0.000000
0.000000
-0.000057
0.000000
0.000000
-0.000325
-0.000500
-0.000025
0.000000
0.000000
0.000000
-0.000025
0.000000
0.000000
0.000000
0.000000
0.000000
-0.000017
0.000000
0.000000
-0.000096
0.000000
0.000000
0.000000
0.000000
-0.000603
0.000078
-0.000070
0.000000
0.000000
0.000020
-0.000939
0.000000
0.000000
0.000000
0.000000
0.000000
0.000000
0.000000
0.000000
-0.000184
0.000062
-0.000010
0.000000
0.000000
-0.000173
0.000215
0.000000
0.000000
0.000000
0.000000
0.000000
0.000000
0.000000
0.000000
-0.000566
-0.000160
-0.000007
0.000000
0.000000
0.000000
0.000000
-0.000011
0.000000
0.000000
-0.000205
-0.000715
0.000000
0.000000
0.000000
0.000000
0.000000
0.000000
0.000000
0.000000
0.000000
-0.000017
0.000000
0.000000
0.000000
-0.000078
-0.000807
0.000000
0.000000
0.000000
0.000000
0.000000
-0.000123
0.000000
0.000000
-0.000099
0.000021
0.000000
0.000000
0.000000
-0.000029
0.000000
0.000000
0.000000
0.000000
-0.000141
-0.000407
0.000004
0.000000
0.000000
-0.000000
0.000000
0.000000
0.000000
0.000000
0.000000
0.000000
0.000000
0.000000
0.000000
0.000000
0.000000
0.000000
0.000000
0.000000
0.000000
0.000000
0.000000
0.000000
0.000000
0.000000
0.000000
0.000000
0.000000
0.000000
0.000000
0.000000
0.000000
0.000000
0.000000
0.000000
0.000000
0.000000
0.000000
0.000000
0.000000
0.000000
0.000000
0.000000
0.000000
0.000000
0.000000
0.000000
0.000000
0.000000
0.000000
0.000000
0.000000
0.000000
0.000000
0.000000
0.000000
0.000000
0.000000
0.000000
0.000000
0.000000
0.000000
0.000000
0.000000
0.000000
-0.000000
0.000000
0.000000
0.000000
0.000000
0.000000
0.000000
0.000000
0.000000
0.000000
0.000000
0.000000
0.000000
0.000000
0.000000
0.000000
0.000000
0.000000
0.000000
0.000000
0.000000
0.000000
0.000000
0.000000
0.000000
0.000000
0.000000
0.000000
0.000000
0.000000
0.000000
0.000000
0.000000
0.000000
0.000000
0.000000
0.000000
0.000000
0.000000
0.000000
0.000000
0.000000
0.000000
0.000000
0.000000
0.000000
0.000000
0.000000
0.000000
0.000000
0.000000
0.000000
0.000000
0.000000
0.000000
0.000000
0.000000
0.000000
0.000000
0.091550
0.001942
0.000000
0.000000
0.000000
-0.000269
-0.000502
0.000029
0.000000
0.000000
-0.004326
0.076577
-0.000494
0.000000
0.000000
-0.000159
-0.000010
0.000000
0.000000
0.000000
-0.001532
-0.005721
-0.000289
0.000000
0.000000
0.009092
-0.001690
-0.000011
0.000000
0.000000
-0.000005
-0.000011
-0.000696
0.000000
0.000000
0.000000
-0.014851
-0.000358
0.000000
0.000000
-0.000008
0.000000
0.000151
0.000000
0.000000
-0.000775
0.025639
-0.000418
0.000000
0.000000
-0.000410
0.000000
0.000000
0.000000
0.000000
-0.000488
-0.001140
-0.005883
0.000000
0.000000
-0.011685
-0.001692
0.000000
0.000000
0.000000
-0.000043
0.000000
-0.000152
0.000000
0.000000
-0.000888
-0.003108
-0.000131
0.000000
0.000000
-0.000136
-0.000010
0.000000
0.000000
0.000000
0.000203
-0.003255
-0.000551
0.000000
0.000000
-0.001314
-0.000346
0.000000
0.000000
0.000000
0.000000
0.000000
-0.000073
0.000000
0.000000
-0.017911
0.000000
-0.000183
0.000000
0.000000
-0.000183
-0.001063
0.000000
0.000000
0.000000
-0.000538
0.000590
-0.000389
0.000000
0.000000
-0.000799
-0.000030
0.000000
0.000000
0.000000
0.000091
-0.000138
-0.000918
0.000000
0.000000
-0.000195
0.000141
0.000000
0.000000
0.000000
0.000000
0.000000
-0.000007
0.000000
0.000000
-0.000055
-0.000307
0.000000
0.000000
0.000000
0.000000
0.000000
0.000000
0.000000
0.000000
0.000000
0.000000
-0.000074
0.000000
0.000000
-0.000002
0.000100
0.000000
0.000000
0.000000
0.000000
0.000000
0.000000
0.000000
0.000000
-0.000091
-0.000422
0.000000
0.000000
0.000000
0.000000
0.000004
0.000000
0.000000
0.000000
-0.000102
0.000000
0.000000
0.000000
0.000000
0.000000
-0.000081
0.000000
0.000000
0.000000
0.000000
0.000000
0.000000
0.000000
0.000000
0.000000
-0.000000
0.000000
0.000000
0.000000
0.000000
0.000000
0.000000
0.000000
0.000000
0.000000
0.000000
0.000000
0.000000
0.000000
0.000000
0.000000
0.000000
0.000000
0.000000
0.000000
0.000000
0.000000
0.000000
0.000000
0.000000
0.000000
0.000000
0.000000
0.000000
0.000000
0.000000
0.000000
0.000000
0.000000
0.000000
0.000000
0.000000
0.000000
0.000000
0.000000
0.000000
0.000000
0.000000
0.000000
0.000000
0.000000
0.000000
0.000000
0.000000
0.000000
0.000000
0.000000
0.000000
0.000000
0.000000
0.000000
0.000000
0.000000
0.000000
0.000000
-0.000000
0.000000
0.000000
0.000000
0.000000
0.000000
0.000000
0.000000
0.000000
0.000000
0.000000
0.000000
0.000000
0.000000
0.000000
0.000000
0.000000
0.000000
0.000000
0.000000
0.000000
0.000000
0.000000
0.000000
0.000000
0.000000
0.000000
0.000000
0.000000
0.000000
0.000000
0.000000
0.000000
0.000000
0.000000
0.000000
0.000000
0.000000
0.000000
0.000000
0.000000
0.000000
0.000000
0.000000
0.000000
0.000000
0.000000
0.000000
0.000000
0.000000
0.000000
0.000000
0.000000
0.000000
0.000000
0.000000
0.000000
0.000000
0.000000
-0.000235
-0.000101
-0.000238
0.000000
0.000000
-0.000189
-0.000394
0.000000
0.000000
0.000000
-0.000359
0.001191
0.000144
0.000000
0.000000
-0.000056
0.000000
0.000000
0.000000
0.000000
-0.000384
-0.000029
-0.000008
0.000000
0.000000
-0.000143
-0.000003
0.000000
0.000000
0.000000
0.000000
0.000000
0.000000
0.000000
0.000000
-0.000315
-0.000152
0.000000
0.000000
0.000000
0.000000
-0.000018
-0.000030
0.000000
0.000000
-0.000230
0.000581
-0.000001
0.000000
0.000000
-0.000070
0.000000
0.000000
0.000000
0.000000
0.000000
0.000083
-0.000129
0.000000
0.000000
-0.000220
-0.000000
0.000000
0.000000
0.000000
0.000000
0.000078
0.000000
0.000000
0.000000
0.000000
0.000000
0.000000
0.000000
0.000000
0.000000
0.000000
0.000000
0.000000
0.000000
0.000000
-0.000630
0.000000
0.000000
0.000000
0.000000
-0.000226
0.000000
0.000000
0.000000
0.000000
-0.000096
0.000004
0.000000
0.000000
0.000000
-0.000222
0.000000
0.000000
0.000000
-0.000016
0.000000
0.000000
0.000000
0.000000
0.000005
0.000000
0.000000
0.000000
0.000000
0.000000
0.000191
0.000000
0.000000
0.000000
-0.000096
0.000006
0.000000
0.000000
0.000000
-0.000019
0.000000
0.000000
0.000000
0.000000
-0.000050
-0.000252
0.000000
0.000000
0.000000
-0.000882
0.001051
-0.000070
0.000000
0.000000
0.000000
0.000000
-0.000468
0.000000
0.000000
-0.009524
-0.004378
0.000191
0.000000
0.000000
-0.000737
-0.000153
0.000000
0.000000
0.000000
-0.000015
0.000046
0.000000
0.000000
0.000000
-0.000014
-0.000027
0.000000
0.000000
0.000000
-0.000179
-0.000000
0.000000
0.000000
0.000000
-0.006073
-0.012052
0.000000
0.000000
0.000000
0.000000
0.000000
0.000000
0.000000
0.000000
-0.003911
-0.007571
-0.004049
0.000000
0.000000
0.000000
0.000000
0.000000
0.000000
0.000000
0.000000
0.000000
0.000000
0.000000
0.000000
0.000000
0.000000
0.000000
0.000000
0.000000
0.000000
0.000000
0.000000
0.000000
0.000000
0.000000
0.000000
0.000000
0.000000
0.000000
0.000000
0.000000
0.000000
0.000000
0.000000
0.000000
0.000000
0.000000
0.000000
0.000000
0.000000
0.000000
0.000000
0.000000
0.000000
0.000000
0.000000
0.000000
0.000000
0.000000
0.000000
0.000000
0.000000
0.000000
0.000000
0.000000
0.000000
0.000000
0.000000
0.000000
0.000000
0.000000
0.000000
0.000000
0.000000
-0.000000
0.000000
0.000000
0.000000
0.000000
0.000000
0.000000
0.000000
0.000000
0.000000
0.000000
0.000000
0.000000
0.000000
0.000000
0.000000
0.000000
0.000000
0.000000
0.000000
0.000000
0.000000
0.000000
0.000000
0.000000
0.000000
0.000000
0.000000
0.000000
0.000000
0.000000
0.000000
0.000000
0.000000
0.000000
0.000000
0.000000
0.000000
0.000000
0.000000
0.000000
0.000000
0.000000
0.000000
0.000000
0.000000
0.000000
0.000000
0.000000
0.000000
0.000000
0.000000
0.000000
0.000000
0.000000
0.000000
0.000000
0.000000
0.000000
0.000000
-0.003212
-0.000133
0.000000
0.000000
0.000000
-0.000143
-0.000106
-0.000281
0.000000
0.000000
-0.001538
0.009803
0.000000
0.000000
0.000000
-0.000046
0.000000
-0.000050
0.000000
0.000000
-0.014417
-0.005207
-0.000071
0.000000
0.000000
-0.000479
-0.000081
0.000000
0.000000
0.000000
-0.000102
-0.000644
-0.000052
0.000000
0.000000
-0.001161
-0.002007
0.000000
0.000000
0.000000
-0.000040
0.000005
-0.003970
0.000000
0.000000
0.000000
-0.050003
-0.000008
0.000000
0.000000
0.000025
0.000000
0.000000
0.000000
0.000000
-0.000978
-0.005677
-0.001485
0.000000
0.000000
0.041815
0.000982
0.000015
0.000000
0.000000
0.000034
-0.000064
-0.000004
0.000000
0.000000
0.003030
0.482691
-0.000124
0.000000
0.000000
-0.001051
0.000000
-0.000694
0.000000
0.000000
0.013151
0.028460
0.000104
0.000000
0.000000
0.024764
-0.000051
0.000000
0.000000
0.000000
-0.000545
-0.001721
-0.000544
0.000000
0.000000
0.051457
0.000420
0.000097
0.000000
0.000000
0.000408
0.000000
-0.011962
0.000000
0.000000
-0.056903
0.000000
-0.000892
0.000000
0.000000
-0.000532
-0.000010
-0.000007
0.000000
0.000000
-0.000723
-0.005653
0.005075
0.000000
0.000000
0.000002
-0.000772
0.000000
0.000000
0.000000
0.000000
0.000000
0.000000
0.000000
0.000000
0.000017
-0.000175
0.000000
0.000000
0.000000
0.000000
0.000000
0.000000
0.000000
0.000000
0.000000
-0.000942
0.000000
0.000000
0.000000
0.000063
0.000000
0.000000
0.000000
0.000000
0.000005
0.000000
0.000000
0.000000
0.000000
-0.000077
-0.000097
0.000000
0.000000
0.000000
0.000000
0.000000
0.000000
0.000000
0.000000
0.000000
-0.001061
0.000000
0.000000
0.000000
-0.000030
0.000000
0.000000
0.000000
0.000000
0.000000
0.000000
0.000028
0.000000
0.000000
-0.000000
0.000000
0.000000
0.000000
0.000000
0.000000
0.000000
0.000000
0.000000
0.000000
0.000000
0.000000
0.000000
0.000000
0.000000
0.000000
0.000000
0.000000
0.000000
0.000000
0.000000
0.000000
0.000000
0.000000
0.000000
0.000000
0.000000
0.000000
0.000000
0.000000
0.000000
0.000000
0.000000
0.000000
0.000000
0.000000
0.000000
0.000000
0.000000
0.000000
0.000000
0.000000
0.000000
0.000000
0.000000
0.000000
0.000000
0.000000
0.000000
0.000000
0.000000
0.000000
0.000000
0.000000
0.000000
0.000000
0.000000
0.000000
0.000000
0.000000
-0.000000
0.000000
0.000000
0.000000
0.000000
0.000000
0.000000
0.000000
0.000000
0.000000
0.000000
0.000000
0.000000
0.000000
0.000000
0.000000
0.000000
0.000000
0.000000
0.000000
0.000000
0.000000
0.000000
0.000000
0.000000
0.000000
0.000000
0.000000
0.000000
0.000000
0.000000
0.000000
0.000000
0.000000
0.000000
0.000000
0.000000
0.000000
0.000000
0.000000
0.000000
0.000000
0.000000
0.000000
0.000000
0.000000
0.000000
0.000000
0.000000
0.000000
0.000000
0.000000
0.000000
0.000000
0.000000
0.000000
0.000000
0.000000
0.000000
0.000000
-0.001481
-0.000292
0.000000
0.000000
0.000000
0.000000
0.000000
0.000000
0.000000
0.000000
0.000008
-0.000377
-0.000040
0.000000
0.000000
-0.000157
-0.000078
0.000000
0.000000
0.000000
-0.000006
-0.001776
-0.000270
0.000000
0.000000
-0.000885
-0.000677
0.000000
0.000000
0.000000
-0.000044
0.000000
0.000000
0.000000
0.000000
-0.000084
-0.001666
0.000000
0.000000
0.000000
0.000007
0.000000
0.000000
0.000000
0.000000
-0.000173
-0.000210
0.000000
0.000000
0.000000
0.000000
-0.000149
0.000000
0.000000
0.000000
0.000000
-0.000140
-0.000642
0.000000
0.000000
-0.000204
-0.000003
0.000000
0.000000
0.000000
0.000000
0.000000
0.000000
0.000000
0.000000
0.000000
-0.000012
0.000000
0.000000
0.000000
-0.000067
0.000000
0.000000
0.000000
0.000000
0.000000
0.000000
-0.000082
0.000000
0.000000
-0.000149
-0.000021
0.000000
0.000000
0.000000
0.000000
0.000000
0.000000
0.000000
0.000000
-0.000087
0.000030
-0.000074
0.000000
0.000000
-0.000010
0.000000
0.000000
0.000000
0.000000
0.000000
0.000191
0.000000
0.000000
0.000000
-0.000118
0.000000
0.000000
0.000000
0.000000
0.000000
0.000000
0.000000
0.000000
0.000000
0.000000
0.000000
0.000000
0.000000
0.000000
0.000000
-0.000070
0.000000
0.000000
0.000000
0.000000
0.000065
0.000000
0.000000
0.000000
0.000000
0.000000
0.000000
0.000000
0.000000
-0.000213
-0.000133
0.000000
0.000000
0.000000
-0.000010
0.000000
0.000000
0.000000
0.000000
-0.000020
0.000000
0.000000
0.000000
0.000000
0.000000
0.000000
0.000000
0.000000
0.000000
0.000000
0.000000
-0.000073
0.000000
0.000000
0.000000
0.000000
0.000000
0.000000
0.000000
0.000000
0.000000
0.000000
0.000000
0.000000
-0.000353
0.000000
0.000000
0.000000
0.000000
0.000000
0.000000
0.000000
0.000000
0.000000
0.000000
0.000000
0.000000
0.000000
0.000000
0.000000
0.000000
0.000000
0.000000
0.000000
0.000000
0.000000
0.000000
0.000000
0.000000
0.000000
0.000000
0.000000
0.000000
0.000000
0.000000
0.000000
0.000000
0.000000
0.000000
0.000000
0.000000
0.000000
0.000000
0.000000
0.000000
0.000000
0.000000
0.000000
0.000000
0.000000
0.000000
0.000000
0.000000
0.000000
0.000000
0.000000
0.000000
0.000000
0.000000
0.000000
0.000000
0.000000
0.000000
0.000000
0.000000
0.000000
0.000000
0.000000
0.000000
0.000000
0.000000
0.000000
0.000000
0.000000
0.000000
0.000000
0.000000
0.000000
0.000000
0.000000
0.000000
0.000000
0.000000
0.000000
0.000000
0.000000
0.000000
0.000000
0.000000
0.000000
0.000000
0.000000
0.000000
0.000000
0.000000
0.000000
0.000000
0.000000
0.000000
0.000000
0.000000
0.000000
0.000000
0.000000
0.000000
0.000000
0.000000
0.000000
0.000000
0.000000
0.000000
0.000000
0.000000
0.000000
0.000000
0.000000
0.000000
0.000000
0.000000
0.000000
0.000000
0.000000
0.000000
0.000000
0.000000
0.000000
0.000000
0.000000
0.000000
-0.000268
0.000067
0.000000
0.000000
0.000000
-0.000009
-0.000092
-0.000023
0.000000
0.000000
-0.000382
-0.000037
-0.000006
0.000000
0.000000
0.000000
0.000000
-0.000668
0.000000
0.000000
-0.175430
-0.037334
-0.000023
0.000000
0.000000
-0.000260
-0.000101
0.000000
0.000000
0.000000
-0.000108
-0.000227
-0.000389
0.000000
0.000000
-0.000440
0.000000
0.000000
0.000000
0.000000
0.000000
-0.000056
-0.002397
0.000000
0.000000
-0.003803
-0.002183
0.000004
0.000000
0.000000
0.000000
0.000000
-0.000050
0.000000
0.000000
0.000000
-0.004262
-0.000710
0.000000
0.000000
-0.002184
-0.001789
-0.000383
0.000000
0.000000
-0.000043
-0.000507
-0.000066
0.000000
0.000000
-0.002722
0.002122
0.000000
0.000000
0.000000
0.000000
0.000000
0.000000
0.000000
0.000000
-0.259308
-0.130694
-0.000012
0.000000
0.000000
0.000046
0.000000
0.000000
0.000000
0.000000
-0.000061
-0.000023
-0.000368
0.000000
0.000000
-0.002542
-0.000195
-0.000055
0.000000
0.000000
-0.000005
0.000000
-0.020346
0.000000
0.000000
-0.005650
-0.010901
-0.000008
0.000000
0.000000
-0.000022
0.000000
-0.000073
0.000000
0.000000
-0.001361
0.000000
-0.004308
0.000000
0.000000
-0.027026
-0.002833
0.000000
0.000000
0.000000
0.000000
-0.000070
-0.000740
0.000000
0.000000
0.000004
0.001645
-0.000237
0.000000
0.000000
0.000000
0.000000
0.000000
0.000000
0.000000
-0.016095
-0.019830
0.000055
0.000000
0.000000
-0.000834
-0.000775
-0.000061
0.000000
0.000000
-0.000198
-0.000022
-0.000598
0.000000
0.000000
-0.005312
-0.001022
-0.000101
0.000000
0.000000
-0.000108
0.000000
-0.005170
0.000000
0.000000
-0.001157
0.006571
0.000038
0.000000
0.000000
0.000000
0.000000
-0.000353
0.000000
0.000000
-0.000364
-0.006795
0.000000
0.000000
0.000000
-0.000000
0.000000
0.000000
0.000000
0.000000
0.000000
0.000000
0.000000
0.000000
0.000000
0.000000
0.000000
0.000000
0.000000
0.000000
0.000000
0.000000
0.000000
0.000000
0.000000
0.000000
0.000000
0.000000
0.000000
0.000000
0.000000
0.000000
0.000000
0.000000
0.000000
0.000000
0.000000
0.000000
0.000000
0.000000
0.000000
0.000000
0.000000
0.000000
0.000000
0.000000
0.000000
0.000000
0.000000
0.000000
0.000000
0.000000
0.000000
0.000000
0.000000
0.000000
0.000000
0.000000
0.000000
0.000000
0.000000
0.000000
0.000000
0.000000
0.000000
0.000000
0.000000
0.000000
0.000000
0.000000
0.000000
0.000000
0.000000
0.000000
0.000000
0.000000
0.000000
0.000000
0.000000
0.000000
0.000000
0.000000
0.000000
0.000000
0.000000
0.000000
0.000000
0.000000
0.000000
0.000000
0.000000
0.000000
0.000000
0.000000
0.000000
0.000000
0.000000
0.000000
0.000000
0.000000
0.000000
0.000000
0.000000
0.000000
0.000000
0.000000
0.000000
0.000000
0.000000
0.000000
0.000000
0.000000
0.000000
0.000000
0.000000
0.000000
0.000000
0.000000
0.000000
0.000000
0.000000
0.000000
0.000000
0.000000
0.000000
60
-0.063597
0.003431
0.000000
0.000000
0.000000
0.000000
0.000182
-0.000010
0.000000
0.000000
0.001203
0.003066
-0.000090
0.000000
0.000000
0.000008
0.000000
0.000000
0.000000
0.000000
-0.028534
-0.008488
-0.000073
0.000000
0.000000
-0.000863
-0.000292
0.000000
0.000000
0.000000
0.000000
-0.000182
0.000427
0.000000
0.000000
-0.003708
-0.000630
0.000000
0.000000
0.000000
0.000001
0.000000
-0.000857
0.000000
0.000000
-0.000751
0.012946
0.000000
0.000000
0.000000
-0.000023
0.000000
0.000000
0.000000
0.000000
-0.000718
-0.001883
-0.001075
0.000000
0.000000
