0.011207
60
-0.002971
-0.000933
0.000000
0.000000
0.000000
0.000000
-0.000018
0.000000
0.000000
0.000000
-0.000037
-0.001135
0.000000
0.000000
0.000000
-0.000034
0.000000
-0.000010
0.000000
0.000000
-0.003638
0.000022
0.000000
0.000000
0.000000
-0.003658
-0.000032
0.000000
0.000000
0.000000
-0.000011
0.000000
-0.000010
0.000000
0.000000
0.013276
0.000682
-0.000012
0.000000
0.000000
-0.000177
0.000000
-0.000540
0.000000
0.000000
-0.000170
-0.003924
0.000000
0.000000
0.000000
-0.000756
-0.000008
0.000000
0.000000
0.000000
-0.000731
-0.001341
-0.000500
0.000000
0.000000
60 60
0.000000
-0.269822
0.000000
0.000000
0.000000
-0.000002
0.000000
0.000063
0.000000
0.000000
0.007366
0.004496
0.000965
0.000000
0.000000
-0.001789
-0.000041
0.000000
0.000000
0.000000
0.001165
0.005356
-0.000073
0.000000
0.000000
-0.404625
-0.001678
0.000000
0.000000
0.000000
-0.000126
0.000000
0.000320
0.000000
0.000000
0.526283
0.011670
0.000193
0.000000
0.000000
-0.000395
0.000000
-0.000037
0.000000
0.000000
0.001685
0.004525
-0.000196
0.000000
0.000000
-0.000957
-0.000037
0.000000
0.000000
0.000000
-0.000225
-0.000133
-0.017725
0.000000
0.000000
-0.272221
-0.000000
0.000000
0.000000
0.000000
-0.000095
-0.000025
0.000000
0.000000
0.000000
-0.000082
0.000657
0.000102
0.000000
0.000000
-0.000087
0.000000
0.000000
0.000000
0.000000
-0.000007
0.000220
0.000021
0.000000
0.000000
-0.006148
-0.001777
0.000000
0.000000
0.000000
-0.000036
0.000000
-0.000123
0.000000
0.000000
0.003685
0.000508
0.000000
0.000000
0.000000
-0.000365
-0.000008
-0.000002
0.000000
0.000000
0.000130
0.000304
0.000012
0.000000
0.000000
-0.000046
0.000041
0.000000
0.000000
0.000000
0.000000
0.000189
-0.005478
0.000000
0.000000
-0.000083
-0.000000
0.000000
0.000000
0.000000
0.000000
0.000000
0.000000
0.000000
0.000000
-0.000052
-0.000387
0.000000
0.000000
0.000000
0.000000
0.000000
0.000000
0.000000
0.000000
0.000000
0.000000
0.000000
0.000000
0.000000
-0.000006
-0.000003
0.000000
0.000000
0.000000
0.000000
0.000000
0.000000
0.000000
0.000000
0.000000
0.000000
0.000000
0.000000
0.000000
-0.000040
0.000000
0.000000
0.000000
0.000000
0.000000
0.000000
0.000000
0.000000
0.000000
0.000000
0.000000
0.000000
0.000000
0.000000
0.000000
0.000000
0.000000
0.000000
0.000000
0.000000
0.000000
0.000000
0.000000
0.000000
0.000000
0.000000
0.000000
0.000000
0.000000
0.000000
0.000000
0.000000
0.000000
0.000000
0.000000
0.000000
0.000000
0.000000
0.000000
0.000000
0.000000
0.000000
0.000000
0.000000
0.000000
0.000000
0.000000
0.000000
0.000000
0.000000
0.000000
0.000000
0.000000
0.000000
0.000000
0.000000
0.000000
0.000000
0.000000
0.000000
0.000000
0.000000
0.000000
0.000000
0.000000
0.000000
0.000000
0.000000
0.000000
0.000000
0.000000
0.000000
0.000000
0.000000
0.000000
0.000000
0.000000
0.000000
0.000000
-0.000000
-0.000000
0.000000
0.000000
0.000000
0.000000
0.000000
0.000000
0.000000
0.000000
0.000000
0.000000
0.000000
0.000000
0.000000
0.000000
0.000000
0.000000
0.000000
0.000000
0.000000
0.000000
0.000000
0.000000
0.000000
0.000000
0.000000
0.000000
0.000000
0.000000
0.000000
0.000000
0.000000
0.000000
0.000000
0.000000
0.000000
0.000000
0.000000
0.000000
0.000000
0.000000
0.000000
0.000000
0.000000
0.000000
0.000000
0.000000
0.000000
0.000000
0.000000
0.000000
0.000000
0.000000
0.000000
0.000000
0.000000
0.000000
0.000000
0.000000
0.000335
-0.000041
0.000000
0.000000
0.000000
0.000000
-0.000093
0.000000
0.000000
0.000000
-0.000018
0.000031
0.000000
0.000000
0.000000
-0.000009
0.000000
0.000000
0.000000
0.000000
0.000000
-0.000133
0.000000
0.000000
0.000000
0.000034
-0.000001
0.000019
0.000000
0.000000
0.000000
-0.000015
0.000000
0.000000
0.000000
-0.000002
0.000019
-0.000018
0.000000
0.000000
-0.000004
0.000000
0.000000
0.000000
0.000000
-0.000030
-0.000030
-0.000025
0.000000
0.000000
-0.000064
0.000000
0.000000
0.000000
0.000000
-0.000007
-0.000068
-0.000315
0.000000
0.000000
0.000000
-0.000000
0.000000
0.000000
0.000000
-0.000040
0.000000
0.000000
0.000000
0.000000
-0.000014
0.000000
0.000000
0.000000
0.000000
0.000000
0.000000
0.000000
0.000000
0.000000
-0.000091
-0.000111
0.000000
0.000000
0.000000
0.000000
0.000000
0.000000
0.000000
0.000000
-0.000015
-0.000095
0.000000
0.000000
0.000000
0.000007
0.000000
0.000000
0.000000
0.000000
-0.000041
0.000000
-0.000008
0.000000
0.000000
0.000075
0.000000
0.000000
0.000000
0.000000
0.000000
0.000000
-0.000018
0.000000
0.000000
-0.000047
0.000020
0.000000
0.000000
0.000000
0.000066
0.000013
0.000000
0.000000
0.000000
0.000000
-0.000020
0.000000
0.000000
0.000000
-0.000228
0.000005
0.000000
0.000000
0.000000
0.000000
0.000000
0.000000
0.000000
0.000000
-0.000214
-0.000001
0.000003
0.000000
0.000000
0.000000
0.000000
0.000000
0.000000
0.000000
0.000000
-0.000001
0.000000
0.000000
0.000000
-0.000113
0.000069
0.000000
0.000000
0.000000
0.000000
0.000000
0.000000
0.000000
0.000000
-0.000086
0.000028
-0.000057
0.000000
0.000000
0.000024
0.000000
0.000000
0.000000
0.000000
-0.000101
0.000041
0.000000
0.000000
0.000000
0.000000
-0.000000
0.000000
0.000000
0.000000
0.000000
0.000000
0.000000
0.000000
0.000000
0.000000
0.000000
0.000000
0.000000
0.000000
0.000000
0.000000
0.000000
0.000000
0.000000
0.000000
0.000000
0.000000
0.000000
0.000000
0.000000
0.000000
0.000000
0.000000
0.000000
0.000000
0.000000
0.000000
0.000000
0.000000
0.000000
0.000000
0.000000
0.000000
0.000000
0.000000
0.000000
0.000000
0.000000
0.000000
0.000000
0.000000
0.000000
0.000000
0.000000
0.000000
0.000000
0.000000
0.000000
0.000000
0.000000
0.000000
0.000000
0.000000
0.000000
0.000000
0.000000
0.000000
0.000000
0.000000
0.000000
0.000000
0.000000
0.000000
0.000000
0.000000
0.000000
0.000000
0.000000
0.000000
0.000000
0.000000
0.000000
0.000000
0.000000
0.000000
0.000000
0.000000
0.000000
0.000000
0.000000
0.000000
0.000000
0.000000
0.000000
0.000000
0.000000
0.000000
0.000000
0.000000
0.000000
0.000000
0.000000
0.000000
0.000000
0.000000
0.000000
0.000000
0.000000
0.000000
0.000000
0.000000
0.000000
0.000000
0.000000
0.000000
0.000000
0.000000
0.000000
0.000000
0.000000
0.000000
0.000000
0.000000
0.000000
0.006070
0.001213
0.000000
0.000000
0.000000
0.000019
-0.000025
-0.000249
0.000000
0.000000
0.000000
0.000521
0.000013
0.000000
0.000000
0.000034
0.000000
0.000001
0.000000
0.000000
-0.000743
0.003809
-0.000055
0.000000
0.000000
-0.002233
0.000169
0.000000
0.000000
0.000000
-0.000047
0.000029
0.000489
0.000000
0.000000
0.013179
0.000645
0.000000
0.000000
0.000000
-0.000013
0.000000
-0.000315
0.000000
0.000000
0.000203
0.004618
-0.000010
0.000000
0.000000
0.000111
0.000000
-0.000019
0.000000
0.000000
0.000027
0.000217
-0.000335
0.000000
0.000000
0.024315
-0.000319
0.000000
0.000000
0.000000
-0.000024
0.000000
0.000047
0.000000
0.000000
-0.001474
0.000000
0.000043
0.000000
0.000000
-0.000173
0.000002
-0.000025
0.000000
0.000000
0.002983
0.008687
-0.000183
0.000000
0.000000
-0.000618
0.000280
0.000000
0.000000
0.000000
-0.000135
0.000087
-0.000018
0.000000
0.000000
0.067554
0.003182
-0.000035
0.000000
0.000000
-0.000277
0.000000
-0.001012
0.000000
0.000000
0.002699
0.026015
-0.000005
0.000000
0.000000
0.000270
0.000001
-0.000003
0.000000
0.000000
0.000470
0.000050
0.001854
0.000000
0.000000
-0.000256
-0.000017
0.000000
0.000000
0.000000
0.000000
0.000000
0.000000
0.000000
0.000000
-0.000045
0.000805
0.000000
0.000000
0.000000
0.000031
0.000000
0.000000
0.000000
0.000000
0.000015
0.000048
0.000130
0.000000
0.000000
-0.000235
0.000139
0.000000
0.000000
0.000000
0.000000
0.000000
0.000000
0.000000
0.000000
0.000506
-0.000019
0.000000
0.000000
0.000000
-0.000250
0.000000
0.000004
0.000000
0.000000
-0.000109
0.000440
0.000052
0.000000
0.000000
-0.000089
0.000000
0.000000
0.000000
0.000000
0.000038
-0.000018
-0.000042
0.000000
0.000000
-0.000000
0.000000
0.000000
0.000000
0.000000
0.000000
0.000000
0.000000
0.000000
0.000000
0.000000
0.000000
0.000000
0.000000
0.000000
0.000000
0.000000
0.000000
0.000000
0.000000
0.000000
0.000000
0.000000
0.000000
0.000000
0.000000
0.000000
0.000000
0.000000
0.000000
0.000000
0.000000
0.000000
0.000000
0.000000
0.000000
0.000000
0.000000
0.000000
0.000000
0.000000
0.000000
0.000000
0.000000
0.000000
0.000000
0.000000
0.000000
0.000000
0.000000
0.000000
0.000000
0.000000
0.000000
0.000000
0.000000
0.000000
0.000000
0.000000
0.000000
-0.000000
0.000000
0.000000
0.000000
0.000000
0.000000
0.000000
0.000000
0.000000
0.000000
0.000000
0.000000
0.000000
0.000000
0.000000
0.000000
0.000000
0.000000
0.000000
0.000000
0.000000
0.000000
0.000000
0.000000
0.000000
0.000000
0.000000
0.000000
0.000000
0.000000
0.000000
0.000000
0.000000
0.000000
0.000000
0.000000
0.000000
0.000000
0.000000
0.000000
0.000000
0.000000
0.000000
0.000000
0.000000
0.000000
0.000000
0.000000
0.000000
0.000000
0.000000
0.000000
0.000000
0.000000
0.000000
0.000000
0.000000
0.000000
0.000000
0.000000
0.000231
-0.000695
0.000000
0.000000
0.000000
-0.000004
0.000000
0.000000
0.000000
0.000000
0.000027
0.000029
-0.000143
0.000000
0.000000
0.000000
-0.000017
0.000000
0.000000
0.000000
-0.000000
-0.000039
-0.000023
0.000000
0.000000
-0.000792
-0.000307
0.000000
0.000000
0.000000
0.000000
0.000000
0.000000
0.000000
0.000000
0.000022
-0.000034
0.000000
0.000000
0.000000
0.000016
0.000000
0.000000
0.000000
0.000000
0.000020
-0.000113
0.000022
0.000000
0.000000
0.000084
-0.000040
0.000000
0.000000
0.000000
-0.000005
0.000004
0.000000
0.000000
0.000000
0.000000
-0.000003
0.000000
0.000000
0.000000
-0.000002
0.000000
0.000000
0.000000
0.000000
0.000002
0.000000
0.000000
0.000000
0.000000
-0.000083
0.000000
0.000000
0.000000
0.000000
0.000000
0.000000
0.000000
0.000000
0.000000
0.000000
0.000000
0.000000
0.000000
0.000000
0.000000
0.000000
0.000000
0.000000
0.000000
0.000000
-0.000012
0.000000
0.000000
0.000000
-0.000007
0.000000
0.000000
0.000000
0.000000
0.000000
0.000000
0.000000
0.000000
0.000000
0.000000
-0.000002
0.000000
0.000000
0.000000
0.000000
0.000000
0.000000
0.000000
0.000000
-0.000033
0.000000
0.000000
0.000000
0.000000
0.000000
0.000000
0.000000
0.000000
0.000000
0.000000
0.000000
0.000000
0.000000
0.000000
0.000000
0.000000
0.000000
0.000000
0.000000
-0.000132
0.000252
0.000020
0.000000
0.000000
0.000000
0.000000
0.000000
0.000000
0.000000
0.000000
0.000000
-0.000102
0.000000
0.000000
0.000000
0.000000
0.000000
0.000000
0.000000
0.000000
0.000000
0.000000
0.000000
0.000000
-0.000002
0.000042
0.000000
0.000000
0.000000
0.000000
0.000000
0.000000
0.000000
0.000000
-0.000008
-0.000040
-0.000004
0.000000
0.000000
0.000000
-0.000000
0.000000
0.000000
0.000000
0.000000
0.000000
0.000000
0.000000
0.000000
0.000000
0.000000
0.000000
0.000000
0.000000
0.000000
0.000000
0.000000
0.000000
0.000000
0.000000
0.000000
0.000000
0.000000
0.000000
0.000000
0.000000
0.000000
0.000000
0.000000
0.000000
0.000000
0.000000
0.000000
0.000000
0.000000
0.000000
0.000000
0.000000
0.000000
0.000000
0.000000
0.000000
0.000000
0.000000
0.000000
0.000000
0.000000
0.000000
0.000000
0.000000
0.000000
0.000000
0.000000
0.000000
0.000000
0.000000
0.000000
0.000000
0.000000
-0.000000
-0.000000
0.000000
0.000000
0.000000
0.000000
0.000000
0.000000
0.000000
0.000000
0.000000
0.000000
0.000000
0.000000
0.000000
0.000000
0.000000
0.000000
0.000000
0.000000
0.000000
0.000000
0.000000
0.000000
0.000000
0.000000
0.000000
0.000000
0.000000
0.000000
0.000000
0.000000
0.000000
0.000000
0.000000
0.000000
0.000000
0.000000
0.000000
0.000000
0.000000
0.000000
0.000000
0.000000
0.000000
0.000000
0.000000
0.000000
0.000000
0.000000
0.000000
0.000000
0.000000
0.000000
0.000000
0.000000
0.000000
0.000000
0.000000
0.000000
0.002563
0.000001
0.000000
0.000000
0.000000
-0.000113
0.000010
-0.000009
0.000000
0.000000
-0.000570
-0.000952
0.000139
0.000000
0.000000
0.000000
0.000000
-0.000046
0.000000
0.000000
0.000000
-0.007127
-0.000036
0.000000
0.000000
-0.000503
-0.000521
-0.000051
0.000000
0.000000
-0.000081
-0.000229
-0.000045
0.000000
0.000000
0.004720
0.000057
0.000000
0.000000
0.000000
-0.000028
0.000000
-0.001366
0.000000
0.000000
-0.005052
-0.005724
0.000000
0.000000
0.000000
0.000039
0.000000
-0.000024
0.000000
0.000000
-0.018012
-0.021026
0.000113
0.000000
0.000000
0.014898
0.000368
-0.000003
0.000000
0.000000
-0.000014
-0.000012
-0.000210
0.000000
0.000000
0.001578
0.005707
0.000182
0.000000
0.000000
-0.000053
0.000000
0.000173
0.000000
0.000000
-0.009323
0.000000
-0.000169
0.000000
0.000000
-0.006016
-0.000909
0.000000
0.000000
0.000000
0.000025
-0.000044
0.000192
0.000000
0.000000
0.031356
0.002170
-0.000008
0.000000
0.000000
-0.001435
-0.000003
-0.001887
0.000000
0.000000
-0.002251
0.012714
0.000010
0.000000
0.000000
-0.000068
0.000000
-0.000057
0.000000
0.000000
-0.002166
-0.013091
-0.000551
0.000000
0.000000
-0.000320
-0.000016
0.000000
0.000000
0.000000
-0.000012
0.000000
0.000000
0.000000
0.000000
-0.000061
-0.000016
-0.000019
0.000000
0.000000
0.000000
0.000000
0.000000
0.000000
0.000000
-0.000007
0.000061
0.000000
0.000000
0.000000
0.000088
-0.000397
0.000000
0.000000
0.000000
0.000000
0.000005
0.000000
0.000000
0.000000
0.000045
0.000009
0.000000
0.000000
0.000000
0.000000
0.000000
0.000000
0.000000
0.000000
0.000084
-0.000214
0.000000
0.000000
0.000000
0.000029
-0.000051
0.000000
0.000000
0.000000
0.000000
0.000000
0.000005
0.000000
0.000000
0.000000
-0.000000
0.000000
0.000000
0.000000
0.000000
0.000000
0.000000
0.000000
0.000000
0.000000
0.000000
0.000000
0.000000
0.000000
0.000000
0.000000
0.000000
0.000000
0.000000
0.000000
0.000000
0.000000
0.000000
0.000000
0.000000
0.000000
0.000000
0.000000
0.000000
0.000000
0.000000
0.000000
0.000000
0.000000
0.000000
0.000000
0.000000
0.000000
0.000000
0.000000
0.000000
0.000000
0.000000
0.000000
0.000000
0.000000
0.000000
0.000000
0.000000
0.000000
0.000000
0.000000
0.000000
0.000000
0.000000
0.000000
0.000000
0.000000
0.000000
0.000000
0.000000
0.000000
0.000000
0.000000
0.000000
0.000000
0.000000
0.000000
0.000000
0.000000
0.000000
0.000000
0.000000
0.000000
0.000000
0.000000
0.000000
0.000000
0.000000
0.000000
0.000000
0.000000
0.000000
0.000000
0.000000
0.000000
0.000000
0.000000
0.000000
0.000000
0.000000
0.000000
0.000000
0.000000
0.000000
0.000000
0.000000
0.000000
0.000000
0.000000
0.000000
0.000000
0.000000
0.000000
0.000000
0.000000
0.000000
0.000000
0.000000
0.000000
0.000000
0.000000
0.000000
0.000000
0.000000
0.000000
0.000000
0.000000
0.000000
-0.415728
-0.005932
-0.000094
0.000000
0.000000
-0.000055
0.000000
0.000000
0.000000
0.000000
-0.001382
-0.000809
-0.000176
0.000000
0.000000
-0.000073
-0.000034
-0.000033
0.000000
0.000000
-0.000831
-0.001202
-0.000038
0.000000
0.000000
0.000000
-0.002791
0.000000
0.000000
0.000000
-0.000002
0.000021
0.000087
0.000000
0.000000
0.021398
0.002014
0.000042
0.000000
0.000000
-0.000104
0.000000
-0.000013
0.000000
0.000000
-0.000469
-0.007457
-0.000013
0.000000
0.000000
-0.007090
0.000052
0.000000
0.000000
0.000000
0.000000
-0.000625
-0.002169
0.000000
0.000000
-0.000158
-0.000612
0.000000
0.000000
0.000000
0.000006
0.000000
0.000023
0.000000
0.000000
-0.000021
-0.000410
-0.000031
0.000000
0.000000
-0.000357
-0.000003
0.000000
0.000000
0.000000
-0.000059
0.000340
-0.000060
0.000000
0.000000
-0.004700
0.000000
-0.000465
0.000000
0.000000
-0.000336
-0.000003
0.000000
0.000000
0.000000
0.000853
0.000046
-0.000015
0.000000
0.000000
-0.000162
0.000000
-0.000003
0.000000
0.000000
0.000027
0.000061
-0.000004
0.000000
0.000000
-0.000447
-0.000729
0.000000
0.000000
0.000000
0.000039
-0.000026
0.000044
0.000000
0.000000
0.000000
-0.000000
0.000000
0.000000
0.000000
-0.000056
0.000000
0.000000
0.000000
0.000000
0.000000
0.000000
0.000000
0.000000
0.000000
0.000000
0.000000
0.000000
0.000000
0.000000
-0.000051
0.000000
0.000000
0.000000
0.000000
0.000000
0.000000
0.000000
0.000000
0.000000
0.000000
-0.000009
0.000000
0.000000
0.000000
0.000000
0.000036
0.000000
0.000000
0.000000
0.000000
0.000000
0.000000
0.000000
0.000000
0.000000
0.000000
0.000000
0.000000
0.000000
0.000000
0.000000
0.000000
0.000000
0.000000
0.000024
0.000000
0.000000
0.000000
0.000000
0.000000
-0.000000
0.000000
0.000000
0.000000
0.000000
0.000000
0.000000
0.000000
0.000000
0.000000
0.000000
0.000000
0.000000
0.000000
0.000000
0.000000
0.000000
0.000000
0.000000
0.000000
0.000000
0.000000
0.000000
0.000000
0.000000
0.000000
0.000000
0.000000
0.000000
0.000000
0.000000
0.000000
0.000000
0.000000
0.000000
0.000000
0.000000
0.000000
0.000000
0.000000
0.000000
0.000000
0.000000
0.000000
0.000000
0.000000
0.000000
0.000000
0.000000
0.000000
0.000000
0.000000
0.000000
0.000000
0.000000
0.000000
0.000000
0.000000
0.000000
-0.000000
-0.000000
0.000000
0.000000
0.000000
0.000000
0.000000
0.000000
0.000000
0.000000
0.000000
0.000000
0.000000
0.000000
0.000000
0.000000
0.000000
0.000000
0.000000
0.000000
0.000000
0.000000
0.000000
0.000000
0.000000
0.000000
0.000000
0.000000
0.000000
0.000000
0.000000
0.000000
0.000000
0.000000
0.000000
0.000000
0.000000
0.000000
0.000000
0.000000
0.000000
0.000000
0.000000
0.000000
0.000000
0.000000
0.000000
0.000000
0.000000
0.000000
0.000000
0.000000
0.000000
0.000000
0.000000
0.000000
0.000000
0.000000
0.000000
0.000000
-0.000138
-0.000012
0.000000
0.000000
0.000000
0.000000
-0.000015
0.000000
0.000000
0.000000
-0.000006
-0.000135
0.000000
0.000000
0.000000
0.000000
0.000000
-0.000003
0.000000
0.000000
-0.000025
-0.000010
0.000000
0.000000
0.000000
0.000010
-0.000222
0.000000
0.000000
0.000000
0.000000
0.000030
0.000000
0.000000
0.000000
-0.000001
0.000000
0.000000
0.000000
0.000000
0.000000
0.000000
-0.000004
0.000000
0.000000
-0.000046
-0.000185
0.000000
0.000000
0.000000
0.000000
0.000000
0.000000
0.000000
0.000000
-0.000018
0.000000
0.000051
0.000000
0.000000
0.000023
-0.000005
0.000000
0.000000
0.000000
-0.000005
0.000017
-0.000047
0.000000
0.000000
-0.000028
-0.000019
0.000000
0.000000
0.000000
0.000000
0.000000
-0.000008
0.000000
0.000000
-0.000304
0.000115
-0.000003
0.000000
0.000000
0.000000
-0.000003
0.000000
0.000000
0.000000
0.000000
0.000000
0.000005
0.000000
0.000000
-0.000000
0.000000
0.000000
0.000000
0.000000
-0.000092
-0.000004
-0.000016
0.000000
0.000000
-0.000016
-0.000197
0.000000
0.000000
0.000000
0.000000
0.000000
0.000000
0.000000
0.000000
-0.000036
-0.000012
0.000021
0.000000
0.000000
0.000193
0.000450
0.000000
0.000000
0.000000
0.000000
0.000000
0.000000
0.000000
0.000000
-0.000056
-0.000073
0.000015
0.000000
0.000000
0.000000
0.000000
-0.000003
0.000000
0.000000
-0.000026
0.000149
0.000000
0.000000
0.000000
0.000000
0.000000
0.000000
0.000000
0.000000
0.000000
0.000005
0.000000
0.000000
0.000000
0.001161
0.000081
0.000000
0.000000
0.000000
0.000000
0.000000
-0.000022
0.000000
0.000000
-0.000001
0.000017
0.000000
0.000000
0.000000
0.000039
0.000000
0.000000
0.000000
0.000000
0.000001
0.000156
0.000001
0.000000
0.000000
0.000000
0.000000
0.000000
0.000000
0.000000
0.000000
0.000000
0.000000
0.000000
0.000000
0.000000
0.000000
0.000000
0.000000
0.000000
0.000000
0.000000
0.000000
0.000000
0.000000
0.000000
0.000000
0.000000
0.000000
0.000000
0.000000
0.000000
0.000000
0.000000
0.000000
0.000000
0.000000
0.000000
0.000000
0.000000
0.000000
0.000000
0.000000
0.000000
0.000000
0.000000
0.000000
0.000000
0.000000
0.000000
0.000000
0.000000
0.000000
0.000000
0.000000
0.000000
0.000000
0.000000
0.000000
0.000000
0.000000
0.000000
0.000000
0.000000
0.000000
-0.000000
0.000000
0.000000
0.000000
0.000000
0.000000
0.000000
0.000000
0.000000
0.000000
0.000000
0.000000
0.000000
0.000000
0.000000
0.000000
0.000000
0.000000
0.000000
0.000000
0.000000
0.000000
0.000000
0.000000
0.000000
0.000000
0.000000
0.000000
0.000000
0.000000
0.000000
0.000000
0.000000
0.000000
0.000000
0.000000
0.000000
0.000000
0.000000
0.000000
0.000000
0.000000
0.000000
0.000000
0.000000
0.000000
0.000000
0.000000
0.000000
0.000000
0.000000
0.000000
0.000000
0.000000
0.000000
0.000000
0.000000
0.000000
0.000000
0.000000
0.448070
0.001977
0.000000
0.000000
0.000000
0.000014
-0.000107
0.000137
0.000000
0.000000
0.020296
0.120034
0.001085
0.000000
0.000000
0.000670
-0.000002
0.000000
0.000000
0.000000
0.000162
0.023013
-0.000004
0.000000
0.000000
0.055516
0.002360
0.000036
0.000000
0.000000
0.000037
-0.000014
0.000857
0.000000
0.000000
0.000000
0.019406
0.000597
0.000000
0.000000
0.000075
0.000000
-0.000046
0.000000
0.000000
0.000316
0.043142
0.000094
0.000000
0.000000
0.000706
0.000000
0.000000
0.000000
0.000000
-0.000113
0.001289
0.007091
0.000000
0.000000
0.012553
-0.001110
0.000000
0.000000
0.000000
0.000035
0.000000
-0.000028
0.000000
0.000000
0.000539
0.004195
0.000031
0.000000
0.000000
0.000011
-0.000002
0.000000
0.000000
0.000000
0.000139
0.001288
0.000084
0.000000
0.000000
-0.000824
0.000257
0.000000
0.000000
0.000000
0.000000
0.000000
0.000032
0.000000
0.000000
0.024395
0.000000
-0.000034
0.000000
0.000000
-0.000103
-0.000539
0.000000
0.000000
0.000000
0.000003
0.001180
-0.000023
0.000000
0.000000
0.000127
0.000056
0.000000
0.000000
0.000000
0.000036
-0.000029
-0.000172
0.000000
0.000000
0.000083
0.000004
0.000000
0.000000
0.000000
0.000000
0.000000
0.000001
0.000000
0.000000
-0.000007
-0.000036
0.000000
0.000000
0.000000
0.000000
0.000000
0.000000
0.000000
0.000000
0.000000
0.000000
-0.000051
0.000000
0.000000
-0.000008
0.000015
0.000000
0.000000
0.000000
0.000000
0.000000
0.000000
0.000000
0.000000
0.000422
0.000169
0.000000
0.000000
0.000000
0.000000
0.000054
0.000000
0.000000
0.000000
0.000037
0.000000
0.000000
0.000000
0.000000
0.000000
-0.000059
0.000000
0.000000
0.000000
0.000000
0.000000
0.000000
0.000000
0.000000
-0.000000
0.000000
0.000000
0.000000
0.000000
0.000000
0.000000
0.000000
0.000000
0.000000
0.000000
0.000000
0.000000
0.000000
0.000000
0.000000
0.000000
0.000000
0.000000
0.000000
0.000000
0.000000
0.000000
0.000000
0.000000
0.000000
0.000000
0.000000
0.000000
0.000000
0.000000
0.000000
0.000000
0.000000
0.000000
0.000000
0.000000
0.000000
0.000000
0.000000
0.000000
0.000000
0.000000
0.000000
0.000000
0.000000
0.000000
0.000000
0.000000
0.000000
0.000000
0.000000
0.000000
0.000000
0.000000
0.000000
0.000000
0.000000
0.000000
0.000000
-0.000000
0.000000
0.000000
0.000000
0.000000
0.000000
0.000000
0.000000
0.000000
0.000000
0.000000
0.000000
0.000000
0.000000
0.000000
0.000000
0.000000
0.000000
0.000000
0.000000
0.000000
0.000000
0.000000
0.000000
0.000000
0.000000
0.000000
0.000000
0.000000
0.000000
0.000000
0.000000
0.000000
0.000000
0.000000
0.000000
0.000000
0.000000
0.000000
0.000000
0.000000
0.000000
0.000000
0.000000
0.000000
0.000000
0.000000
0.000000
0.000000
0.000000
0.000000
0.000000
0.000000
0.000000
0.000000
0.000000
0.000000
0.000000
0.000000
0.000000
0.000059
-0.000690
-0.000034
0.000000
0.000000
-0.000300
-0.000033
0.000000
0.000000
0.000000
-0.000069
-0.000140
0.000002
0.000000
0.000000
-0.000152
0.000000
0.000000
0.000000
0.000000
-0.000146
-0.000034
0.000005
0.000000
0.000000
-0.000200
-0.000113
0.000000
0.000000
0.000000
0.000000
0.000000
0.000000
0.000000
0.000000
0.000258
-0.000219
0.000000
0.000000
0.000000
0.000000
-0.000033
-0.000020
0.000000
0.000000
-0.000031
-0.000251
-0.000047
0.000000
0.000000
0.000001
0.000000
0.000000
0.000000
0.000000
0.000000
-0.001504
0.000023
0.000000
0.000000
-0.000022
0.000000
0.000000
0.000000
0.000000
0.000000
-0.000004
0.000000
0.000000
0.000000
0.000000
0.000000
0.000000
0.000000
0.000000
0.000000
0.000000
0.000000
0.000000
0.000000
0.000000
-0.000096
0.000000
0.000000
0.000000
0.000000
-0.000236
0.000000
0.000000
0.000000
0.000000
-0.000015
0.000054
0.000000
0.000000
0.000000
-0.000219
0.000000
0.000000
0.000000
-0.000025
0.000000
0.000000
0.000000
0.000000
-0.000001
0.000000
0.000000
0.000000
0.000000
0.000000
-0.000000
0.000000
0.000000
0.000000
-0.000015
0.000008
0.000000
0.000000
0.000000
-0.000042
0.000000
0.000000
0.000000
0.000000
-0.000007
-0.000002
0.000000
0.000000
0.000000
-0.000380
-0.001211
-0.000018
0.000000
0.000000
0.000000
0.000000
-0.000082
0.000000
0.000000
-0.001350
-0.000695
-0.000000
0.000000
0.000000
-0.000169
-0.000030
0.000000
0.000000
0.000000
-0.000004
-0.000016
0.000000
0.000000
0.000000
0.000002
-0.000010
0.000000
0.000000
0.000000
-0.000028
0.000010
0.000000
0.000000
0.000000
-0.001186
-0.003309
0.000000
0.000000
0.000000
0.000000
0.000000
0.000000
0.000000
0.000000
-0.000409
-0.000706
-0.000542
0.000000
0.000000
-0.000000
0.000000
0.000000
0.000000
0.000000
0.000000
0.000000
0.000000
0.000000
0.000000
0.000000
0.000000
0.000000
0.000000
0.000000
0.000000
0.000000
0.000000
0.000000
0.000000
0.000000
0.000000
0.000000
0.000000
0.000000
0.000000
0.000000
0.000000
0.000000
0.000000
0.000000
0.000000
0.000000
0.000000
0.000000
0.000000
0.000000
0.000000
0.000000
0.000000
0.000000
0.000000
0.000000
0.000000
0.000000
0.000000
0.000000
0.000000
0.000000
0.000000
0.000000
0.000000
0.000000
0.000000
0.000000
0.000000
0.000000
0.000000
0.000000
0.000000
0.000000
0.000000
0.000000
0.000000
0.000000
0.000000
0.000000
0.000000
0.000000
0.000000
0.000000
0.000000
0.000000
0.000000
0.000000
0.000000
0.000000
0.000000
0.000000
0.000000
0.000000
0.000000
0.000000
0.000000
0.000000
0.000000
0.000000
0.000000
0.000000
0.000000
0.000000
0.000000
0.000000
0.000000
0.000000
0.000000
0.000000
0.000000
0.000000
0.000000
0.000000
0.000000
0.000000
0.000000
0.000000
0.000000
0.000000
0.000000
0.000000
0.000000
0.000000
0.000000
0.000000
0.000000
0.000000
0.000000
0.000000
0.000000
0.000000
0.000000
0.004139
0.000077
0.000000
0.000000
0.000000
-0.000162
-0.000055
-0.000045
0.000000
0.000000
0.000240
0.000429
0.000000
0.000000
0.000000
-0.000036
0.000000
0.000016
0.000000
0.000000
-0.001979
0.000225
0.000224
0.000000
0.000000
-0.000262
-0.000003
0.000000
0.000000
0.000000
-0.000050
-0.000076
0.000178
0.000000
0.000000
0.002293
-0.000103
0.000000
0.000000
0.000000
-0.000020
-0.000001
-0.000605
0.000000
0.000000
0.000000
-0.006979
-0.000017
0.000000
0.000000
-0.000038
0.000000
0.000000
0.000000
0.000000
0.000060
-0.000772
0.000208
0.000000
0.000000
0.019743
-0.000485
0.000000
0.000000
0.000000
0.000030
-0.000057
-0.000060
0.000000
0.000000
0.000883
0.004777
-0.000111
0.000000
0.000000
0.000349
0.000000
0.000085
0.000000
0.000000
0.002097
0.009288
-0.000148
0.000000
0.000000
-0.014617
-0.000276
0.000000
0.000000
0.000000
-0.000032
-0.000321
0.000005
0.000000
0.000000
0.057210
0.001285
-0.000009
0.000000
0.000000
-0.000414
0.000000
-0.003162
0.000000
0.000000
-0.007842
0.000000
-0.000031
0.000000
0.000000
-0.000482
0.000019
0.000009
0.000000
0.000000
-0.000698
-0.000336
-0.001354
0.000000
0.000000
0.000038
-0.000081
0.000000
0.000000
0.000000
0.000000
0.000000
0.000000
0.000000
0.000000
0.000030
0.000028
0.000000
0.000000
0.000000
0.000000
0.000000
0.000000
0.000000
0.000000
0.000000
-0.000117
0.000000
0.000000
0.000000
-0.000117
0.000000
0.000000
0.000000
0.000000
-0.000013
0.000000
0.000000
0.000000
0.000000
0.000171
-0.000005
0.000000
0.000000
0.000000
0.000000
0.000000
0.000000
0.000000
0.000000
0.000000
-0.000155
0.000000
0.000000
0.000000
-0.000075
0.000000
0.000000
0.000000
0.000000
0.000000
0.000000
0.000000
0.000000
0.000000
0.000000
0.000000
0.000000
0.000000
0.000000
0.000000
0.000000
0.000000
0.000000
0.000000
0.000000
0.000000
0.000000
0.000000
0.000000
0.000000
0.000000
0.000000
0.000000
0.000000
0.000000
0.000000
0.000000
0.000000
0.000000
0.000000
0.000000
0.000000
0.000000
0.000000
0.000000
0.000000
0.000000
0.000000
0.000000
0.000000
0.000000
0.000000
0.000000
0.000000
0.000000
0.000000
0.000000
0.000000
0.000000
0.000000
0.000000
0.000000
0.000000
0.000000
0.000000
0.000000
0.000000
0.000000
0.000000
0.000000
0.000000
0.000000
0.000000
0.000000
0.000000
0.000000
0.000000
0.000000
0.000000
0.000000
0.000000
0.000000
0.000000
0.000000
0.000000
0.000000
0.000000
0.000000
0.000000
0.000000
0.000000
0.000000
0.000000
0.000000
0.000000
0.000000
0.000000
0.000000
0.000000
0.000000
0.000000
0.000000
0.000000
0.000000
0.000000
0.000000
0.000000
0.000000
0.000000
0.000000
0.000000
0.000000
0.000000
0.000000
0.000000
0.000000
0.000000
0.000000
0.000000
0.000000
0.000000
0.000000
0.000000
0.000000
0.000000
0.000000
0.000000
0.000000
0.000000
0.000000
0.000000
0.000000
0.000000
0.000000
-0.002003
-0.000771
0.000000
0.000000
0.000000
0.000000
0.000000
0.000000
0.000000
0.000000
0.000055
0.000328
-0.000109
0.000000
0.000000
0.000146
-0.000012
0.000000
0.000000
0.000000
0.000031
-0.000345
-0.000100
0.000000
0.000000
-0.003570
-0.001209
0.000000
0.000000
0.000000
-0.000019
0.000000
0.000000
0.000000
0.000000
0.000924
-0.000641
0.000000
0.000000
0.000000
0.000051
0.000000
0.000000
0.000000
0.000000
-0.000192
-0.000742
0.000000
0.000000
0.000000
0.000000
-0.000013
0.000000
0.000000
0.000000
0.000000
-0.000101
0.000041
0.000000
0.000000
0.000150
-0.000043
0.000000
0.000000
0.000000
0.000000
0.000000
0.000000
0.000000
0.000000
0.000000
-0.000007
0.000000
0.000000
0.000000
-0.000188
0.000000
0.000000
0.000000
0.000000
0.000000
0.000000
0.000020
0.000000
0.000000
-0.000074
-0.000537
0.000000
0.000000
0.000000
0.000000
0.000000
0.000000
0.000000
0.000000
0.000081
-0.000011
-0.000051
0.000000
0.000000
-0.000002
0.000000
0.000000
0.000000
0.000000
0.000000
-0.000000
0.000000
0.000000
0.000000
0.000132
0.000000
0.000000
0.000000
0.000000
0.000000
0.000000
0.000000
0.000000
0.000000
-0.000000
0.000000
0.000000
0.000000
0.000000
0.000000
-0.000018
0.000000
0.000000
0.000000
0.000000
-0.000005
0.000000
0.000000
0.000000
0.000000
0.000000
0.000000
0.000000
0.000000
-0.000039
-0.000040
0.000000
0.000000
0.000000
-0.000020
0.000000
0.000000
0.000000
0.000000
0.000009
0.000000
0.000000
0.000000
0.000000
0.000000
0.000000
0.000000
0.000000
0.000000
0.000000
0.000000
-0.000009
0.000000
0.000000
0.000000
0.000000
0.000000
0.000000
0.000000
0.000000
0.000000
0.000000
0.000000
0.000000
-0.000063
0.000000
0.000000
0.000000
0.000000
-0.000000
0.000000
0.000000
0.000000
0.000000
0.000000
0.000000
0.000000
0.000000
0.000000
0.000000
0.000000
0.000000
0.000000
0.000000
0.000000
0.000000
0.000000
0.000000
0.000000
0.000000
0.000000
0.000000
0.000000
0.000000
0.000000
0.000000
0.000000
0.000000
0.000000
0.000000
0.000000
0.000000
0.000000
0.000000
0.000000
0.000000
0.000000
0.000000
0.000000
0.000000
0.000000
0.000000
0.000000
0.000000
0.000000
0.000000
0.000000
0.000000
0.000000
0.000000
0.000000
0.000000
0.000000
0.000000
0.000000
0.000000
0.000000
0.000000
0.000000
-0.000000
0.000000
0.000000
0.000000
0.000000
0.000000
0.000000
0.000000
0.000000
0.000000
0.000000
0.000000
0.000000
0.000000
0.000000
0.000000
0.000000
0.000000
0.000000
0.000000
0.000000
0.000000
0.000000
0.000000
0.000000
0.000000
0.000000
0.000000
0.000000
0.000000
0.000000
0.000000
0.000000
0.000000
0.000000
0.000000
0.000000
0.000000
0.000000
0.000000
0.000000
0.000000
0.000000
0.000000
0.000000
0.000000
0.000000
0.000000
0.000000
0.000000
0.000000
0.000000
0.000000
0.000000
0.000000
0.000000
0.000000
0.000000
0.000000
0.000000
0.001044
-0.000004
0.000000
0.000000
0.000000
0.000024
-0.000017
-0.000016
0.000000
0.000000
-0.000121
-0.000022
0.000038
0.000000
0.000000
-0.000001
0.000000
-0.000099
0.000000
0.000000
-0.015436
-0.003545
0.000042
0.000000
0.000000
-0.000472
0.000011
0.000000
0.000000
0.000000
-0.000018
-0.000046
-0.000093
0.000000
0.000000
0.000024
0.000000
0.000000
0.000000
0.000000
0.000000
-0.000046
-0.000228
0.000000
0.000000
-0.000352
-0.000256
0.000054
0.000000
0.000000
0.000000
0.000000
-0.000055
0.000000
0.000000
0.000000
-0.000878
0.000005
0.000000
0.000000
-0.000646
-0.000252
-0.000052
0.000000
0.000000
-0.000010
-0.000128
-0.000010
0.000000
0.000000
0.000398
0.000381
0.000000
0.000000
0.000000
0.000000
0.000000
0.000000
0.000000
0.000000
-0.021387
-0.011008
0.000026
0.000000
0.000000
-0.000080
0.000000
0.000000
0.000000
0.000000
-0.000006
-0.000021
-0.000081
0.000000
0.000000
0.002292
-0.000151
-0.000007
0.000000
0.000000
0.000078
0.000000
-0.002195
0.000000
0.000000
-0.000682
-0.002612
-0.000005
0.000000
0.000000
-0.000020
0.000000
-0.000009
0.000000
0.000000
-0.000278
0.000000
-0.000486
0.000000
0.000000
-0.033330
-0.002567
0.000000
0.000000
0.000000
0.000000
-0.000018
-0.000115
0.000000
0.000000
0.000261
0.000880
-0.000044
0.000000
0.000000
0.000000
0.000000
0.000000
0.000000
0.000000
-0.001701
0.000739
-0.000357
0.000000
0.000000
-0.003973
-0.000178
-0.000006
0.000000
0.000000
0.000034
0.000058
-0.000105
0.000000
0.000000
0.008208
0.000488
0.000011
0.000000
0.000000
-0.000190
0.000000
-0.000745
0.000000
0.000000
0.000099
0.000327
-0.000006
0.000000
0.000000
0.000000
0.000000
-0.000063
0.000000
0.000000
-0.000068
-0.000427
0.000000
0.000000
0.000000
0.000000
0.000000
0.000000
0.000000
0.000000
0.000000
0.000000
0.000000
0.000000
0.000000
0.000000
0.000000
0.000000
0.000000
0.000000
0.000000
0.000000
0.000000
0.000000
0.000000
0.000000
0.000000
0.000000
0.000000
0.000000
0.000000
0.000000
0.000000
0.000000
0.000000
0.000000
0.000000
0.000000
0.000000
0.000000
0.000000
0.000000
0.000000
0.000000
0.000000
0.000000
0.000000
0.000000
0.000000
0.000000
0.000000
0.000000
0.000000
0.000000
0.000000
0.000000
0.000000
0.000000
0.000000
0.000000
0.000000
0.000000
0.000000
0.000000
0.000000
-0.000000
0.000000
0.000000
0.000000
0.000000
0.000000
0.000000
0.000000
0.000000
0.000000
0.000000
0.000000
0.000000
0.000000
0.000000
0.000000
0.000000
0.000000
0.000000
0.000000
0.000000
0.000000
0.000000
0.000000
0.000000
0.000000
0.000000
0.000000
0.000000
0.000000
0.000000
0.000000
0.000000
0.000000
0.000000
0.000000
0.000000
0.000000
0.000000
0.000000
0.000000
0.000000
0.000000
0.000000
0.000000
0.000000
0.000000
0.000000
0.000000
0.000000
0.000000
0.000000
0.000000
0.000000
0.000000
0.000000
0.000000
0.000000
0.000000
0.000000
60
-0.022011
-0.005773
0.000000
0.000000
0.000000
0.000000
0.000236
-0.000020
0.000000
0.000000
0.000394
0.001336
0.000045
0.000000
0.000000
-0.000036
0.000000
0.000000
0.000000
0.000000
-0.003977
-0.001609
-0.000011
0.000000
0.000000
-0.002629
-0.000026
0.000000
0.000000
0.000000
0.000000
-0.000027
-0.000004
0.000000
0.000000
0.011083
0.000746
0.000000
0.000000
0.000000
-0.000018
0.000000
-0.000156
0.000000
0.000000
0.000123
0.000821
0.000000
0.000000
0.000000
0.000053
0.000000
0.000000
0.000000
0.000000
-0.000068
-0.000389
-0.000092
0.000000
0.000000
