0.015598
60
0.010962
0.001700
-0.000000
-0.000000
-0.000000
-0.000000
-0.000073
-0.000000
-0.000000
-0.000000
-0.000675
-0.008800
-0.000000
-0.000000
-0.000000
-0.000047
-0.000000
-0.000122
-0.000000
-0.000000
-0.011696
-0.005510
-0.000000
-0.000000
-0.000000
0.004059
-0.000087
-0.000000
-0.000000
-0.000000
-0.000071
-0.000000
-0.000016
-0.000000
-0.000000
0.005301
-0.000191
-0.000051
-0.000000
-0.000000
0.000038
-0.000000
-0.001874
-0.000000
-0.000000
-0.001264
-0.032836
-0.000000
-0.000000
-0.000000
0.000548
0.000016
-0.000000
-0.000000
-0.000000
-0.000966
-0.004731
-0.001430
-0.000000
-0.000000
60 60
-0.000000
-0.096542
-0.000000
-0.000000
-0.000000
0.000003
-0.000000
0.000041
-0.000000
-0.000000
-0.001473
0.014160
-0.000422
-0.000000
-0.000000
0.000268
-0.000005
-0.000000
-0.000000
-0.000000
-0.000766
0.001753
-0.000446
-0.000000
-0.000000
0.511405
0.001159
-0.000000
-0.000000
-0.000000
-0.000080
-0.000000
0.000226
-0.000000
-0.000000
0.399251
0.007772
0.000007
-0.000000
-0.000000
-0.000678
-0.000000
-0.000216
-0.000000
-0.000000
0.000364
0.011471
-0.000348
-0.000000
-0.000000
0.002096
-0.000135
-0.000000
-0.000000
-0.000000
-0.000133
-0.001244
-0.015198
-0.000000
-0.000000
-0.091109
0.000000
-0.000000
-0.000000
-0.000000
-0.000331
-0.000010
-0.000000
-0.000000
-0.000000
-0.000547
-0.000961
-0.000008
-0.000000
-0.000000
-0.000002
-0.000000
-0.000000
-0.000000
-0.000000
-0.000066
0.000024
0.000004
-0.000000
-0.000000
0.003427
-0.000782
-0.000000
-0.000000
-0.000000
-0.000079
-0.000000
0.000056
-0.000000
-0.000000
0.000764
-0.000869
-0.000000
-0.000000
-0.000000
0.000084
-0.000012
-0.000054
-0.000000
-0.000000
-0.000179
-0.000602
0.000004
-0.000000
-0.000000
0.000025
-0.000097
-0.000000
-0.000000
-0.000000
-0.000000
-0.000053
-0.004452
-0.000000
-0.000000
-0.000252
0.000000
-0.000000
-0.000000
-0.000000
-0.000000
-0.000000
-0.000000
-0.000000
-0.000000
-0.000188
-0.001341
-0.000000
-0.000000
-0.000000
-0.000000
-0.000000
-0.000000
-0.000000
-0.000000
-0.000000
-0.000000
-0.000000
-0.000000
-0.000000
-0.000041
-0.000021
-0.000000
-0.000000
-0.000000
-0.000000
-0.000000
-0.000000
-0.000000
-0.000000
-0.000000
-0.000000
-0.000000
-0.000000
-0.000000
-0.000163
-0.000000
-0.000000
-0.000000
-0.000000
-0.000000
-0.000000
-0.000000
-0.000000
-0.000000
0.000018
-0.000000
-0.000000
-0.000000
-0.000000
-0.000000
-0.000000
-0.000000
-0.000000
-0.000000
0.000000
-0.000000
-0.000000
-0.000000
-0.000000
-0.000000
-0.000000
-0.000000
-0.000000
-0.000000
-0.000000
-0.000000
-0.000000
-0.000000
-0.000000
-0.000000
-0.000000
-0.000000
-0.000000
-0.000000
-0.000000
-0.000000
-0.000000
-0.000000
-0.000000
-0.000000
-0.000000
-0.000000
-0.000000
-0.000000
-0.000000
-0.000000
-0.000000
-0.000000
-0.000000
-0.000000
-0.000000
-0.000000
-0.000000
-0.000000
-0.000000
-0.000000
-0.000000
-0.000000
-0.000000
-0.000000
-0.000000
-0.000000
-0.000000
-0.000000
-0.000000
-0.000000
-0.000000
-0.000000
-0.000000
-0.000000
-0.000000
-0.000000
-0.000000
-0.000000
0.000000
0.000000
-0.000000
-0.000000
-0.000000
-0.000000
-0.000000
-0.000000
-0.000000
-0.000000
-0.000000
-0.000000
-0.000000
-0.000000
-0.000000
-0.000000
-0.000000
-0.000000
-0.000000
-0.000000
-0.000000
-0.000000
-0.000000
-0.000000
-0.000000
-0.000000
-0.000000
-0.000000
-0.000000
-0.000000
-0.000000
-0.000000
-0.000000
-0.000000
-0.000000
-0.000000
-0.000000
-0.000000
-0.000000
-0.000000
-0.000000
-0.000000
-0.000000
-0.000000
-0.000000
-0.000000
-0.000000
-0.000000
-0.000000
-0.000000
-0.000000
-0.000000
-0.000000
-0.000000
-0.000000
-0.000000
-0.000000
-0.000000
-0.000000
-0.000000
0.000169
0.000020
-0.000000
-0.000000
-0.000000
-0.000000
-0.000339
-0.000000
-0.000000
-0.000000
-0.000010
-0.000212
-0.000000
-0.000000
-0.000000
-0.000020
-0.000000
-0.000000
-0.000000
-0.000000
-0.000000
-0.000259
-0.000000
-0.000000
-0.000000
-0.000012
0.000028
-0.000056
-0.000000
-0.000000
-0.000000
-0.000094
-0.000000
-0.000000
-0.000000
0.000003
-0.000013
0.000006
-0.000000
-0.000000
-0.000142
-0.000000
-0.000000
-0.000000
-0.000000
-0.000140
-0.000275
-0.000010
-0.000000
-0.000000
-0.000269
-0.000000
-0.000000
-0.000000
-0.000000
-0.000047
-0.000190
0.000101
-0.000000
-0.000000
-0.000000
0.000000
-0.000000
-0.000000
-0.000000
-0.000091
-0.000000
-0.000000
-0.000000
-0.000000
-0.000093
-0.000000
-0.000000
-0.000000
-0.000000
-0.000000
-0.000000
-0.000000
-0.000000
-0.000000
-0.000229
-0.000246
-0.000000
-0.000000
-0.000000
-0.000000
-0.000000
-0.000000
-0.000000
-0.000000
-0.000050
-0.000331
-0.000000
-0.000000
-0.000000
-0.000037
-0.000000
-0.000000
-0.000000
-0.000000
0.000020
-0.000000
-0.000032
-0.000000
-0.000000
-0.000608
-0.000000
-0.000000
-0.000000
-0.000000
-0.000000
-0.000000
-0.000073
-0.000000
-0.000000
-0.000175
-0.000125
-0.000000
-0.000000
-0.000000
-0.000095
-0.000016
-0.000000
-0.000000
-0.000000
-0.000000
0.000013
-0.000000
-0.000000
-0.000000
-0.000742
-0.000363
-0.000000
-0.000000
-0.000000
-0.000000
-0.000000
-0.000000
-0.000000
-0.000000
-0.000221
-0.000098
-0.000058
-0.000000
-0.000000
-0.000000
-0.000000
-0.000000
-0.000000
-0.000000
-0.000000
-0.000026
-0.000000
-0.000000
-0.000000
-0.000315
-0.000090
-0.000000
-0.000000
-0.000000
-0.000000
-0.000000
-0.000000
-0.000000
-0.000000
-0.000097
-0.000062
-0.000012
-0.000000
-0.000000
-0.000021
-0.000000
-0.000000
-0.000000
-0.000000
-0.000355
-0.000165
-0.000000
-0.000000
-0.000000
-0.000000
0.000000
-0.000000
-0.000000
-0.000000
-0.000000
-0.000000
-0.000000
-0.000000
-0.000000
-0.000000
-0.000000
-0.000000
-0.000000
-0.000000
-0.000000
-0.000000
-0.000000
-0.000000
-0.000000
-0.000000
-0.000000
-0.000000
-0.000000
-0.000000
-0.000000
-0.000000
-0.000000
-0.000000
-0.000000
-0.000000
-0.000000
-0.000000
-0.000000
-0.000000
-0.000000
-0.000000
-0.000000
-0.000000
-0.000000
-0.000000
-0.000000
-0.000000
-0.000000
-0.000000
-0.000000
-0.000000
-0.000000
-0.000000
-0.000000
-0.000000
-0.000000
-0.000000
-0.000000
-0.000000
-0.000000
-0.000000
-0.000000
-0.000000
-0.000000
-0.000000
-0.000000
-0.000000
-0.000000
-0.000000
-0.000000
-0.000000
-0.000000
-0.000000
-0.000000
-0.000000
-0.000000
-0.000000
-0.000000
-0.000000
-0.000000
-0.000000
-0.000000
-0.000000
-0.000000
-0.000000
-0.000000
-0.000000
-0.000000
-0.000000
-0.000000
-0.000000
-0.000000
-0.000000
-0.000000
-0.000000
-0.000000
-0.000000
-0.000000
-0.000000
-0.000000
-0.000000
-0.000000
-0.000000
-0.000000
-0.000000
-0.000000
-0.000000
-0.000000
-0.000000
-0.000000
-0.000000
-0.000000
-0.000000
-0.000000
-0.000000
-0.000000
-0.000000
-0.000000
-0.000000
-0.000000
-0.000000
-0.000000
-0.000000
-0.000000
0.001944
-0.000543
-0.000000
-0.000000
-0.000000
-0.000017
-0.000167
-0.000862
-0.000000
-0.000000
-0.000000
-0.019912
-0.000157
-0.000000
-0.000000
-0.000158
-0.000000
-0.000021
-0.000000
-0.000000
-0.002740
-0.004094
-0.000147
-0.000000
-0.000000
-0.000022
-0.000009
-0.000000
-0.000000
-0.000000
-0.000265
-0.000304
-0.000163
-0.000000
-0.000000
-0.002104
-0.001192
-0.000000
-0.000000
-0.000000
-0.000477
-0.000000
-0.001232
-0.000000
-0.000000
-0.003428
-0.024810
-0.000261
-0.000000
-0.000000
0.000116
-0.000000
-0.000086
-0.000000
-0.000000
0.000011
-0.002517
-0.000658
-0.000000
-0.000000
0.019243
-0.000852
-0.000000
-0.000000
-0.000000
-0.000194
-0.000000
-0.000369
-0.000000
-0.000000
-0.017401
-0.000000
-0.002319
-0.000000
-0.000000
-0.000110
-0.000035
-0.000130
-0.000000
-0.000000
-0.009621
-0.028574
-0.000675
-0.000000
-0.000000
0.004041
-0.000718
-0.000000
-0.000000
-0.000000
-0.001134
-0.000267
-0.000507
-0.000000
-0.000000
-0.024392
-0.006258
-0.000199
-0.000000
-0.000000
-0.002151
-0.000000
-0.005436
-0.000000
-0.000000
-0.009609
-0.199437
-0.000297
-0.000000
-0.000000
-0.000478
-0.000020
-0.000062
-0.000000
-0.000000
-0.000130
-0.004730
-0.006696
-0.000000
-0.000000
-0.000366
-0.000009
-0.000000
-0.000000
-0.000000
-0.000000
-0.000000
-0.000037
-0.000000
-0.000000
-0.000246
-0.002744
-0.000000
-0.000000
-0.000000
-0.000007
-0.000000
-0.000000
-0.000000
-0.000000
-0.000049
-0.000412
-0.000000
-0.000000
-0.000000
-0.000115
0.000033
-0.000000
-0.000000
-0.000000
-0.000000
-0.000000
-0.000000
-0.000000
-0.000000
-0.000977
-0.000040
-0.000000
-0.000000
-0.000000
0.000109
-0.000000
-0.000021
-0.000000
-0.000000
-0.000016
-0.000958
-0.000071
-0.000000
-0.000000
-0.000016
-0.000000
-0.000000
-0.000000
-0.000000
0.000009
-0.000092
-0.000148
-0.000000
-0.000000
0.000000
-0.000000
-0.000000
-0.000000
-0.000000
-0.000000
-0.000000
-0.000000
-0.000000
-0.000000
-0.000000
-0.000000
-0.000000
-0.000000
-0.000000
-0.000000
-0.000000
-0.000000
-0.000000
-0.000000
-0.000000
-0.000000
-0.000000
-0.000000
-0.000000
-0.000000
-0.000000
-0.000000
-0.000000
-0.000000
-0.000000
-0.000000
-0.000000
-0.000000
-0.000000
-0.000000
-0.000000
-0.000000
-0.000000
-0.000000
-0.000000
-0.000000
-0.000000
-0.000000
-0.000000
-0.000000
-0.000000
-0.000000
-0.000000
-0.000000
-0.000000
-0.000000
-0.000000
-0.000000
-0.000000
-0.000000
-0.000000
-0.000000
-0.000000
-0.000000
0.000000
-0.000000
-0.000000
-0.000000
-0.000000
-0.000000
-0.000000
-0.000000
-0.000000
-0.000000
-0.000000
-0.000000
-0.000000
-0.000000
-0.000000
-0.000000
-0.000000
-0.000000
-0.000000
-0.000000
-0.000000
-0.000000
-0.000000
-0.000000
-0.000000
-0.000000
-0.000000
-0.000000
-0.000000
-0.000000
-0.000000
-0.000000
-0.000000
-0.000000
-0.000000
-0.000000
-0.000000
-0.000000
-0.000000
-0.000000
-0.000000
-0.000000
-0.000000
-0.000000
-0.000000
-0.000000
-0.000000
-0.000000
-0.000000
-0.000000
-0.000000
-0.000000
-0.000000
-0.000000
-0.000000
-0.000000
-0.000000
-0.000000
-0.000000
-0.000000
0.000613
0.000170
-0.000000
-0.000000
-0.000000
0.000005
-0.000000
-0.000000
-0.000000
-0.000000
-0.000100
0.000007
0.000122
-0.000000
-0.000000
-0.000000
-0.000009
-0.000000
-0.000000
-0.000000
-0.000013
-0.000293
-0.000023
-0.000000
-0.000000
0.000638
0.000048
-0.000000
-0.000000
-0.000000
-0.000000
-0.000000
-0.000000
-0.000000
-0.000000
0.000027
0.000220
-0.000000
-0.000000
-0.000000
0.000165
-0.000000
-0.000000
-0.000000
-0.000000
-0.000002
-0.000862
0.000015
-0.000000
-0.000000
-0.000157
0.000040
-0.000000
-0.000000
-0.000000
-0.000038
-0.000032
-0.000000
-0.000000
-0.000000
-0.000000
-0.000021
-0.000000
-0.000000
-0.000000
0.000002
-0.000000
-0.000000
-0.000000
-0.000000
-0.000035
-0.000000
-0.000000
-0.000000
-0.000000
-0.000026
-0.000000
-0.000000
-0.000000
-0.000000
-0.000000
-0.000000
-0.000000
-0.000000
-0.000000
-0.000000
-0.000000
-0.000000
-0.000000
-0.000000
-0.000000
-0.000000
-0.000000
-0.000000
-0.000000
-0.000000
-0.000051
-0.000000
-0.000000
-0.000000
-0.000020
-0.000000
-0.000000
-0.000000
-0.000000
-0.000000
-0.000000
-0.000000
-0.000000
-0.000000
-0.000000
0.000002
-0.000000
-0.000000
-0.000000
-0.000000
-0.000000
-0.000000
-0.000000
-0.000000
-0.000173
-0.000000
-0.000000
-0.000000
-0.000000
-0.000000
-0.000000
-0.000000
-0.000000
-0.000000
-0.000000
-0.000000
-0.000000
-0.000000
-0.000000
-0.000000
-0.000000
-0.000000
-0.000000
-0.000000
-0.000453
-0.000229
0.000006
-0.000000
-0.000000
-0.000000
-0.000000
-0.000000
-0.000000
-0.000000
-0.000000
-0.000000
-0.000383
-0.000000
-0.000000
-0.000000
-0.000000
-0.000000
-0.000000
-0.000000
-0.000000
-0.000000
-0.000000
-0.000000
-0.000000
-0.000016
-0.000521
-0.000000
-0.000000
-0.000000
-0.000000
-0.000000
-0.000000
-0.000000
-0.000000
-0.000164
-0.000169
-0.000029
-0.000000
-0.000000
-0.000000
0.000000
-0.000000
-0.000000
-0.000000
-0.000000
-0.000000
-0.000000
-0.000000
-0.000000
-0.000000
-0.000000
-0.000000
-0.000000
-0.000000
-0.000000
-0.000000
-0.000000
-0.000000
-0.000000
-0.000000
-0.000000
-0.000000
-0.000000
-0.000000
-0.000000
-0.000000
-0.000000
-0.000000
-0.000000
-0.000000
-0.000000
-0.000000
-0.000000
-0.000000
-0.000000
-0.000000
-0.000000
-0.000000
-0.000000
-0.000000
-0.000000
-0.000000
-0.000000
-0.000000
-0.000000
-0.000000
-0.000000
-0.000000
-0.000000
-0.000000
-0.000000
-0.000000
-0.000000
-0.000000
-0.000000
-0.000000
-0.000000
-0.000000
-0.000000
0.000000
0.000000
-0.000000
-0.000000
-0.000000
-0.000000
-0.000000
-0.000000
-0.000000
-0.000000
-0.000000
-0.000000
-0.000000
-0.000000
-0.000000
-0.000000
-0.000000
-0.000000
-0.000000
-0.000000
-0.000000
-0.000000
-0.000000
-0.000000
-0.000000
-0.000000
-0.000000
-0.000000
-0.000000
-0.000000
-0.000000
-0.000000
-0.000000
-0.000000
-0.000000
-0.000000
-0.000000
-0.000000
-0.000000
-0.000000
-0.000000
-0.000000
-0.000000
-0.000000
-0.000000
-0.000000
-0.000000
-0.000000
-0.000000
-0.000000
-0.000000
-0.000000
-0.000000
-0.000000
-0.000000
-0.000000
-0.000000
-0.000000
-0.000000
-0.000000
0.001186
-0.000142
-0.000000
-0.000000
-0.000000
-0.000177
-0.000139
-0.000029
-0.000000
-0.000000
-0.003031
-0.027424
-0.000098
-0.000000
-0.000000
-0.000000
-0.000000
-0.000169
-0.000000
-0.000000
-0.000000
-0.028841
-0.000125
-0.000000
-0.000000
-0.004474
-0.000316
-0.000067
-0.000000
-0.000000
-0.000376
-0.000199
-0.000247
-0.000000
-0.000000
-0.001519
-0.000090
-0.000000
-0.000000
-0.000000
-0.000929
-0.000000
-0.005231
-0.000000
-0.000000
-0.017293
-0.046336
-0.000000
-0.000000
-0.000000
0.000012
-0.000000
-0.000131
-0.000000
-0.000000
-0.049076
-0.062778
-0.004131
-0.000000
-0.000000
0.006308
-0.000379
-0.000021
-0.000000
-0.000000
-0.000109
-0.000078
-0.000420
-0.000000
-0.000000
-0.005268
-0.031082
-0.000148
-0.000000
-0.000000
-0.000304
-0.000000
-0.000307
-0.000000
-0.000000
-0.034302
-0.000000
-0.000494
-0.000000
-0.000000
0.003013
-0.000623
-0.000000
-0.000000
-0.000000
-0.000193
-0.000080
-0.000296
-0.000000
-0.000000
-0.003578
-0.000671
-0.000012
-0.000000
-0.000000
0.000785
-0.000051
-0.006583
-0.000000
-0.000000
-0.010081
-0.086417
-0.000051
-0.000000
-0.000000
-0.000705
-0.000000
-0.000201
-0.000000
-0.000000
-0.009354
-0.047941
-0.014292
-0.000000
-0.000000
-0.000414
-0.000026
-0.000000
-0.000000
-0.000000
-0.000078
-0.000000
-0.000000
-0.000000
-0.000000
-0.000064
-0.000744
-0.000003
-0.000000
-0.000000
-0.000000
-0.000000
-0.000000
-0.000000
-0.000000
-0.000027
-0.000504
-0.000000
-0.000000
-0.000000
-0.000343
-0.000154
-0.000000
-0.000000
-0.000000
-0.000000
-0.000023
-0.000000
-0.000000
-0.000000
-0.000201
-0.000273
-0.000000
-0.000000
-0.000000
-0.000000
-0.000000
-0.000000
-0.000000
-0.000000
-0.000170
-0.000454
-0.000000
-0.000000
-0.000000
-0.000161
-0.000018
-0.000000
-0.000000
-0.000000
-0.000000
-0.000000
-0.000071
-0.000000
-0.000000
-0.000000
0.000000
-0.000000
-0.000000
-0.000000
-0.000000
-0.000000
-0.000000
-0.000000
-0.000000
-0.000000
-0.000000
-0.000000
-0.000000
-0.000000
-0.000000
-0.000000
-0.000000
-0.000000
-0.000000
-0.000000
-0.000000
-0.000000
-0.000000
-0.000000
-0.000000
-0.000000
-0.000000
-0.000000
-0.000000
-0.000000
-0.000000
-0.000000
-0.000000
-0.000000
-0.000000
-0.000000
-0.000000
-0.000000
-0.000000
-0.000000
-0.000000
-0.000000
-0.000000
-0.000000
-0.000000
-0.000000
-0.000000
-0.000000
-0.000000
-0.000000
-0.000000
-0.000000
-0.000000
-0.000000
-0.000000
-0.000000
-0.000000
-0.000000
-0.000000
-0.000000
-0.000000
-0.000000
-0.000000
-0.000000
-0.000000
-0.000000
-0.000000
-0.000000
-0.000000
-0.000000
-0.000000
-0.000000
-0.000000
-0.000000
-0.000000
-0.000000
-0.000000
-0.000000
-0.000000
-0.000000
-0.000000
-0.000000
-0.000000
-0.000000
-0.000000
-0.000000
-0.000000
-0.000000
-0.000000
-0.000000
-0.000000
-0.000000
-0.000000
-0.000000
-0.000000
-0.000000
-0.000000
-0.000000
-0.000000
-0.000000
-0.000000
-0.000000
-0.000000
-0.000000
-0.000000
-0.000000
-0.000000
-0.000000
-0.000000
-0.000000
-0.000000
-0.000000
-0.000000
-0.000000
-0.000000
-0.000000
-0.000000
-0.000000
-0.000000
0.528354
0.004105
-0.000334
-0.000000
-0.000000
-0.000045
-0.000000
-0.000000
-0.000000
-0.000000
0.000682
0.004977
-0.000008
-0.000000
-0.000000
0.000658
0.000017
-0.000172
-0.000000
-0.000000
-0.001169
0.002216
-0.000628
-0.000000
-0.000000
-0.000000
-0.001645
-0.000000
-0.000000
-0.000000
-0.000011
-0.000008
0.000025
-0.000000
-0.000000
0.104563
0.002913
-0.000026
-0.000000
-0.000000
-0.000823
-0.000000
-0.000159
-0.000000
-0.000000
-0.000883
0.003224
-0.000029
-0.000000
-0.000000
0.006311
0.000030
-0.000000
-0.000000
-0.000000
-0.000000
-0.001299
0.002004
-0.000000
-0.000000
0.000213
-0.000457
-0.000000
-0.000000
-0.000000
0.000017
-0.000000
-0.000008
-0.000000
-0.000000
-0.000202
-0.001252
-0.000243
-0.000000
-0.000000
0.000069
-0.000021
-0.000000
-0.000000
-0.000000
-0.000185
-0.001072
-0.000149
-0.000000
-0.000000
0.001308
-0.000000
-0.000340
-0.000000
-0.000000
-0.000276
-0.000021
-0.000000
-0.000000
-0.000000
0.000094
0.000005
-0.000010
-0.000000
-0.000000
-0.000019
-0.000000
-0.000158
-0.000000
-0.000000
-0.000277
-0.001191
-0.000030
-0.000000
-0.000000
0.000087
-0.000184
-0.000000
-0.000000
-0.000000
-0.000009
-0.000086
-0.000136
-0.000000
-0.000000
-0.000000
-0.000000
-0.000000
-0.000000
-0.000000
-0.000095
-0.000000
-0.000000
-0.000000
-0.000000
-0.000000
-0.000000
-0.000000
-0.000000
-0.000000
-0.000000
-0.000000
-0.000000
-0.000000
-0.000000
-0.000067
-0.000000
-0.000000
-0.000000
-0.000000
-0.000000
-0.000000
-0.000000
-0.000000
-0.000000
-0.000000
-0.000039
-0.000000
-0.000000
-0.000000
-0.000000
0.000004
-0.000000
-0.000000
-0.000000
-0.000000
-0.000000
-0.000000
-0.000000
-0.000000
-0.000000
-0.000000
-0.000000
-0.000000
-0.000000
-0.000000
-0.000000
-0.000000
-0.000000
-0.000000
-0.000010
-0.000000
-0.000000
-0.000000
-0.000000
-0.000000
-0.000000
-0.000000
-0.000000
-0.000000
-0.000000
-0.000000
-0.000000
-0.000000
-0.000000
-0.000000
-0.000000
-0.000000
-0.000000
-0.000000
-0.000000
-0.000000
-0.000000
-0.000000
-0.000000
-0.000000
-0.000000
-0.000000
-0.000000
-0.000000
-0.000000
-0.000000
-0.000000
-0.000000
-0.000000
-0.000000
-0.000000
-0.000000
-0.000000
-0.000000
-0.000000
-0.000000
-0.000000
-0.000000
-0.000000
-0.000000
-0.000000
-0.000000
-0.000000
-0.000000
-0.000000
-0.000000
-0.000000
-0.000000
-0.000000
-0.000000
-0.000000
-0.000000
-0.000000
-0.000000
-0.000000
-0.000000
-0.000000
-0.000000
-0.000000
0.000000
-0.000000
-0.000000
-0.000000
-0.000000
-0.000000
-0.000000
-0.000000
-0.000000
-0.000000
-0.000000
-0.000000
-0.000000
-0.000000
-0.000000
-0.000000
-0.000000
-0.000000
-0.000000
-0.000000
-0.000000
-0.000000
-0.000000
-0.000000
-0.000000
-0.000000
-0.000000
-0.000000
-0.000000
-0.000000
-0.000000
-0.000000
-0.000000
-0.000000
-0.000000
-0.000000
-0.000000
-0.000000
-0.000000
-0.000000
-0.000000
-0.000000
-0.000000
-0.000000
-0.000000
-0.000000
-0.000000
-0.000000
-0.000000
-0.000000
-0.000000
-0.000000
-0.000000
-0.000000
-0.000000
-0.000000
-0.000000
-0.000000
-0.000000
-0.000000
-0.000059
-0.000019
-0.000000
-0.000000
-0.000000
-0.000000
-0.000050
-0.000000
-0.000000
-0.000000
-0.000142
-0.000904
-0.000000
-0.000000
-0.000000
-0.000000
-0.000000
-0.000021
-0.000000
-0.000000
-0.000069
-0.000141
-0.000000
-0.000000
-0.000000
-0.000926
-0.000310
-0.000000
-0.000000
-0.000000
-0.000000
-0.000021
-0.000000
-0.000000
-0.000000
-0.000026
-0.000000
-0.000000
-0.000000
-0.000000
-0.000000
-0.000000
-0.000046
-0.000000
-0.000000
-0.000148
-0.001058
-0.000000
-0.000000
-0.000000
-0.000000
-0.000000
-0.000000
-0.000000
-0.000000
-0.000112
-0.000000
-0.000077
-0.000000
-0.000000
-0.000110
-0.000024
-0.000000
-0.000000
-0.000000
-0.000045
-0.000071
-0.000166
-0.000000
-0.000000
-0.000320
-0.000226
-0.000000
-0.000000
-0.000000
-0.000000
-0.000000
-0.000041
-0.000000
-0.000000
-0.000314
-0.000470
-0.000021
-0.000000
-0.000000
-0.000000
-0.000021
-0.000000
-0.000000
-0.000000
-0.000000
-0.000000
-0.000023
-0.000000
-0.000000
-0.000031
-0.000000
-0.000000
-0.000000
-0.000000
-0.000330
-0.000044
-0.000073
-0.000000
-0.000000
-0.000291
-0.000999
-0.000000
-0.000000
-0.000000
-0.000000
-0.000000
-0.000000
-0.000000
-0.000000
-0.000173
-0.000082
-0.000008
-0.000000
-0.000000
-0.000153
0.000210
-0.000000
-0.000000
-0.000000
-0.000000
-0.000000
-0.000000
-0.000000
-0.000000
-0.000450
-0.000145
0.000008
-0.000000
-0.000000
-0.000000
-0.000000
-0.000062
-0.000000
-0.000000
-0.000109
-0.000681
-0.000000
-0.000000
-0.000000
-0.000000
-0.000000
-0.000000
-0.000000
-0.000000
-0.000000
-0.000023
-0.000000
-0.000000
-0.000000
-0.000227
-0.000661
-0.000000
-0.000000
-0.000000
-0.000000
-0.000000
-0.000085
-0.000000
-0.000000
-0.000096
-0.000736
-0.000000
-0.000000
-0.000000
-0.000006
-0.000000
-0.000000
-0.000000
-0.000000
-0.000092
-0.000203
0.000018
-0.000000
-0.000000
-0.000000
-0.000000
-0.000000
-0.000000
-0.000000
-0.000000
-0.000000
-0.000000
-0.000000
-0.000000
-0.000000
-0.000000
-0.000000
-0.000000
-0.000000
-0.000000
-0.000000
-0.000000
-0.000000
-0.000000
-0.000000
-0.000000
-0.000000
-0.000000
-0.000000
-0.000000
-0.000000
-0.000000
-0.000000
-0.000000
-0.000000
-0.000000
-0.000000
-0.000000
-0.000000
-0.000000
-0.000000
-0.000000
-0.000000
-0.000000
-0.000000
-0.000000
-0.000000
-0.000000
-0.000000
-0.000000
-0.000000
-0.000000
-0.000000
-0.000000
-0.000000
-0.000000
-0.000000
-0.000000
-0.000000
-0.000000
-0.000000
-0.000000
-0.000000
-0.000000
0.000000
-0.000000
-0.000000
-0.000000
-0.000000
-0.000000
-0.000000
-0.000000
-0.000000
-0.000000
-0.000000
-0.000000
-0.000000
-0.000000
-0.000000
-0.000000
-0.000000
-0.000000
-0.000000
-0.000000
-0.000000
-0.000000
-0.000000
-0.000000
-0.000000
-0.000000
-0.000000
-0.000000
-0.000000
-0.000000
-0.000000
-0.000000
-0.000000
-0.000000
-0.000000
-0.000000
-0.000000
-0.000000
-0.000000
-0.000000
-0.000000
-0.000000
-0.000000
-0.000000
-0.000000
-0.000000
-0.000000
-0.000000
-0.000000
-0.000000
-0.000000
-0.000000
-0.000000
-0.000000
-0.000000
-0.000000
-0.000000
-0.000000
-0.000000
-0.000000
0.362798
0.003246
-0.000000
-0.000000
-0.000000
-0.000148
-0.000259
-0.000481
-0.000000
-0.000000
0.007011
-0.025646
-0.001398
-0.000000
-0.000000
0.000178
0.000002
-0.000000
-0.000000
-0.000000
-0.001717
0.001221
0.000132
-0.000000
-0.000000
0.105895
0.000924
0.000004
-0.000000
-0.000000
-0.000082
-0.000010
-0.000409
-0.000000
-0.000000
-0.000000
0.005427
-0.000053
-0.000000
-0.000000
0.000139
-0.000000
-0.000257
-0.000000
-0.000000
-0.002031
-0.014989
-0.000166
-0.000000
-0.000000
0.000749
-0.000000
-0.000000
-0.000000
-0.000000
-0.000295
-0.001055
0.000775
-0.000000
-0.000000
0.012635
-0.000828
-0.000000
-0.000000
-0.000000
0.000000
-0.000000
-0.000059
-0.000000
-0.000000
-0.001835
-0.005517
-0.000165
-0.000000
-0.000000
-0.000117
0.000002
-0.000000
-0.000000
-0.000000
-0.000304
-0.002061
-0.000112
-0.000000
-0.000000
0.000597
-0.000119
-0.000000
-0.000000
-0.000000
-0.000000
-0.000000
-0.000206
-0.000000
-0.000000
0.004790
-0.000000
-0.000171
-0.000000
-0.000000
-0.000172
-0.000373
-0.000000
-0.000000
-0.000000
-0.000921
-0.004258
-0.000255
-0.000000
-0.000000
0.000425
-0.000002
-0.000000
-0.000000
-0.000000
-0.000067
-0.000212
-0.000484
-0.000000
-0.000000
-0.000090
-0.000072
-0.000000
-0.000000
-0.000000
-0.000000
-0.000000
-0.000011
-0.000000
-0.000000
-0.000027
-0.000189
-0.000000
-0.000000
-0.000000
-0.000000
-0.000000
-0.000000
-0.000000
-0.000000
-0.000000
-0.000000
-0.000018
-0.000000
-0.000000
-0.000012
-0.000054
-0.000000
-0.000000
-0.000000
-0.000000
-0.000000
-0.000000
-0.000000
-0.000000
0.000132
-0.000079
-0.000000
-0.000000
-0.000000
-0.000000
0.000009
-0.000000
-0.000000
-0.000000
-0.000034
-0.000000
-0.000000
-0.000000
-0.000000
-0.000000
-0.000040
-0.000000
-0.000000
-0.000000
-0.000000
-0.000000
-0.000000
-0.000000
-0.000000
0.000000
-0.000000
-0.000000
-0.000000
-0.000000
-0.000000
-0.000000
-0.000000
-0.000000
-0.000000
-0.000000
-0.000000
-0.000000
-0.000000
-0.000000
-0.000000
-0.000000
-0.000000
-0.000000
-0.000000
-0.000000
-0.000000
-0.000000
-0.000000
-0.000000
-0.000000
-0.000000
-0.000000
-0.000000
-0.000000
-0.000000
-0.000000
-0.000000
-0.000000
-0.000000
-0.000000
-0.000000
-0.000000
-0.000000
-0.000000
-0.000000
-0.000000
-0.000000
-0.000000
-0.000000
-0.000000
-0.000000
-0.000000
-0.000000
-0.000000
-0.000000
-0.000000
-0.000000
-0.000000
-0.000000
-0.000000
-0.000000
-0.000000
-0.000000
-0.000000
0.000000
-0.000000
-0.000000
-0.000000
-0.000000
-0.000000
-0.000000
-0.000000
-0.000000
-0.000000
-0.000000
-0.000000
-0.000000
-0.000000
-0.000000
-0.000000
-0.000000
-0.000000
-0.000000
-0.000000
-0.000000
-0.000000
-0.000000
-0.000000
-0.000000
-0.000000
-0.000000
-0.000000
-0.000000
-0.000000
-0.000000
-0.000000
-0.000000
-0.000000
-0.000000
-0.000000
-0.000000
-0.000000
-0.000000
-0.000000
-0.000000
-0.000000
-0.000000
-0.000000
-0.000000
-0.000000
-0.000000
-0.000000
-0.000000
-0.000000
-0.000000
-0.000000
-0.000000
-0.000000
-0.000000
-0.000000
-0.000000
-0.000000
-0.000000
-0.000000
-0.000741
-0.000242
-0.000122
-0.000000
-0.000000
0.000052
-0.000098
-0.000000
-0.000000
-0.000000
-0.000284
-0.001930
-0.000086
-0.000000
-0.000000
0.000088
-0.000000
-0.000000
-0.000000
-0.000000
-0.000732
-0.000408
0.000016
-0.000000
-0.000000
-0.000268
0.000180
-0.000000
-0.000000
-0.000000
-0.000000
-0.000000
-0.000000
-0.000000
-0.000000
-0.000019
0.000085
-0.000000
-0.000000
-0.000000
-0.000000
-0.000023
-0.000043
-0.000000
-0.000000
-0.000168
-0.002064
0.000033
-0.000000
-0.000000
-0.000089
-0.000000
-0.000000
-0.000000
-0.000000
-0.000000
0.000585
-0.000099
-0.000000
-0.000000
-0.000188
-0.000000
-0.000000
-0.000000
-0.000000
-0.000000
-0.000044
-0.000000
-0.000000
-0.000000
-0.000000
-0.000000
-0.000000
-0.000000
-0.000000
-0.000000
-0.000000
-0.000000
-0.000000
-0.000000
-0.000000
-0.000345
-0.000000
-0.000000
-0.000000
-0.000000
-0.000034
-0.000000
-0.000000
-0.000000
-0.000000
-0.000050
0.000009
-0.000000
-0.000000
-0.000000
-0.000009
-0.000000
-0.000000
-0.000000
-0.000010
-0.000000
-0.000000
-0.000000
-0.000000
-0.000026
-0.000000
-0.000000
-0.000000
-0.000000
-0.000000
-0.000051
-0.000000
-0.000000
-0.000000
-0.000050
-0.000011
-0.000000
-0.000000
-0.000000
-0.000075
-0.000000
-0.000000
-0.000000
-0.000000
-0.000047
-0.000137
-0.000000
-0.000000
-0.000000
-0.001129
-0.006003
-0.000073
-0.000000
-0.000000
-0.000000
-0.000000
-0.000275
-0.000000
-0.000000
-0.005089
-0.002561
-0.000051
-0.000000
-0.000000
-0.000781
-0.000143
-0.000000
-0.000000
-0.000000
-0.000046
-0.000175
-0.000000
-0.000000
-0.000000
-0.000045
-0.000048
-0.000000
-0.000000
-0.000000
-0.000115
-0.000019
-0.000000
-0.000000
-0.000000
-0.004748
-0.015645
-0.000000
-0.000000
-0.000000
-0.000000
-0.000000
-0.000000
-0.000000
-0.000000
-0.001263
-0.002395
-0.001920
-0.000000
-0.000000
0.000000
-0.000000
-0.000000
-0.000000
-0.000000
-0.000000
-0.000000
-0.000000
-0.000000
-0.000000
-0.000000
-0.000000
-0.000000
-0.000000
-0.000000
-0.000000
-0.000000
-0.000000
-0.000000
-0.000000
-0.000000
-0.000000
-0.000000
-0.000000
-0.000000
-0.000000
-0.000000
-0.000000
-0.000000
-0.000000
-0.000000
-0.000000
-0.000000
-0.000000
-0.000000
-0.000000
-0.000000
-0.000000
-0.000000
-0.000000
-0.000000
-0.000000
-0.000000
-0.000000
-0.000000
-0.000000
-0.000000
-0.000000
-0.000000
-0.000000
-0.000000
-0.000000
-0.000000
-0.000000
-0.000000
-0.000000
-0.000000
-0.000000
-0.000000
-0.000000
-0.000000
-0.000000
-0.000000
-0.000000
-0.000000
-0.000000
-0.000000
-0.000000
-0.000000
-0.000000
-0.000000
-0.000000
-0.000000
-0.000000
-0.000000
-0.000000
-0.000000
-0.000000
-0.000000
-0.000000
-0.000000
-0.000000
-0.000000
-0.000000
-0.000000
-0.000000
-0.000000
-0.000000
-0.000000
-0.000000
-0.000000
-0.000000
-0.000000
-0.000000
-0.000000
-0.000000
-0.000000
-0.000000
-0.000000
-0.000000
-0.000000
-0.000000
-0.000000
-0.000000
-0.000000
-0.000000
-0.000000
-0.000000
-0.000000
-0.000000
-0.000000
-0.000000
-0.000000
-0.000000
-0.000000
-0.000000
-0.000000
-0.000000
-0.000000
-0.000000
0.000739
-0.000168
-0.000000
-0.000000
-0.000000
-0.000039
-0.000208
-0.000114
-0.000000
-0.000000
-0.003775
-0.009119
-0.000000
-0.000000
-0.000000
-0.000017
-0.000000
-0.000026
-0.000000
-0.000000
-0.009355
-0.004901
-0.000138
-0.000000
-0.000000
0.000055
-0.000043
-0.000000
-0.000000
-0.000000
-0.000328
-0.000591
-0.000063
-0.000000
-0.000000
-0.001949
-0.001622
-0.000000
-0.000000
-0.000000
-0.000092
-0.000026
-0.002319
-0.000000
-0.000000
-0.000000
-0.037159
0.000000
-0.000000
-0.000000
-0.000110
-0.000000
-0.000000
-0.000000
-0.000000
-0.000355
-0.003433
-0.001211
-0.000000
-0.000000
0.019253
-0.000537
0.000018
-0.000000
-0.000000
-0.000016
-0.000055
-0.000018
-0.000000
-0.000000
-0.029014
-0.178276
-0.001174
-0.000000
-0.000000
-0.000763
-0.000000
-0.000521
-0.000000
-0.000000
-0.057112
-0.087903
-0.000435
-0.000000
-0.000000
-0.004104
-0.000642
-0.000000
-0.000000
-0.000000
-0.000910
-0.001296
-0.000711
-0.000000
-0.000000
-0.009424
-0.002989
-0.000071
-0.000000
-0.000000
-0.001386
-0.000000
-0.014770
-0.000000
-0.000000
-0.042511
-0.000000
-0.000749
-0.000000
-0.000000
-0.000430
-0.000051
-0.000027
-0.000000
-0.000000
-0.001697
-0.014725
-0.013459
-0.000000
-0.000000
-0.000027
-0.000387
-0.000000
-0.000000
-0.000000
-0.000000
-0.000000
-0.000000
-0.000000
-0.000000
-0.000125
-0.000259
-0.000000
-0.000000
-0.000000
-0.000000
-0.000000
-0.000000
-0.000000
-0.000000
-0.000000
-0.000387
-0.000000
-0.000000
-0.000000
-0.000008
-0.000000
-0.000000
-0.000000
-0.000000
-0.000041
-0.000000
-0.000000
-0.000000
-0.000000
-0.000029
-0.000050
-0.000000
-0.000000
-0.000000
-0.000000
-0.000000
-0.000000
-0.000000
-0.000000
-0.000000
-0.000994
-0.000000
-0.000000
-0.000000
0.000062
-0.000000
-0.000000
-0.000000
-0.000000
-0.000000
-0.000000
-0.000030
-0.000000
-0.000000
-0.000000
-0.000000
-0.000000
-0.000000
-0.000000
-0.000000
-0.000000
-0.000000
-0.000000
-0.000000
-0.000000
-0.000000
-0.000000
-0.000000
-0.000000
-0.000000
-0.000000
-0.000000
-0.000000
-0.000000
-0.000000
-0.000000
-0.000000
-0.000000
-0.000000
-0.000000
-0.000000
-0.000000
-0.000000
-0.000000
-0.000000
-0.000000
-0.000000
-0.000000
-0.000000
-0.000000
-0.000000
-0.000000
-0.000000
-0.000000
-0.000000
-0.000000
-0.000000
-0.000000
-0.000000
-0.000000
-0.000000
-0.000000
-0.000000
-0.000000
-0.000000
-0.000000
-0.000000
-0.000000
-0.000000
-0.000000
-0.000000
-0.000000
-0.000000
-0.000000
-0.000000
-0.000000
-0.000000
-0.000000
-0.000000
-0.000000
-0.000000
-0.000000
-0.000000
-0.000000
-0.000000
-0.000000
-0.000000
-0.000000
-0.000000
-0.000000
-0.000000
-0.000000
-0.000000
-0.000000
-0.000000
-0.000000
-0.000000
-0.000000
-0.000000
-0.000000
-0.000000
-0.000000
-0.000000
-0.000000
-0.000000
-0.000000
-0.000000
-0.000000
-0.000000
-0.000000
-0.000000
-0.000000
-0.000000
-0.000000
-0.000000
-0.000000
-0.000000
-0.000000
-0.000000
-0.000000
-0.000000
-0.000000
-0.000000
-0.000000
-0.000000
-0.000000
-0.000000
-0.000000
-0.000000
-0.000000
-0.000000
-0.000000
-0.000000
-0.000000
0.002339
-0.000221
-0.000000
-0.000000
-0.000000
-0.000000
-0.000000
-0.000000
-0.000000
-0.000000
0.000029
-0.000677
-0.000029
-0.000000
-0.000000
0.000433
-0.000051
-0.000000
-0.000000
-0.000000
0.000002
-0.000900
-0.000325
-0.000000
-0.000000
0.004826
0.000437
-0.000000
-0.000000
-0.000000
-0.000051
-0.000000
-0.000000
-0.000000
-0.000000
0.000710
0.000967
-0.000000
-0.000000
-0.000000
0.000102
-0.000000
-0.000000
-0.000000
-0.000000
-0.000070
-0.000859
-0.000000
-0.000000
-0.000000
-0.000000
0.000001
-0.000000
-0.000000
-0.000000
-0.000000
0.000263
-0.000262
-0.000000
-0.000000
-0.000007
0.000018
-0.000000
-0.000000
-0.000000
-0.000000
-0.000000
-0.000000
-0.000000
-0.000000
-0.000000
-0.000074
-0.000000
-0.000000
-0.000000
0.000097
-0.000000
-0.000000
-0.000000
-0.000000
-0.000000
-0.000000
-0.000103
-0.000000
-0.000000
-0.000026
-0.000328
-0.000000
-0.000000
-0.000000
-0.000000
-0.000000
-0.000000
-0.000000
-0.000000
-0.000062
-0.000113
-0.000018
-0.000000
-0.000000
0.000002
-0.000000
-0.000000
-0.000000
-0.000000
-0.000000
-0.000051
-0.000000
-0.000000
-0.000000
0.000129
-0.000000
-0.000000
-0.000000
-0.000000
-0.000000
-0.000000
-0.000000
-0.000000
-0.000000
0.000000
-0.000000
-0.000000
-0.000000
-0.000000
-0.000000
-0.000073
-0.000000
-0.000000
-0.000000
-0.000000
-0.000045
-0.000000
-0.000000
-0.000000
-0.000000
-0.000000
-0.000000
-0.000000
-0.000000
-0.000172
-0.000232
-0.000000
-0.000000
-0.000000
0.000013
-0.000000
-0.000000
-0.000000
-0.000000
-0.000072
-0.000000
-0.000000
-0.000000
-0.000000
-0.000000
-0.000000
-0.000000
-0.000000
-0.000000
-0.000000
-0.000000
-0.000029
-0.000000
-0.000000
-0.000000
-0.000000
-0.000000
-0.000000
-0.000000
-0.000000
-0.000000
-0.000000
-0.000000
-0.000000
-0.000221
-0.000000
-0.000000
-0.000000
-0.000000
0.000000
-0.000000
-0.000000
-0.000000
-0.000000
-0.000000
-0.000000
-0.000000
-0.000000
-0.000000
-0.000000
-0.000000
-0.000000
-0.000000
-0.000000
-0.000000
-0.000000
-0.000000
-0.000000
-0.000000
-0.000000
-0.000000
-0.000000
-0.000000
-0.000000
-0.000000
-0.000000
-0.000000
-0.000000
-0.000000
-0.000000
-0.000000
-0.000000
-0.000000
-0.000000
-0.000000
-0.000000
-0.000000
-0.000000
-0.000000
-0.000000
-0.000000
-0.000000
-0.000000
-0.000000
-0.000000
-0.000000
-0.000000
-0.000000
-0.000000
-0.000000
-0.000000
-0.000000
-0.000000
-0.000000
-0.000000
-0.000000
-0.000000
-0.000000
-0.000000
0.000000
-0.000000
-0.000000
-0.000000
-0.000000
-0.000000
-0.000000
-0.000000
-0.000000
-0.000000
-0.000000
-0.000000
-0.000000
-0.000000
-0.000000
-0.000000
-0.000000
-0.000000
-0.000000
-0.000000
-0.000000
-0.000000
-0.000000
-0.000000
-0.000000
-0.000000
-0.000000
-0.000000
-0.000000
-0.000000
-0.000000
-0.000000
-0.000000
-0.000000
-0.000000
-0.000000
-0.000000
-0.000000
-0.000000
-0.000000
-0.000000
-0.000000
-0.000000
-0.000000
-0.000000
-0.000000
-0.000000
-0.000000
-0.000000
-0.000000
-0.000000
-0.000000
-0.000000
-0.000000
-0.000000
-0.000000
-0.000000
-0.000000
-0.000000
-0.000000
-0.000462
-0.000029
-0.000000
-0.000000
-0.000000
-0.000010
-0.000075
-0.000006
-0.000000
-0.000000
0.000052
-0.000269
0.000009
-0.000000
-0.000000
-0.000028
-0.000000
-0.000378
-0.000000
-0.000000
-0.043922
-0.011713
-0.000002
-0.000000
-0.000000
0.000209
-0.000047
-0.000000
-0.000000
-0.000000
-0.000112
-0.000210
-0.000372
-0.000000
-0.000000
-0.000224
-0.000000
-0.000000
-0.000000
-0.000000
-0.000000
-0.000175
-0.000758
-0.000000
-0.000000
-0.001554
-0.002609
0.000009
-0.000000
-0.000000
-0.000000
-0.000000
-0.000035
-0.000000
-0.000000
-0.000000
-0.001656
-0.000438
-0.000000
-0.000000
0.000459
-0.000601
-0.000188
-0.000000
-0.000000
-0.000049
-0.000429
-0.000048
-0.000000
-0.000000
-0.003412
-0.003181
-0.000000
-0.000000
-0.000000
-0.000000
-0.000000
-0.000000
-0.000000
-0.000000
-0.063185
-0.039337
0.000001
-0.000000
-0.000000
0.000158
-0.000000
-0.000000
-0.000000
-0.000000
-0.000018
-0.000222
-0.000277
-0.000000
-0.000000
-0.002620
-0.000047
-0.000027
-0.000000
-0.000000
-0.000014
-0.000000
-0.006992
-0.000000
-0.000000
-0.002678
-0.020167
-0.000026
-0.000000
-0.000000
-0.000017
-0.000000
-0.000029
-0.000000
-0.000000
-0.000831
-0.000000
-0.002970
-0.000000
-0.000000
-0.026926
-0.002224
-0.000000
-0.000000
-0.000000
-0.000000
-0.000073
-0.000427
-0.000000
-0.000000
-0.000490
-0.006681
-0.000066
-0.000000
-0.000000
-0.000000
-0.000000
-0.000000
-0.000000
-0.000000
-0.006066
-0.012378
0.000209
-0.000000
-0.000000
0.003760
-0.000373
-0.000018
-0.000000
-0.000000
-0.000181
0.000004
-0.000350
-0.000000
-0.000000
-0.000849
-0.000639
-0.000047
-0.000000
-0.000000
-0.000074
-0.000000
-0.002676
-0.000000
-0.000000
-0.000764
-0.013944
-0.000058
-0.000000
-0.000000
-0.000000
-0.000000
-0.000221
-0.000000
-0.000000
-0.000279
-0.005721
-0.000000
-0.000000
-0.000000
-0.000000
-0.000000
-0.000000
-0.000000
-0.000000
-0.000000
-0.000000
-0.000000
-0.000000
-0.000000
-0.000000
-0.000000
-0.000000
-0.000000
-0.000000
-0.000000
-0.000000
-0.000000
-0.000000
-0.000000
-0.000000
-0.000000
-0.000000
-0.000000
-0.000000
-0.000000
-0.000000
-0.000000
-0.000000
-0.000000
-0.000000
-0.000000
-0.000000
-0.000000
-0.000000
-0.000000
-0.000000
-0.000000
-0.000000
-0.000000
-0.000000
-0.000000
-0.000000
-0.000000
-0.000000
-0.000000
-0.000000
-0.000000
-0.000000
-0.000000
-0.000000
-0.000000
-0.000000
-0.000000
-0.000000
-0.000000
-0.000000
-0.000000
-0.000000
-0.000000
0.000000
-0.000000
-0.000000
-0.000000
-0.000000
-0.000000
-0.000000
-0.000000
-0.000000
-0.000000
-0.000000
-0.000000
-0.000000
-0.000000
-0.000000
-0.000000
-0.000000
-0.000000
-0.000000
-0.000000
-0.000000
-0.000000
-0.000000
-0.000000
-0.000000
-0.000000
-0.000000
-0.000000
-0.000000
-0.000000
-0.000000
-0.000000
-0.000000
-0.000000
-0.000000
-0.000000
-0.000000
-0.000000
-0.000000
-0.000000
-0.000000
-0.000000
-0.000000
-0.000000
-0.000000
-0.000000
-0.000000
-0.000000
-0.000000
-0.000000
-0.000000
-0.000000
-0.000000
-0.000000
-0.000000
-0.000000
-0.000000
-0.000000
-0.000000
-0.000000
60
0.020605
-0.002753
-0.000000
-0.000000
-0.000000
-0.000000
0.000114
0.000013
-0.000000
-0.000000
-0.003088
-0.002140
-0.000122
-0.000000
-0.000000
0.000049
-0.000000
-0.000000
-0.000000
-0.000000
-0.012128
-0.007998
-0.000038
-0.000000
-0.000000
0.001946
-0.000535
-0.000000
-0.000000
-0.000000
-0.000000
-0.000132
-0.000207
-0.000000
-0.000000
0.001683
0.000426
-0.000000
-0.000000
-0.000000
0.000006
-0.000000
-0.000539
-0.000000
-0.000000
-0.002529
-0.014599
-0.000000
-0.000000
-0.000000
-0.000182
-0.000000
-0.000000
-0.000000
-0.000000
-0.000455
-0.002056
-0.000810
-0.000000
-0.000000
