60
-4.08317126168016
-5.18178355034827
-5.18178355034827
-5.18178355034827
-5.18178355034827
-5.18178355034827
-4.48863636978832
-5.18178355034827
-5.18178355034827
-5.18178355034827
-3.57234563791417
-1.28996325223764
-5.18178355034827
-5.18178355034827
-5.18178355034827
-4.48863636978832
-5.18178355034827
-5.18178355034827
-5.18178355034827
-5.18178355034827
-3.79548918922838
-4.08317126168016
-5.18178355034827
-5.18178355034827
-5.18178355034827
-4.08317126168016
-5.18178355034827
-5.18178355034827
-5.18178355034827
-5.18178355034827
-5.18178355034827
-5.18178355034827
-5.18178355034827
-5.18178355034827
-5.18178355034827
-1.59826461189216
-3.39002408112021
-4.48863636978832
-5.18178355034827
-5.18178355034827
-5.18178355034827
-5.18178355034827
-5.18178355034827
-5.18178355034827
-5.18178355034827
-3.79548918922838
-3.57234563791417
-5.18178355034827
-5.18178355034827
-5.18178355034827
-5.18178355034827
-5.18178355034827
-5.18178355034827
-5.18178355034827
-5.18178355034827
-5.18178355034827
-3.79548918922838
-3.79548918922838
-5.18178355034827
-5.18178355034827
60 60
-19.3360578205615
-4.1431347278201
-4.12713438520638
-4.11087386433725
-4.11087386433725
-4.14313472670899
-4.15888308382842
-4.51085950937399
-4.11087386433725
-4.11087386433725
-3.06222202580236
-2.95837650706954
-2.91777074046266
-4.11087386433725
-4.11087386433725
-4.27666612026606
-4.14313472670899
-4.20469262043574
-4.11087386433725
-4.11087386433725
-5.39362756012509
-4.15575319480215
-4.4659081192293
-4.11087386433725
-4.11087386433725
-2.19463725781272
-3.70130197435941
-4.12713438520638
-4.11087386433725
-4.11087386433725
-4.29045945169633
-4.20469261954022
-4.55387689444265
-4.11087386433725
-4.11087386433725
-2.21618251176941
-2.40974727322338
-4.41884061068816
-4.11087386433725
-4.11087386433725
-4.34380542276277
-4.11087386433725
-3.93182563527335
-4.11087386433725
-4.11087386433725
-4.62986280179797
-3.3758795778018
-4.20469261983873
-4.11087386433725
-4.11087386433725
-3.53611670092075
-4.14313472655026
-4.14313473004233
-4.11087386433725
-4.11087386433725
-4.4426512611962
-4.08877352203298
-3.20960220236859
-4.11087386433725
-4.11087386433725
-4.2250072647458
-20.3665908944363
-4.12713438520638
-4.11087386433725
-4.11087386433725
-4.14313472670899
-4.15888308382842
-4.51085950937399
-4.11087386433725
-4.11087386433725
-5.83481074804214
-4.56781441950364
-4.30406510158255
-4.11087386433725
-4.11087386433725
-3.58351893970611
-4.14313472670899
-4.20469262043574
-4.11087386433725
-4.11087386433725
-5.39362756012509
-5.76519110723625
-4.4659081192293
-4.11087386433725
-4.11087386433725
-4.34639946107218
-4.39444915491935
-4.12713438520638
-4.11087386433725
-4.11087386433725
-4.29045945169633
-4.20469261954022
-4.55387689444265
-4.11087386433725
-4.11087386433725
-5.94907885130012
-3.42957868403838
-4.41884061068816
-4.11087386433725
-4.11087386433725
-4.34380542276277
-4.11087386433725
-4.62497281583329
-4.11087386433725
-4.11087386433725
-5.32300998235792
-5.04985601137347
-4.20469261983873
-4.11087386433725
-4.11087386433725
-3.94158180902891
-3.04452243788215
-4.14313473004233
-4.11087386433725
-4.11087386433725
-4.4426512611962
-5.18738581070109
-5.77455155983012
-4.11087386433725
-4.11087386433725
-6.30444880642564
-4.83628190838005
-22.5478151291587
-4.11087386433725
-4.11087386433725
-4.14313472670899
-4.15888308382842
-4.51085950937399
-4.11087386433725
-4.11087386433725
-6.52795792860208
-6.91918967666712
-4.99721228214249
-4.11087386433725
-4.11087386433725
-4.27666612026606
-4.14313472670899
-4.20469262043574
-4.11087386433725
-4.11087386433725
-5.39362756012509
-5.76519110723625
-4.4659081192293
-4.11087386433725
-4.11087386433725
-5.95583737350628
-4.39444915491935
-4.12713438520638
-4.11087386433725
-4.11087386433725
-4.29045945169633
-4.20469261954022
-4.55387689444265
-4.11087386433725
-4.11087386433725
-7.55851676373422
-6.52062113739669
-4.41884061068816
-4.11087386433725
-4.11087386433725
-3.65065824220283
-4.11087386433725
-4.62497281583329
-4.11087386433725
-4.11087386433725
-5.32300998235792
-6.14846830004158
-4.20469261983873
-4.11087386433725
-4.11087386433725
-4.63472898958886
-4.14313472655026
-4.14313473004233
-4.11087386433725
-4.11087386433725
-4.4426512611962
-5.18738581070109
-5.77455155983012
-4.11087386433725
-4.11087386433725
-6.30444880642564
-4.83628190838005
-4.12713438520638
-22.5315546082896
-4.11087386433725
-4.14313472670899
-4.15888308382842
-4.51085950937399
-4.11087386433725
-4.11087386433725
-6.52795792860208
-7.61233685722706
-4.99721228214249
-4.11087386433725
-4.11087386433725
-4.27666612026606
-4.14313472670899
-4.20469262043574
-4.11087386433725
-4.11087386433725
-5.39362756012509
-5.76519110723625
-4.4659081192293
-4.11087386433725
-4.11087386433725
-5.95583737350628
-4.39444915491935
-4.12713438520638
-4.11087386433725
-4.11087386433725
-4.29045945169633
-4.20469261954022
-4.55387689444265
-4.11087386433725
-4.11087386433725
-7.55851676373422
-6.52062113739669
-4.41884061068816
-4.11087386433725
-4.11087386433725
-4.34380542276277
-4.11087386433725
-4.62497281583329
-4.11087386433725
-4.11087386433725
-5.32300998235792
-6.14846830004158
-4.20469261983873
-4.11087386433725
-4.11087386433725
-4.63472898958886
-4.14313472655026
-4.14313473004233
-4.11087386433725
-4.11087386433725
-4.4426512611962
-5.18738581070109
-5.77455155983012
-4.11087386433725
-4.11087386433725
-6.30444880642564
-4.83628190838005
-4.12713438520638
-4.11087386433725
-22.5315546082896
-4.14313472670899
-4.15888308382842
-4.51085950937399
-4.11087386433725
-4.11087386433725
-6.52795792860208
-7.61233685722706
-4.99721228214249
-4.11087386433725
-4.11087386433725
-4.27666612026606
-4.14313472670899
-4.20469262043574
-4.11087386433725
-4.11087386433725
-5.39362756012509
-5.76519110723625
-4.4659081192293
-4.11087386433725
-4.11087386433725
-5.95583737350628
-4.39444915491935
-4.12713438520638
-4.11087386433725
-4.11087386433725
-4.29045945169633
-4.20469261954022
-4.55387689444265
-4.11087386433725
-4.11087386433725
-7.55851676373422
-6.52062113739669
-4.41884061068816
-4.11087386433725
-4.11087386433725
-4.34380542276277
-4.11087386433725
-4.62497281583329
-4.11087386433725
-4.11087386433725
-5.32300998235792
-6.14846830004158
-4.20469261983873
-4.11087386433725
-4.11087386433725
-4.63472898958886
-4.14313472655026
-4.14313473004233
-4.11087386433725
-4.11087386433725
-4.4426512611962
-5.18738581070109
-5.77455155983012
-4.11087386433725
-4.11087386433725
-6.30444880642564
-4.83628190838005
-4.12713438520638
-4.11087386433725
-4.11087386433725
-21.8706682901014
-4.15888308382842
-4.51085950937399
-4.11087386433725
-4.11087386433725
-6.52795792860208
-7.61233685722706
-4.99721228214249
-4.11087386433725
-4.11087386433725
-4.27666612026606
-4.14313472670899
-4.20469262043574
-4.11087386433725
-4.11087386433725
-5.39362756012509
-5.76519110723625
-4.4659081192293
-4.11087386433725
-4.11087386433725
-5.95583737350628
-4.39444915491935
-3.43398720464644
-4.11087386433725
-4.11087386433725
-4.29045945169633
-4.20469261954022
-4.55387689444265
-4.11087386433725
-4.11087386433725
-7.55851676373422
-6.52062113739669
-4.41884061068816
-4.11087386433725
-4.11087386433725
-4.34380542276277
-4.11087386433725
-4.62497281583329
-4.11087386433725
-4.11087386433725
-4.62986280179797
-6.14846830004158
-4.20469261983873
-4.11087386433725
-4.11087386433725
-4.63472898958886
-4.14313472655026
-4.14313473004233
-4.11087386433725
-4.11087386433725
-4.4426512611962
-5.18738581070109
-5.77455155983012
-4.11087386433725
-4.11087386433725
-6.30444880642564
-4.83628190838005
-4.12713438520638
-4.11087386433725
-4.11087386433725
-3.44998754614905
-21.4809515391127
-4.51085950937399
-4.11087386433725
-4.11087386433725
-6.52795792860208
-7.61233685722706
-4.99721228214249
-4.11087386433725
-4.11087386433725
-4.27666612026606
-4.14313472670899
-4.20469262043574
-4.11087386433725
-4.11087386433725
-5.39362756012509
-5.76519110723625
-4.4659081192293
-4.11087386433725
-4.11087386433725
-5.95583737350628
-4.39444915491935
-4.12713438520638
-4.11087386433725
-4.11087386433725
-4.29045945169633
-4.20469261954022
-4.55387689444265
-4.11087386433725
-4.11087386433725
-7.55851676373422
-6.52062113739669
-4.41884061068816
-4.11087386433725
-4.11087386433725
-4.34380542276277
-4.11087386433725
-4.62497281583329
-4.11087386433725
-4.11087386433725
-5.32300998235792
-6.14846830004158
-4.20469261983873
-4.11087386433725
-4.11087386433725
-4.63472898958886
-4.14313472655026
-3.44998754948238
-4.11087386433725
-4.11087386433725
-4.4426512611962
-5.18738581070109
-5.77455155983012
-4.11087386433725
-4.11087386433725
-6.30444880642564
-4.83628190838005
-4.12713438520638
-4.11087386433725
-4.11087386433725
-4.14313472670899
-4.15888308382842
-19.6734437153049
-4.11087386433725
-4.11087386433725
-4.22537283560804
-5.53289531554723
-4.99721228214249
-4.11087386433725
-4.11087386433725
-4.27666612026606
-4.14313472670899
-4.20469262043574
-4.11087386433725
-4.11087386433725
-5.39362756012509
-5.76519110723625
-3.07961375810941
-4.11087386433725
-4.11087386433725
-5.95583737350628
-4.39444915491935
-4.12713438520638
-4.11087386433725
-4.11087386433725
-4.29045945169633
-4.20469261954022
-4.55387689444265
-4.11087386433725
-4.11087386433725
-5.61260661467891
-5.82747395683675
-4.41884061068816
-4.11087386433725
-4.11087386433725
-4.34380542276277
-4.11087386433725
-4.62497281583329
-4.11087386433725
-4.11087386433725
-5.32300998235792
-6.14846830004158
-4.20469261983873
-4.11087386433725
-4.11087386433725
-4.63472898958886
-4.14313472655026
-4.14313473004233
-4.11087386433725
-4.11087386433725
-4.4426512611962
-4.08877352203298
-5.77455155983012
-4.11087386433725
-4.11087386433725
-6.30444880642564
-4.83628190838005
-4.12713438520638
-4.11087386433725
-4.11087386433725
-4.14313472670899
-4.15888308382842
-4.51085950937399
-22.5315546082896
-4.11087386433725
-6.52795792860208
-7.61233685722706
-4.99721228214249
-4.11087386433725
-4.11087386433725
-4.27666612026606
-4.14313472670899
-4.20469262043574
-4.11087386433725
-4.11087386433725
-5.39362756012509
-5.76519110723625
-4.4659081192293
-4.11087386433725
-4.11087386433725
-5.95583737350628
-4.39444915491935
-4.12713438520638
-4.11087386433725
-4.11087386433725
-4.29045945169633
-4.20469261954022
-4.55387689444265
-4.11087386433725
-4.11087386433725
-7.55851676373422
-6.52062113739669
-4.41884061068816
-4.11087386433725
-4.11087386433725
-4.34380542276277
-4.11087386433725
-4.62497281583329
-4.11087386433725
-4.11087386433725
-5.32300998235792
-6.14846830004158
-4.20469261983873
-4.11087386433725
-4.11087386433725
-4.63472898958886
-4.14313472655026
-4.14313473004233
-4.11087386433725
-4.11087386433725
-4.4426512611962
-5.18738581070109
-5.77455155983012
-4.11087386433725
-4.11087386433725
-6.30444880642564
-4.83628190838005
-4.12713438520638
-4.11087386433725
-4.11087386433725
-4.14313472670899
-4.15888308382842
-4.51085950937399
-4.11087386433725
-22.5315546082896
-6.52795792860208
-7.61233685722706
-4.99721228214249
-4.11087386433725
-4.11087386433725
-4.27666612026606
-4.14313472670899
-4.20469262043574
-4.11087386433725
-4.11087386433725
-5.39362756012509
-5.76519110723625
-4.4659081192293
-4.11087386433725
-4.11087386433725
-5.95583737350628
-4.39444915491935
-4.12713438520638
-4.11087386433725
-4.11087386433725
-4.29045945169633
-4.20469261954022
-4.55387689444265
-4.11087386433725
-4.11087386433725
-7.55851676373422
-6.52062113739669
-4.41884061068816
-4.11087386433725
-4.11087386433725
-4.34380542276277
-4.11087386433725
-4.62497281583329
-4.11087386433725
-4.11087386433725
-5.32300998235792
-6.14846830004158
-4.20469261983873
-4.11087386433725
-4.11087386433725
-4.63472898958886
-4.14313472655026
-4.14313473004233
-4.11087386433725
-4.11087386433725
-4.4426512611962
-5.18738581070109
-5.77455155983012
-4.11087386433725
-4.11087386433725
-2.93715297643916
-2.533696815386
-4.12713438520638
-4.11087386433725
-4.11087386433725
-4.14313472670899
-4.15888308382842
-2.02595285958599
-4.11087386433725
-4.11087386433725
-18.3272330207903
-2.12339913107038
-3.89859999347438
-4.11087386433725
-4.11087386433725
-3.58351893970611
-4.14313472670899
-4.20469262043574
-4.11087386433725
-4.11087386433725
-3.19640298278887
-2.20984304574684
-3.77276093866935
-4.11087386433725
-4.11087386433725
-4.34639946107218
-3.70130197435941
-4.12713438520638
-4.11087386433725
-4.11087386433725
-3.19184716302823
-2.81839825842033
-2.94443898200855
-4.11087386433725
-4.11087386433725
-2.60975687335605
-3.22478427139237
-4.41884061068816
-4.11087386433725
-4.11087386433725
-2.95751106164288
-4.11087386433725
-2.06002345837175
-4.11087386433725
-4.11087386433725
-2.14495615200997
-2.36427866612332
-3.10608033117062
-4.11087386433725
-4.11087386433725
-3.94158180902891
-4.14313472655026
-4.14313473004233
-4.11087386433725
-4.11087386433725
-4.4426512611962
-2.05189159477194
-4.16511364739602
-4.11087386433725
-4.11087386433725
-1.98696069288933
-2.75684036670021
-4.12713438520638
-4.11087386433725
-4.11087386433725
-4.14313472670899
-4.15888308382842
-2.90142159693989
-4.11087386433725
-4.11087386433725
-1.04316099511143
-17.7245720807937
-1.50070472067601
-4.11087386433725
-4.11087386433725
-3.58351893970611
-3.44998754614905
-4.20469262043574
-4.11087386433725
-4.11087386433725
-1.44238384154366
-1.31084381098275
-2.38646657754946
-4.11087386433725
-4.11087386433725
-1.81270264711475
-2.44853900586404
-4.12713438520638
-4.11087386433725
-4.11087386433725
-2.2110179100165
-3.51154543898027
-2.60796674538733
-4.11087386433725
-4.11087386433725
-0.847993654281791
-1.43302480216431
-3.03254624956827
-4.11087386433725
-4.11087386433725
-2.73436751032867
-4.11087386433725
-1.36687627781181
-4.11087386433725
-4.11087386433725
-1.60943791565361
-0.906721284981937
-2.81839825871884
-4.11087386433725
-4.11087386433725
-1.63899671603487
-4.14313472655026
-4.14313473004233
-4.11087386433725
-4.11087386433725
-2.8332133487621
-2.35417246664488
-1.8233078412487
-4.11087386433725
-4.11087386433725
-4.91815444530575
-4.83628190838005
-4.12713438520638
-4.11087386433725
-4.11087386433725
-4.14313472670899
-4.15888308382842
-3.81771232881405
-4.11087386433725
-4.11087386433725
-4.91852001616798
-3.72051655911644
-18.5976114604898
-4.11087386433725
-4.11087386433725
-4.27666612026606
-4.14313472670899
-4.20469262043574
-4.11087386433725
-4.11087386433725
-5.39362756012509
-5.76519110723625
-4.4659081192293
-4.11087386433725
-4.11087386433725
-5.95583737350628
-4.39444915491935
-4.12713438520638
-4.11087386433725
-4.11087386433725
-4.29045945169633
-4.20469261954022
-4.55387689444265
-4.11087386433725
-4.11087386433725
-4.19122093374775
-6.52062113739669
-4.41884061068816
-4.11087386433725
-4.11087386433725
-4.34380542276277
-4.11087386433725
-4.62497281583329
-4.11087386433725
-4.11087386433725
-5.32300998235792
-6.14846830004158
-3.51154543927878
-4.11087386433725
-4.11087386433725
-4.63472898958886
-4.14313472655026
-4.14313473004233
-4.11087386433725
-4.11087386433725
-4.4426512611962
-5.18738581070109
-5.08140437927018
-4.11087386433725
-4.11087386433725
-6.30444880642564
-4.83628190838005
-4.12713438520638
-4.11087386433725
-4.11087386433725
-4.14313472670899
-4.15888308382842
-4.51085950937399
-4.11087386433725
-4.11087386433725
-6.52795792860208
-7.61233685722706
-4.99721228214249
-22.5315546082896
-4.11087386433725
-4.27666612026606
-4.14313472670899
-4.20469262043574
-4.11087386433725
-4.11087386433725
-5.39362756012509
-5.76519110723625
-4.4659081192293
-4.11087386433725
-4.11087386433725
-5.95583737350628
-4.39444915491935
-4.12713438520638
-4.11087386433725
-4.11087386433725
-4.29045945169633
-4.20469261954022
-4.55387689444265
-4.11087386433725
-4.11087386433725
-7.55851676373422
-6.52062113739669
-4.41884061068816
-4.11087386433725
-4.11087386433725
-4.34380542276277
-4.11087386433725
-4.62497281583329
-4.11087386433725
-4.11087386433725
-5.32300998235792
-6.14846830004158
-4.20469261983873
-4.11087386433725
-4.11087386433725
-4.63472898958886
-4.14313472655026
-4.14313473004233
-4.11087386433725
-4.11087386433725
-4.4426512611962
-5.18738581070109
-5.77455155983012
-4.11087386433725
-4.11087386433725
-6.30444880642564
-4.83628190838005
-4.12713438520638
-4.11087386433725
-4.11087386433725
-4.14313472670899
-4.15888308382842
-4.51085950937399
-4.11087386433725
-4.11087386433725
-6.52795792860208
-7.61233685722706
-4.99721228214249
-4.11087386433725
-22.5315546082896
-4.27666612026606
-4.14313472670899
-4.20469262043574
-4.11087386433725
-4.11087386433725
-5.39362756012509
-5.76519110723625
-4.4659081192293
-4.11087386433725
-4.11087386433725
-5.95583737350628
-4.39444915491935
-4.12713438520638
-4.11087386433725
-4.11087386433725
-4.29045945169633
-4.20469261954022
-4.55387689444265
-4.11087386433725
-4.11087386433725
-7.55851676373422
-6.52062113739669
-4.41884061068816
-4.11087386433725
-4.11087386433725
-4.34380542276277
-4.11087386433725
-4.62497281583329
-4.11087386433725
-4.11087386433725
-5.32300998235792
-6.14846830004158
-4.20469261983873
-4.11087386433725
-4.11087386433725
-4.63472898958886
-4.14313472655026
-4.14313473004233
-4.11087386433725
-4.11087386433725
-4.4426512611962
-5.18738581070109
-5.77455155983012
-4.11087386433725
-4.11087386433725
-5.61130162586569
-3.44998754726016
-4.12713438520638
-4.11087386433725
-4.11087386433725
-4.14313472670899
-4.15888308382842
-4.51085950937399
-4.11087386433725
-4.11087386433725
-5.83481074804214
-7.61233685722706
-4.99721228214249
-4.11087386433725
-4.11087386433725
-20.5001222868822
-4.14313472670899
-4.20469262043574
-4.11087386433725
-4.11087386433725
-5.39362756012509
-5.76519110723625
-4.4659081192293
-4.11087386433725
-4.11087386433725
-5.95583737350628
-4.39444915491935
-4.12713438520638
-4.11087386433725
-4.11087386433725
-4.29045945169633
-4.20469261954022
-4.55387689444265
-4.11087386433725
-4.11087386433725
-7.55851676373422
-4.91118322496259
-4.41884061068816
-4.11087386433725
-4.11087386433725
-4.34380542276277
-4.11087386433725
-4.62497281583329
-4.11087386433725
-4.11087386433725
-5.32300998235792
-6.14846830004158
-4.20469261983873
-4.11087386433725
-4.11087386433725
-3.94158180902891
-4.14313472655026
-4.14313473004233
-4.11087386433725
-4.11087386433725
-4.4426512611962
-5.18738581070109
-5.77455155983012
-4.11087386433725
-4.11087386433725
-6.30444880642564
-4.83628190838005
-4.12713438520638
-4.11087386433725
-4.11087386433725
-4.14313472670899
-4.15888308382842
-4.51085950937399
-4.11087386433725
-4.11087386433725
-5.83481074804214
-7.61233685722706
-4.99721228214249
-4.11087386433725
-4.11087386433725
-4.27666612026606
-21.8706682901014
-4.20469262043574
-4.11087386433725
-4.11087386433725
-5.39362756012509
-5.76519110723625
-4.4659081192293
-4.11087386433725
-4.11087386433725
-5.95583737350628
-4.39444915491935
-4.12713438520638
-4.11087386433725
-4.11087386433725
-4.29045945169633
-4.20469261954022
-4.55387689444265
-4.11087386433725
-4.11087386433725
-7.55851676373422
-5.82747395683675
-4.41884061068816
-4.11087386433725
-4.11087386433725
-4.34380542276277
-4.11087386433725
-4.62497281583329
-4.11087386433725
-4.11087386433725
-5.32300998235792
-6.14846830004158
-4.20469261983873
-4.11087386433725
-4.11087386433725
-4.63472898958886
-4.14313472655026
-4.14313473004233
-4.11087386433725
-4.11087386433725
-4.4426512611962
-5.18738581070109
-5.77455155983012
-4.11087386433725
-4.11087386433725
-6.30444880642564
-4.83628190838005
-4.12713438520638
-4.11087386433725
-4.11087386433725
-4.14313472670899
-4.15888308382842
-4.51085950937399
-4.11087386433725
-4.11087386433725
-6.52795792860208
-7.61233685722706
-4.99721228214249
-4.11087386433725
-4.11087386433725
-4.27666612026606
-4.14313472670899
-20.6794632153328
-4.11087386433725
-4.11087386433725
-4.0073331990052
-5.76519110723625
-4.4659081192293
-4.11087386433725
-4.11087386433725
-5.95583737350628
-4.39444915491935
-4.12713438520638
-4.11087386433725
-4.11087386433725
-4.29045945169633
-4.20469261954022
-4.55387689444265
-4.11087386433725
-4.11087386433725
-7.55851676373422
-6.52062113739669
-4.41884061068816
-4.11087386433725
-4.11087386433725
-4.34380542276277
-4.11087386433725
-4.62497281583329
-4.11087386433725
-4.11087386433725
-5.32300998235792
-6.14846830004158
-4.20469261983873
-4.11087386433725
-4.11087386433725
-4.63472898958886
-4.14313472655026
-4.14313473004233
-4.11087386433725
-4.11087386433725
-2.49674111214089
-5.18738581070109
-5.77455155983012
-4.11087386433725
-4.11087386433725
-6.30444880642564
-4.83628190838005
-4.12713438520638
-4.11087386433725
-4.11087386433725
-4.14313472670899
-4.15888308382842
-4.51085950937399
-4.11087386433725
-4.11087386433725
-6.52795792860208
-7.61233685722706
-4.99721228214249
-4.11087386433725
-4.11087386433725
-4.27666612026606
-4.14313472670899
-4.20469262043574
-22.5315546082896
-4.11087386433725
-5.39362756012509
-5.76519110723625
-4.4659081192293
-4.11087386433725
-4.11087386433725
-5.95583737350628
-4.39444915491935
-4.12713438520638
-4.11087386433725
-4.11087386433725
-4.29045945169633
-4.20469261954022
-4.55387689444265
-4.11087386433725
-4.11087386433725
-7.55851676373422
-6.52062113739669
-4.41884061068816
-4.11087386433725
-4.11087386433725
-4.34380542276277
-4.11087386433725
-4.62497281583329
-4.11087386433725
-4.11087386433725
-5.32300998235792
-6.14846830004158
-4.20469261983873
-4.11087386433725
-4.11087386433725
-4.63472898958886
-4.14313472655026
-4.14313473004233
-4.11087386433725
-4.11087386433725
-4.4426512611962
-5.18738581070109
-5.77455155983012
-4.11087386433725
-4.11087386433725
-6.30444880642564
-4.83628190838005
-4.12713438520638
-4.11087386433725
-4.11087386433725
-4.14313472670899
-4.15888308382842
-4.51085950937399
-4.11087386433725
-4.11087386433725
-6.52795792860208
-7.61233685722706
-4.99721228214249
-4.11087386433725
-4.11087386433725
-4.27666612026606
-4.14313472670899
-4.20469262043574
-4.11087386433725
-22.5315546082896
-5.39362756012509
-5.76519110723625
-4.4659081192293
-4.11087386433725
-4.11087386433725
-5.95583737350628
-4.39444915491935
-4.12713438520638
-4.11087386433725
-4.11087386433725
-4.29045945169633
-4.20469261954022
-4.55387689444265
-4.11087386433725
-4.11087386433725
-7.55851676373422
-6.52062113739669
-4.41884061068816
-4.11087386433725
-4.11087386433725
-4.34380542276277
-4.11087386433725
-4.62497281583329
-4.11087386433725
-4.11087386433725
-5.32300998235792
-6.14846830004158
-4.20469261983873
-4.11087386433725
-4.11087386433725
-4.63472898958886
-4.14313472655026
-4.14313473004233
-4.11087386433725
-4.11087386433725
-4.4426512611962
-5.18738581070109
-5.77455155983012
-4.11087386433725
-4.11087386433725
-4.91815444530575
-4.83628190838005
-4.12713438520638
-4.11087386433725
-4.11087386433725
-4.14313472670899
-4.15888308382842
-4.51085950937399
-4.11087386433725
-4.11087386433725
-3.63758617070592
-3.8746672389437
-3.89859999347438
-4.11087386433725
-4.11087386433725
-4.27666612026606
-4.14313472670899
-3.10608033176763
-4.11087386433725
-4.11087386433725
-18.1005754985681
-3.9734316380082
-4.4659081192293
-4.11087386433725
-4.11087386433725
-3.65325228051223
-4.39444915491935
-4.12713438520638
-4.11087386433725
-4.11087386433725
-4.29045945169633
-3.51154543898027
-4.55387689444265
-4.11087386433725
-4.11087386433725
-5.16062149093585
-6.52062113739669
-4.41884061068816
-4.11087386433725
-4.11087386433725
-2.73436751032867
-4.11087386433725
-4.62497281583329
-4.11087386433725
-4.11087386433725
-2.43263822446175
-3.95124372270536
-4.20469261983873
-4.11087386433725
-4.11087386433725
-4.63472898958886
-4.14313472655026
-4.14313473004233
-4.11087386433725
-4.11087386433725
-3.34403897252809
-2.88480071770705
-2.59649772948218
-4.11087386433725
-4.11087386433725
-4.35853865737032
-4.83628190838005
-4.12713438520638
-4.11087386433725
-4.11087386433725
-4.14313472670899
-4.15888308382842
-4.51085950937399
-4.11087386433725
-4.11087386433725
-3.19575341842688
-3.3782303526298
-4.99721228214249
-4.11087386433725
-4.11087386433725
-4.27666612026606
-4.14313472670899
-4.20469262043574
-4.11087386433725
-4.11087386433725
-3.31418601844525
-19.2300447935874
-4.4659081192293
-4.11087386433725
-4.11087386433725
-4.56954301238639
-4.39444915491935
-4.12713438520638
-4.11087386433725
-4.11087386433725
-4.29045945169633
-4.20469261954022
-2.06897024465465
-4.11087386433725
-4.11087386433725
-3.60727304515279
-3.74803241515691
-4.41884061068816
-4.11087386433725
-4.11087386433725
-4.34380542276277
-4.11087386433725
-4.62497281583329
-4.11087386433725
-4.11087386433725
-3.1257854050217
-2.8903717620201
-4.20469261983873
-4.11087386433725
-4.11087386433725
-4.63472898958886
-4.14313472655026
-4.14313473004233
-4.11087386433725
-4.11087386433725
-3.05635690007631
-2.78949053790272
-2.55567573496192
-4.11087386433725
-4.11087386433725
-6.30444880642564
-4.83628190838005
-4.12713438520638
-4.11087386433725
-4.11087386433725
-4.14313472670899
-4.15888308382842
-4.51085950937399
-4.11087386433725
-4.11087386433725
-5.83481074804214
-5.04738749976553
-4.99721228214249
-4.11087386433725
-4.11087386433725
-4.27666612026606
-4.14313472670899
-4.20469262043574
-4.11087386433725
-4.11087386433725
-5.39362756012509
-5.07204392667631
-21.2771509507476
-4.11087386433725
-4.11087386433725
-5.95583737350628
-4.39444915491935
-4.12713438520638
-4.11087386433725
-4.11087386433725
-4.29045945169633
-4.20469261954022
-4.55387689444265
-4.11087386433725
-4.11087386433725
-5.07361011394622
-6.52062113739669
-4.41884061068816
-4.11087386433725
-4.11087386433725
-4.34380542276277
-4.11087386433725
-4.62497281583329
-4.11087386433725
-4.11087386433725
-5.32300998235792
-6.14846830004158
-4.20469261983873
-4.11087386433725
-4.11087386433725
-4.63472898958886
-4.14313472655026
-4.14313473004233
-4.11087386433725
-4.11087386433725
-4.4426512611962
-5.18738581070109
-5.77455155983012
-4.11087386433725
-4.11087386433725
-6.30444880642564
-4.83628190838005
-4.12713438520638
-4.11087386433725
-4.11087386433725
-4.14313472670899
-4.15888308382842
-4.51085950937399
-4.11087386433725
-4.11087386433725
-6.52795792860208
-7.61233685722706
-4.99721228214249
-4.11087386433725
-4.11087386433725
-4.27666612026606
-4.14313472670899
-4.20469262043574
-4.11087386433725
-4.11087386433725
-5.39362756012509
-5.76519110723625
-4.4659081192293
-22.5315546082896
-4.11087386433725
-5.95583737350628
-4.39444915491935
-4.12713438520638
-4.11087386433725
-4.11087386433725
-4.29045945169633
-4.20469261954022
-4.55387689444265
-4.11087386433725
-4.11087386433725
-7.55851676373422
-6.52062113739669
-4.41884061068816
-4.11087386433725
-4.11087386433725
-4.34380542276277
-4.11087386433725
-4.62497281583329
-4.11087386433725
-4.11087386433725
-5.32300998235792
-6.14846830004158
-4.20469261983873
-4.11087386433725
-4.11087386433725
-4.63472898958886
-4.14313472655026
-4.14313473004233
-4.11087386433725
-4.11087386433725
-4.4426512611962
-5.18738581070109
-5.77455155983012
-4.11087386433725
-4.11087386433725
-6.30444880642564
-4.83628190838005
-4.12713438520638
-4.11087386433725
-4.11087386433725
-4.14313472670899
-4.15888308382842
-4.51085950937399
-4.11087386433725
-4.11087386433725
-6.52795792860208
-7.61233685722706
-4.99721228214249
-4.11087386433725
-4.11087386433725
-4.27666612026606
-4.14313472670899
-4.20469262043574
-4.11087386433725
-4.11087386433725
-5.39362756012509
-5.76519110723625
-4.4659081192293
-4.11087386433725
-22.5315546082896
-5.95583737350628
-4.39444915491935
-4.12713438520638
-4.11087386433725
-4.11087386433725
-4.29045945169633
-4.20469261954022
-4.55387689444265
-4.11087386433725
-4.11087386433725
-7.55851676373422
-6.52062113739669
-4.41884061068816
-4.11087386433725
-4.11087386433725
-4.34380542276277
-4.11087386433725
-4.62497281583329
-4.11087386433725
-4.11087386433725
-5.32300998235792
-6.14846830004158
-4.20469261983873
-4.11087386433725
-4.11087386433725
-4.63472898958886
-4.14313472655026
-4.14313473004233
-4.11087386433725
-4.11087386433725
-4.4426512611962
-5.18738581070109
-5.77455155983012
-4.11087386433725
-4.11087386433725
-2.93715297643916
-3.73766961971194
-4.12713438520638
-4.11087386433725
-4.11087386433725
-4.14313472670899
-4.15888308382842
-4.51085950937399
-4.11087386433725
-4.11087386433725
-4.73619845937403
-2.87613840883257
-4.30406510158255
-4.11087386433725
-4.11087386433725
-4.27666612026606
-4.14313472670899
-3.5115454398758
-4.11087386433725
-4.11087386433725
-4.70048037956514
-3.56796652990004
-3.77276093866935
-4.11087386433725
-4.11087386433725
-19.3266621102091
-4.39444915491935
-4.12713438520638
-4.11087386433725
-4.11087386433725
-4.29045945169633
-4.20469261954022
-3.8607297138827
-4.11087386433725
-4.11087386433725
-3.00463987213368
-3.05488523459697
-4.41884061068816
-4.11087386433725
-4.11087386433725
-3.65065824220283
-4.11087386433725
-4.62497281583329
-4.11087386433725
-4.11087386433725
-5.32300998235792
-4.06902675836174
-4.20469261983873
-4.11087386433725
-4.11087386433725
-2.23683371679049
-4.14313472655026
-4.14313473004233
-4.11087386433725
-4.11087386433725
-4.4426512611962
-5.18738581070109
-3.5773269824939
-4.11087386433725
-4.11087386433725
-5.61130162586569
-3.44998754726016
-4.12713438520638
-4.11087386433725
-4.11087386433725
-4.14313472670899
-4.15888308382842
-4.51085950937399
-4.11087386433725
-4.11087386433725
-5.83481074804214
-5.30975176423302
-4.99721228214249
-4.11087386433725
-4.11087386433725
-3.58351893970611
-4.14313472670899
-4.20469262043574
-4.11087386433725
-4.11087386433725
-5.39362756012509
-5.76519110723625
-4.4659081192293
-4.11087386433725
-4.11087386433725
-5.95583737350628
-22.1219827183118
-4.12713438520638
-4.11087386433725
-4.11087386433725
-4.29045945169633
-4.20469261954022
-4.55387689444265
-4.11087386433725
-4.11087386433725
-6.45990447506611
-5.1343267762768
-4.41884061068816
-4.11087386433725
-4.11087386433725
-4.34380542276277
-4.11087386433725
-4.62497281583329
-4.11087386433725
-4.11087386433725
-5.32300998235792
-5.04985601137347
-4.20469261983873
-4.11087386433725
-4.11087386433725
-3.53611670092075
-4.14313472655026
-4.14313473004233
-4.11087386433725
-4.11087386433725
-4.4426512611962
-5.18738581070109
-5.77455155983012
-4.11087386433725
-4.11087386433725
-6.30444880642564
-4.83628190838005
-4.12713438520638
-4.11087386433725
-4.11087386433725
-4.14313472670899
-4.15888308382842
-4.51085950937399
-4.11087386433725
-4.11087386433725
-6.52795792860208
-7.61233685722706
-4.99721228214249
-4.11087386433725
-4.11087386433725
-4.27666612026606
-4.14313472670899
-4.20469262043574
-4.11087386433725
-4.11087386433725
-5.39362756012509
-5.76519110723625
-4.4659081192293
-4.11087386433725
-4.11087386433725
-5.95583737350628
-4.39444915491935
-22.5478151291587
-4.11087386433725
-4.11087386433725
-4.29045945169633
-4.20469261954022
-4.55387689444265
-4.11087386433725
-4.11087386433725
-7.55851676373422
-6.52062113739669
-4.41884061068816
-4.11087386433725
-4.11087386433725
-4.34380542276277
-4.11087386433725
-4.62497281583329
-4.11087386433725
-4.11087386433725
-5.32300998235792
-6.14846830004158
-4.20469261983873
-4.11087386433725
-4.11087386433725
-4.63472898958886
-4.14313472655026
-4.14313473004233
-4.11087386433725
-4.11087386433725
-3.74950408063625
-5.18738581070109
-5.77455155983012
-4.11087386433725
-4.11087386433725
-6.30444880642564
-4.83628190838005
-4.12713438520638
-4.11087386433725
-4.11087386433725
-4.14313472670899
-4.15888308382842
-4.51085950937399
-4.11087386433725
-4.11087386433725
-6.52795792860208
-7.61233685722706
-4.99721228214249
-4.11087386433725
-4.11087386433725
-4.27666612026606
-4.14313472670899
-4.20469262043574
-4.11087386433725
-4.11087386433725
-5.39362756012509
-5.76519110723625
-4.4659081192293
-4.11087386433725
-4.11087386433725
-5.95583737350628
-4.39444915491935
-4.12713438520638
-22.5315546082896
-4.11087386433725
-4.29045945169633
-4.20469261954022
-4.55387689444265
-4.11087386433725
-4.11087386433725
-7.55851676373422
-6.52062113739669
-4.41884061068816
-4.11087386433725
-4.11087386433725
-4.34380542276277
-4.11087386433725
-4.62497281583329
-4.11087386433725
-4.11087386433725
-5.32300998235792
-6.14846830004158
-4.20469261983873
-4.11087386433725
-4.11087386433725
-4.63472898958886
-4.14313472655026
-4.14313473004233
-4.11087386433725
-4.11087386433725
-4.4426512611962
-5.18738581070109
-5.77455155983012
-4.11087386433725
-4.11087386433725
-6.30444880642564
-4.83628190838005
-4.12713438520638
-4.11087386433725
-4.11087386433725
-4.14313472670899
-4.15888308382842
-4.51085950937399
-4.11087386433725
-4.11087386433725
-6.52795792860208
-7.61233685722706
-4.99721228214249
-4.11087386433725
-4.11087386433725
-4.27666612026606
-4.14313472670899
-4.20469262043574
-4.11087386433725
-4.11087386433725
-5.39362756012509
-5.76519110723625
-4.4659081192293
-4.11087386433725
-4.11087386433725
-5.95583737350628
-4.39444915491935
-4.12713438520638
-4.11087386433725
-22.5315546082896
-4.29045945169633
-4.20469261954022
-4.55387689444265
-4.11087386433725
-4.11087386433725
-7.55851676373422
-6.52062113739669
-4.41884061068816
-4.11087386433725
-4.11087386433725
-4.34380542276277
-4.11087386433725
-4.62497281583329
-4.11087386433725
-4.11087386433725
-5.32300998235792
-6.14846830004158
-4.20469261983873
-4.11087386433725
-4.11087386433725
-4.63472898958886
-4.14313472655026
-4.14313473004233
-4.11087386433725
-4.11087386433725
-4.4426512611962
-5.18738581070109
-5.77455155983012
-4.11087386433725
-4.11087386433725
-6.30444880642564
-4.83628190838005
-4.12713438520638
-4.11087386433725
-4.11087386433725
-4.14313472670899
-4.15888308382842
-4.51085950937399
-4.11087386433725
-4.11087386433725
-5.83481074804214
-6.00289894479296
-4.99721228214249
-4.11087386433725
-4.11087386433725
-4.27666612026606
-4.14313472670899
-4.20469262043574
-4.11087386433725
-4.11087386433725
-5.39362756012509
-5.76519110723625
-4.4659081192293
-4.11087386433725
-4.11087386433725
-4.16407790427823
-4.39444915491935
-4.12713438520638
-4.11087386433725
-4.11087386433725
-18.367334773795
-4.20469261954022
-4.55387689444265
-4.11087386433725
-4.11087386433725
-7.55851676373422
-6.52062113739669
-4.41884061068816
-4.11087386433725
-4.11087386433725
-4.34380542276277
-4.11087386433725
-4.62497281583329
-4.11087386433725
-4.11087386433725
-5.32300998235792
-6.14846830004158
-4.20469261983873
-4.11087386433725
-4.11087386433725
-4.63472898958886
-4.14313472655026
-4.14313473004233
-4.11087386433725
-4.11087386433725
-4.4426512611962
-5.18738581070109
-5.08140437927018
-4.11087386433725
-4.11087386433725
-5.20583651775753
-4.83628190838005
-4.12713438520638
-4.11087386433725
-4.11087386433725
-4.14313472670899
-3.46573590326848
-4.51085950937399
-4.11087386433725
-4.11087386433725
-6.52795792860208
-7.61233685722706
-4.99721228214249
-4.11087386433725
-4.11087386433725
-4.27666612026606
-4.14313472670899
-3.5115454398758
-4.11087386433725
-4.11087386433725
-5.39362756012509
-5.76519110723625
-4.4659081192293
-4.11087386433725
-4.11087386433725
-5.95583737350628
-4.39444915491935
-4.12713438520638
-4.11087386433725
-4.11087386433725
-4.29045945169633
-22.6253733634926
-4.55387689444265
-4.11087386433725
-4.11087386433725
-6.86536958317427
-6.52062113739669
-4.41884061068816
-4.11087386433725
-4.11087386433725
-4.34380542276277
-4.11087386433725
-4.62497281583329
-4.11087386433725
-4.11087386433725
-5.32300998235792
-6.14846830004158
-4.20469261983873
-4.11087386433725
-4.11087386433725
-4.63472898958886
-4.14313472655026
-4.14313473004233
-4.11087386433725
-4.11087386433725
-3.74950408063625
-5.18738581070109
-5.77455155983012
-4.11087386433725
-4.11087386433725
-6.30444880642564
-3.73766961971194
-4.12713438520638
-4.11087386433725
-4.11087386433725
-4.14313472670899
-4.15888308382842
-4.51085950937399
-4.11087386433725
-4.11087386433725
-3.88890059898682
-6.51372456855895
-4.99721228214249
-4.11087386433725
-4.11087386433725
-4.27666612026606
-4.14313472670899
-4.20469262043574
-4.11087386433725
-4.11087386433725
-5.39362756012509
-4.66657881856815
-4.4659081192293
-4.11087386433725
-4.11087386433725
-5.95583737350628
-4.39444915491935
-4.12713438520638
-4.11087386433725
-4.11087386433725
-4.29045945169633
-4.20469261954022
-19.6787207723907
-4.11087386433725
-4.11087386433725
-5.16062149093585
-5.42200884872858
-4.41884061068816
-4.11087386433725
-4.11087386433725
-4.34380542276277
-4.11087386433725
-3.93182563527335
-4.11087386433725
-4.11087386433725
-3.93671562123803
-6.14846830004158
-4.20469261983873
-4.11087386433725
-4.11087386433725
-4.63472898958886
-4.14313472655026
-4.14313473004233
-4.11087386433725
-4.11087386433725
-4.4426512611962
-4.08877352203298
-5.77455155983012
-4.11087386433725
-4.11087386433725
-6.30444880642564
-4.83628190838005
-4.12713438520638
-4.11087386433725
-4.11087386433725
-4.14313472670899
-4.15888308382842
-4.51085950937399
-4.11087386433725
-4.11087386433725
-6.52795792860208
-7.61233685722706
-4.99721228214249
-4.11087386433725
-4.11087386433725
-4.27666612026606
-4.14313472670899
-4.20469262043574
-4.11087386433725
-4.11087386433725
-5.39362756012509
-5.76519110723625
-4.4659081192293
-4.11087386433725
-4.11087386433725
-5.95583737350628
-4.39444915491935
-4.12713438520638
-4.11087386433725
-4.11087386433725
-4.29045945169633
-4.20469261954022
-4.55387689444265
-22.5315546082896
-4.11087386433725
-7.55851676373422
-6.52062113739669
-4.41884061068816
-4.11087386433725
-4.11087386433725
-4.34380542276277
-4.11087386433725
-4.62497281583329
-4.11087386433725
-4.11087386433725
-5.32300998235792
-6.14846830004158
-4.20469261983873
-4.11087386433725
-4.11087386433725
-4.63472898958886
-4.14313472655026
-4.14313473004233
-4.11087386433725
-4.11087386433725
-4.4426512611962
-5.18738581070109
-5.77455155983012
-4.11087386433725
-4.11087386433725
-6.30444880642564
-4.83628190838005
-4.12713438520638
-4.11087386433725
-4.11087386433725
-4.14313472670899
-4.15888308382842
-4.51085950937399
-4.11087386433725
-4.11087386433725
-6.52795792860208
-7.61233685722706
-4.99721228214249
-4.11087386433725
-4.11087386433725
-4.27666612026606
-4.14313472670899
-4.20469262043574
-4.11087386433725
-4.11087386433725
-5.39362756012509
-5.76519110723625
-4.4659081192293
-4.11087386433725
-4.11087386433725
-5.95583737350628
-4.39444915491935
-4.12713438520638
-4.11087386433725
-4.11087386433725
-4.29045945169633
-4.20469261954022
-4.55387689444265
-4.11087386433725
-22.5315546082896
-7.55851676373422
-6.52062113739669
-4.41884061068816
-4.11087386433725
-4.11087386433725
-4.34380542276277
-4.11087386433725
-4.62497281583329
-4.11087386433725
-4.11087386433725
-5.32300998235792
-6.14846830004158
-4.20469261983873
-4.11087386433725
-4.11087386433725
-4.63472898958886
-4.14313472655026
-4.14313473004233
-4.11087386433725
-4.11087386433725
-4.4426512611962
-5.18738581070109
-5.77455155983012
-4.11087386433725
-4.11087386433725
-0.849127691067935
-2.43838663558168
-4.12713438520638
-4.11087386433725
-4.11087386433725
-4.14313472670899
-4.15888308382842
-2.11296423657562
-4.11087386433725
-4.11087386433725
-1.81842772728975
-0.925228249360549
-1.53147637934277
-4.11087386433725
-4.11087386433725
-2.89037175914617
-4.14313472670899
-4.20469262043574
-4.11087386433725
-4.11087386433725
-2.62103883788531
-1.93654971074716
-4.4659081192293
-4.11087386433725
-4.11087386433725
-1.07303545091991
-2.44853900586404
-4.12713438520638
-4.11087386433725
-4.11087386433725
-3.59731227113639
-4.20469261954022
-2.47443535276281
-4.11087386433725
-4.11087386433725
-17.6936841986068
-1.05256099626156
-1.77978328107291
-4.11087386433725
-4.11087386433725
-4.34380542276277
-4.11087386433725
-4.62497281583329
-4.11087386433725
-4.11087386433725
-3.02042488936387
-2.08802528949516
-4.20469261983873
-4.11087386433725
-4.11087386433725
-3.53611670092075
-4.14313472655026
-4.14313473004233
-4.11087386433725
-4.11087386433725
-4.4426512611962
-2.47933560959888
-1.27474188949986
-4.11087386433725
-4.11087386433725
-2.47580740993654
-1.94591015048388
-4.12713438520638
-4.11087386433725
-4.11087386433725
-4.14313472670899
-4.15888308382842
-4.51085950937399
-4.11087386433725
-4.11087386433725
-2.94443899014597
-2.58845633638079
-3.05130213308718
-4.11087386433725
-4.11087386433725
-3.17805383159795
-4.14313472670899
-4.20469262043574
-4.11087386433725
-4.11087386433725
-5.39362756012509
-2.58713727688831
-4.4659081192293
-4.11087386433725
-4.11087386433725
-2.26695791939234
-3.29583686625124
-4.12713438520638
-4.11087386433725
-4.11087386433725
-4.29045945169633
-4.20469261954022
-3.16758253332276
-4.11087386433725
-4.11087386433725
-2.10319564837652
-18.4370137078124
-2.47293046163285
-4.11087386433725
-4.11087386433725
-4.34380542276277
-4.11087386433725
-4.62497281583329
-4.11087386433725
-4.11087386433725
-3.24356844067808
-2.81626378986638
-4.20469261983873
-4.11087386433725
-4.11087386433725
-3.24843462846897
-4.14313472655026
-4.14313473004233
-4.11087386433725
-4.11087386433725
-4.4426512611962
-5.18738581070109
-3.13549423021486
-4.11087386433725
-4.11087386433725
-4.69501089399154
-4.83628190838005
-4.12713438520638
-4.11087386433725
-4.11087386433725
-4.14313472670899
-4.15888308382842
-4.51085950937399
-4.11087386433725
-4.11087386433725
-6.52795792860208
-6.22604249610717
-4.99721228214249
-4.11087386433725
-4.11087386433725
-4.27666612026606
-4.14313472670899
-4.20469262043574
-4.11087386433725
-4.11087386433725
-5.39362756012509
-5.76519110723625
-4.4659081192293
-4.11087386433725
-4.11087386433725
-5.95583737350628
-4.39444915491935
-4.12713438520638
-4.11087386433725
-4.11087386433725
-4.29045945169633
-4.20469261954022
-4.55387689444265
-4.11087386433725
-4.11087386433725
-5.61260661467891
-4.57471098834138
-19.6614675242926
-4.11087386433725
-4.11087386433725
-4.34380542276277
-4.11087386433725
-4.62497281583329
-4.11087386433725
-4.11087386433725
-5.32300998235792
-6.14846830004158
-4.20469261983873
-4.11087386433725
-4.11087386433725
-4.63472898958886
-4.14313472655026
-4.14313473004233
-4.11087386433725
-4.11087386433725
-4.4426512611962
-5.18738581070109
-5.77455155983012
-4.11087386433725
-4.11087386433725
-6.30444880642564
-4.83628190838005
-4.12713438520638
-4.11087386433725
-4.11087386433725
-4.14313472670899
-4.15888308382842
-4.51085950937399
-4.11087386433725
-4.11087386433725
-6.52795792860208
-7.61233685722706
-4.99721228214249
-4.11087386433725
-4.11087386433725
-4.27666612026606
-4.14313472670899
-4.20469262043574
-4.11087386433725
-4.11087386433725
-5.39362756012509
-5.76519110723625
-4.4659081192293
-4.11087386433725
-4.11087386433725
-5.95583737350628
-4.39444915491935
-4.12713438520638
-4.11087386433725
-4.11087386433725
-4.29045945169633
-4.20469261954022
-4.55387689444265
-4.11087386433725
-4.11087386433725
-7.55851676373422
-6.52062113739669
-4.41884061068816
-22.5315546082896
-4.11087386433725
-4.34380542276277
-4.11087386433725
-4.62497281583329
-4.11087386433725
-4.11087386433725
-5.32300998235792
-6.14846830004158
-4.20469261983873
-4.11087386433725
-4.11087386433725
-4.63472898958886
-4.14313472655026
-4.14313473004233
-4.11087386433725
-4.11087386433725
-4.4426512611962
-5.18738581070109
-5.77455155983012
-4.11087386433725
-4.11087386433725
-6.30444880642564
-4.83628190838005
-4.12713438520638
-4.11087386433725
-4.11087386433725
-4.14313472670899
-4.15888308382842
-4.51085950937399
-4.11087386433725
-4.11087386433725
-6.52795792860208
-7.61233685722706
-4.99721228214249
-4.11087386433725
-4.11087386433725
-4.27666612026606
-4.14313472670899
-4.20469262043574
-4.11087386433725
-4.11087386433725
-5.39362756012509
-5.76519110723625
-4.4659081192293
-4.11087386433725
-4.11087386433725
-5.95583737350628
-4.39444915491935
-4.12713438520638
-4.11087386433725
-4.11087386433725
-4.29045945169633
-4.20469261954022
-4.55387689444265
-4.11087386433725
-4.11087386433725
-7.55851676373422
-6.52062113739669
-4.41884061068816
-4.11087386433725
-22.5315546082896
-4.34380542276277
-4.11087386433725
-4.62497281583329
-4.11087386433725
-4.11087386433725
-5.32300998235792
-6.14846830004158
-4.20469261983873
-4.11087386433725
-4.11087386433725
-4.63472898958886
-4.14313472655026
-4.14313473004233
-4.11087386433725
-4.11087386433725
-4.4426512611962
-5.18738581070109
-5.77455155983012
-4.11087386433725
-4.11087386433725
-6.30444880642564
-4.83628190838005
-3.43398720464644
-4.11087386433725
-4.11087386433725
-4.14313472670899
-4.15888308382842
-4.51085950937399
-4.11087386433725
-4.11087386433725
-5.42934563993397
-5.30975176423302
-4.99721228214249
-4.11087386433725
-4.11087386433725
-3.58351893970611
-4.14313472670899
-4.20469262043574
-4.11087386433725
-4.11087386433725
-4.70048037956514
-5.76519110723625
-4.4659081192293
-4.11087386433725
-4.11087386433725
-5.95583737350628
-4.39444915491935
-4.12713438520638
-4.11087386433725
-4.11087386433725
-4.29045945169633
-4.20469261954022
-4.55387689444265
-4.11087386433725
-4.11087386433725
-6.45990447506611
-6.52062113739669
-4.41884061068816
-4.11087386433725
-4.11087386433725
-20.8185760176598
-4.11087386433725
-4.62497281583329
-4.11087386433725
-4.11087386433725
-4.62986280179797
-6.14846830004158
-4.20469261983873
-4.11087386433725
-4.11087386433725
-4.63472898958886
-4.14313472655026
-4.14313473004233
-4.11087386433725
-4.11087386433725
-4.4426512611962
-5.18738581070109
-4.67593927116201
-4.11087386433725
-4.11087386433725
-6.30444880642564
-4.83628190838005
-4.12713438520638
-4.11087386433725
-4.11087386433725
-4.14313472670899
-4.15888308382842
-4.51085950937399
-4.11087386433725
-4.11087386433725
-6.52795792860208
-7.61233685722706
-4.99721228214249
-4.11087386433725
-4.11087386433725
-4.27666612026606
-4.14313472670899
-4.20469262043574
-4.11087386433725
-4.11087386433725
-5.39362756012509
-5.76519110723625
-4.4659081192293
-4.11087386433725
-4.11087386433725
-5.95583737350628
-4.39444915491935
-4.12713438520638
-4.11087386433725
-4.11087386433725
-4.29045945169633
-4.20469261954022
-4.55387689444265
-4.11087386433725
-4.11087386433725
-7.55851676373422
-6.52062113739669
-4.41884061068816
-4.11087386433725
-4.11087386433725
-4.34380542276277
-22.5315546082896
-4.62497281583329
-4.11087386433725
-4.11087386433725
-5.32300998235792
-6.14846830004158
-4.20469261983873
-4.11087386433725
-4.11087386433725
-4.63472898958886
-4.14313472655026
-4.14313473004233
-4.11087386433725
-4.11087386433725
-4.4426512611962
-5.18738581070109
-5.77455155983012
-4.11087386433725
-4.11087386433725
-6.30444880642564
-4.83628190838005
-4.12713438520638
-4.11087386433725
-4.11087386433725
-4.14313472670899
-4.15888308382842
-4.51085950937399
-4.11087386433725
-4.11087386433725
-3.88890059898682
-4.35424031920558
-4.30406510158255
-4.11087386433725
-4.11087386433725
-4.27666612026606
-4.14313472670899
-4.20469262043574
-4.11087386433725
-4.11087386433725
-4.70048037956514
-5.76519110723625
-4.4659081192293
-4.11087386433725
-4.11087386433725
-5.95583737350628
-4.39444915491935
-4.12713438520638
-4.11087386433725
-4.11087386433725
-4.29045945169633
-4.20469261954022
-4.55387689444265
-4.11087386433725
-4.11087386433725
-7.55851676373422
-6.52062113739669
-4.41884061068816
-4.11087386433725
-4.11087386433725
-4.34380542276277
-4.11087386433725
-19.7875570217642
-4.11087386433725
-4.11087386433725
-5.32300998235792
-5.45532111948163
-4.20469261983873
-4.11087386433725
-4.11087386433725
-4.63472898958886
-4.14313472655026
-4.14313473004233
-4.11087386433725
-4.11087386433725
-4.4426512611962
-4.49423863014115
-4.67593927116201
-4.11087386433725
-4.11087386433725
-6.30444880642564
-4.83628190838005
-4.12713438520638
-4.11087386433725
-4.11087386433725
-4.14313472670899
-4.15888308382842
-4.51085950937399
-4.11087386433725
-4.11087386433725
-6.52795792860208
-7.61233685722706
-4.99721228214249
-4.11087386433725
-4.11087386433725
-4.27666612026606
-4.14313472670899
-4.20469262043574
-4.11087386433725
-4.11087386433725
-5.39362756012509
-5.76519110723625
-4.4659081192293
-4.11087386433725
-4.11087386433725
-5.95583737350628
-4.39444915491935
-4.12713438520638
-4.11087386433725
-4.11087386433725
-4.29045945169633
-4.20469261954022
-4.55387689444265
-4.11087386433725
-4.11087386433725
-7.55851676373422
-6.52062113739669
-4.41884061068816
-4.11087386433725
-4.11087386433725
-4.34380542276277
-4.11087386433725
-4.62497281583329
-22.5315546082896
-4.11087386433725
-5.32300998235792
-6.14846830004158
-4.20469261983873
-4.11087386433725
-4.11087386433725
-4.63472898958886
-4.14313472655026
-4.14313473004233
-4.11087386433725
-4.11087386433725
-4.4426512611962
-5.18738581070109
-5.77455155983012
-4.11087386433725
-4.11087386433725
-6.30444880642564
-4.83628190838005
-4.12713438520638
-4.11087386433725
-4.11087386433725
-4.14313472670899
-4.15888308382842
-4.51085950937399
-4.11087386433725
-4.11087386433725
-6.52795792860208
-7.61233685722706
-4.99721228214249
-4.11087386433725
-4.11087386433725
-4.27666612026606
-4.14313472670899
-4.20469262043574
-4.11087386433725
-4.11087386433725
-5.39362756012509
-5.76519110723625
-4.4659081192293
-4.11087386433725
-4.11087386433725
-5.95583737350628
-4.39444915491935
-4.12713438520638
-4.11087386433725
-4.11087386433725
-4.29045945169633
-4.20469261954022
-4.55387689444265
-4.11087386433725
-4.11087386433725
-7.55851676373422
-6.52062113739669
-4.41884061068816
-4.11087386433725
-4.11087386433725
-4.34380542276277
-4.11087386433725
-4.62497281583329
-4.11087386433725
-22.5315546082896
-5.32300998235792
-6.14846830004158
-4.20469261983873
-4.11087386433725
-4.11087386433725
-4.63472898958886
-4.14313472655026
-4.14313473004233
-4.11087386433725
-4.11087386433725
-4.4426512611962
-5.18738581070109
-5.77455155983012
-4.11087386433725
-4.11087386433725
-4.91815444530575
-3.73766961971194
-4.12713438520638
-4.11087386433725
-4.11087386433725
-4.14313472670899
-4.15888308382842
-3.81771232881405
-4.11087386433725
-4.11087386433725
-4.22537283560804
-3.8746672389437
-4.99721228214249
-4.11087386433725
-4.11087386433725
-4.27666612026606
-4.14313472670899
-4.20469262043574
-4.11087386433725
-4.11087386433725
-2.44918858095865
-3.81928095818094
-4.4659081192293
-4.11087386433725
-4.11087386433725
-4.85722508483817
-3.29583686625124
-4.12713438520638
-4.11087386433725
-4.11087386433725
-4.29045945169633
-4.20469261954022
-4.55387689444265
-4.11087386433725
-4.11087386433725
-4.61407778456778
-4.32339656006048
-4.41884061068816
-4.11087386433725
-4.11087386433725
-4.34380542276277
-4.11087386433725
-4.62497281583329
-4.11087386433725
-4.11087386433725
-19.5540359842839
-3.20402932087514
-4.20469261983873
-4.11087386433725
-4.11087386433725
-4.63472898958886
-4.14313472655026
-4.14313473004233
-4.11087386433725
-4.11087386433725
-4.4426512611962
-3.10794426902126
-3.69511001815029
-4.11087386433725
-4.11087386433725
-3.25992636870221
-4.1431347278201
-4.12713438520638
-4.11087386433725
-4.11087386433725
-4.14313472670899
-4.15888308382842
-3.81771232881405
-4.11087386433725
-4.11087386433725
-2.67781032689202
-2.43618712465323
-3.6109179210226
-4.11087386433725
-4.11087386433725
-4.27666612026606
-4.14313472670899
-4.20469262043574
-4.11087386433725
-4.11087386433725
-2.68557735902288
-2.82075212806981
-3.36729583056119
-4.11087386433725
-4.11087386433725
-3.75861279617006
-3.29583686625124
-4.12713438520638
-4.11087386433725
-4.11087386433725
-4.29045945169633
-4.20469261954022
-4.55387689444265
-4.11087386433725
-4.11087386433725
-3.4980737531878
-3.95567177993516
-4.41884061068816
-4.11087386433725
-4.11087386433725
-3.65065824220283
-4.11087386433725
-3.52636052716518
-4.11087386433725
-4.11087386433725
-2.2784875446345
-19.3064588550891
-4.20469261983873
-4.11087386433725
-4.11087386433725
-4.63472898958886
-4.14313472655026
-4.14313473004233
-4.11087386433725
-4.11087386433725
-3.34403897252809
-2.78949053790272
-3.98279209060207
-4.11087386433725
-4.11087386433725
-5.61130162586569
-4.1431347278201
-4.12713438520638
-4.11087386433725
-4.11087386433725
-4.14313472670899
-4.15888308382842
-4.51085950937399
-4.11087386433725
-4.11087386433725
-6.52795792860208
-6.51372456855895
-4.99721228214249
-4.11087386433725
-4.11087386433725
-4.27666612026606
-4.14313472670899
-4.20469262043574
-4.11087386433725
-4.11087386433725
-5.39362756012509
-5.76519110723625
-4.4659081192293
-4.11087386433725
-4.11087386433725
-5.95583737350628
-4.39444915491935
-4.12713438520638
-4.11087386433725
-4.11087386433725
-4.29045945169633
-4.20469261954022
-4.55387689444265
-4.11087386433725
-4.11087386433725
-6.86536958317427
-6.52062113739669
-4.41884061068816
-4.11087386433725
-4.11087386433725
-4.34380542276277
-4.11087386433725
-4.62497281583329
-4.11087386433725
-4.11087386433725
-5.32300998235792
-6.14846830004158
-21.526761075123
-4.11087386433725
-4.11087386433725
-4.63472898958886
-4.14313472655026
-4.14313473004233
-4.11087386433725
-4.11087386433725
-4.4426512611962
-5.18738581070109
-5.77455155983012
-4.11087386433725
-4.11087386433725
-6.30444880642564
-4.83628190838005
-4.12713438520638
-4.11087386433725
-4.11087386433725
-4.14313472670899
-4.15888308382842
-4.51085950937399
-4.11087386433725
-4.11087386433725
-6.52795792860208
-7.61233685722706
-4.99721228214249
-4.11087386433725
-4.11087386433725
-4.27666612026606
-4.14313472670899
-4.20469262043574
-4.11087386433725
-4.11087386433725
-5.39362756012509
-5.76519110723625
-4.4659081192293
-4.11087386433725
-4.11087386433725
-5.95583737350628
-4.39444915491935
-4.12713438520638
-4.11087386433725
-4.11087386433725
-4.29045945169633
-4.20469261954022
-4.55387689444265
-4.11087386433725
-4.11087386433725
-7.55851676373422
-6.52062113739669
-4.41884061068816
-4.11087386433725
-4.11087386433725
-4.34380542276277
-4.11087386433725
-4.62497281583329
-4.11087386433725
-4.11087386433725
-5.32300998235792
-6.14846830004158
-4.20469261983873
-22.5315546082896
-4.11087386433725
-4.63472898958886
-4.14313472655026
-4.14313473004233
-4.11087386433725
-4.11087386433725
-4.4426512611962
-5.18738581070109
-5.77455155983012
-4.11087386433725
-4.11087386433725
-6.30444880642564
-4.83628190838005
-4.12713438520638
-4.11087386433725
-4.11087386433725
-4.14313472670899
-4.15888308382842
-4.51085950937399
-4.11087386433725
-4.11087386433725
-6.52795792860208
-7.61233685722706
-4.99721228214249
-4.11087386433725
-4.11087386433725
-4.27666612026606
-4.14313472670899
-4.20469262043574
-4.11087386433725
-4.11087386433725
-5.39362756012509
-5.76519110723625
-4.4659081192293
-4.11087386433725
-4.11087386433725
-5.95583737350628
-4.39444915491935
-4.12713438520638
-4.11087386433725
-4.11087386433725
-4.29045945169633
-4.20469261954022
-4.55387689444265
-4.11087386433725
-4.11087386433725
-7.55851676373422
-6.52062113739669
-4.41884061068816
-4.11087386433725
-4.11087386433725
-4.34380542276277
-4.11087386433725
-4.62497281583329
-4.11087386433725
-4.11087386433725
-5.32300998235792
-6.14846830004158
-4.20469261983873
-4.11087386433725
-22.5315546082896
-4.63472898958886
-4.14313472655026
-4.14313473004233
-4.11087386433725
-4.11087386433725
-4.4426512611962
-5.18738581070109
-5.77455155983012
-4.11087386433725
-4.11087386433725
-5.20583651775753
-4.1431347278201
-4.12713438520638
-4.11087386433725
-4.11087386433725
-4.14313472670899
-4.15888308382842
-4.51085950937399
-4.11087386433725
-4.11087386433725
-5.14166356748219
-5.41511227989084
-4.99721228214249
-4.11087386433725
-4.11087386433725
-3.58351893970611
-3.44998754614905
-4.20469262043574
-4.11087386433725
-4.11087386433725
-5.39362756012509
-5.76519110723625
-1.90095876176776
-4.11087386433725
-4.11087386433725
-4.56954301238639
-4.39444915491935
-4.12713438520638
-4.11087386433725
-4.11087386433725
-4.29045945169633
-4.20469261954022
-4.55387689444265
-4.11087386433725
-4.11087386433725
-6.17222240261433
-4.72886166816864
-4.41884061068816
-4.11087386433725
-4.11087386433725
-4.34380542276277
-4.11087386433725
-4.62497281583329
-4.11087386433725
-4.11087386433725
-3.93671562123803
-5.45532111948163
-4.20469261983873
-4.11087386433725
-4.11087386433725
-20.416352403926
-4.14313472655026
-4.14313473004233
-4.11087386433725
-4.11087386433725
-4.4426512611962
-5.18738581070109
-5.77455155983012
-4.11087386433725
-4.11087386433725
-6.30444880642564
-4.83628190838005
-4.12713438520638
-4.11087386433725
-4.11087386433725
-4.14313472670899
-4.15888308382842
-4.51085950937399
-4.11087386433725
-4.11087386433725
-6.52795792860208
-7.61233685722706
-4.99721228214249
-4.11087386433725
-4.11087386433725
-4.27666612026606
-4.14313472670899
-4.20469262043574
-4.11087386433725
-4.11087386433725
-5.39362756012509
-5.76519110723625
-4.4659081192293
-4.11087386433725
-4.11087386433725
-5.95583737350628
-4.39444915491935
-4.12713438520638
-4.11087386433725
-4.11087386433725
-4.29045945169633
-4.20469261954022
-4.55387689444265
-4.11087386433725
-4.11087386433725
-7.55851676373422
-5.42200884872858
-4.41884061068816
-4.11087386433725
-4.11087386433725
-4.34380542276277
-4.11087386433725
-4.62497281583329
-4.11087386433725
-4.11087386433725
-5.32300998235792
-6.14846830004158
-4.20469261983873
-4.11087386433725
-4.11087386433725
-4.63472898958886
-22.5638154705026
-4.14313473004233
-4.11087386433725
-4.11087386433725
-4.4426512611962
-5.18738581070109
-5.77455155983012
-4.11087386433725
-4.11087386433725
-6.30444880642564
-4.83628190838005
-4.12713438520638
-4.11087386433725
-4.11087386433725
-4.14313472670899
-3.46573590326848
-4.51085950937399
-4.11087386433725
-4.11087386433725
-6.52795792860208
-7.61233685722706
-4.99721228214249
-4.11087386433725
-4.11087386433725
-4.27666612026606
-4.14313472670899
-4.20469262043574
-4.11087386433725
-4.11087386433725
-5.39362756012509
-5.76519110723625
-4.4659081192293
-4.11087386433725
-4.11087386433725
-5.95583737350628
-4.39444915491935
-4.12713438520638
-4.11087386433725
-4.11087386433725
-4.29045945169633
-4.20469261954022
-4.55387689444265
-4.11087386433725
-4.11087386433725
-7.55851676373422
-6.52062113739669
-4.41884061068816
-4.11087386433725
-4.11087386433725
-4.34380542276277
-4.11087386433725
-4.62497281583329
-4.11087386433725
-4.11087386433725
-5.32300998235792
-6.14846830004158
-4.20469261983873
-4.11087386433725
-4.11087386433725
-4.63472898958886
-4.14313472655026
-19.4283212580655
-4.11087386433725
-4.11087386433725
-3.74950408063625
-5.18738581070109
-5.77455155983012
-4.11087386433725
-4.11087386433725
-6.30444880642564
-4.83628190838005
-4.12713438520638
-4.11087386433725
-4.11087386433725
-4.14313472670899
-4.15888308382842
-4.51085950937399
-4.11087386433725
-4.11087386433725
-6.52795792860208
-7.61233685722706
-4.99721228214249
-4.11087386433725
-4.11087386433725
-4.27666612026606
-4.14313472670899
-4.20469262043574
-4.11087386433725
-4.11087386433725
-5.39362756012509
-5.76519110723625
-4.4659081192293
-4.11087386433725
-4.11087386433725
-5.95583737350628
-4.39444915491935
-4.12713438520638
-4.11087386433725
-4.11087386433725
-4.29045945169633
-4.20469261954022
-4.55387689444265
-4.11087386433725
-4.11087386433725
-7.55851676373422
-6.52062113739669
-4.41884061068816
-4.11087386433725
-4.11087386433725
-4.34380542276277
-4.11087386433725
-4.62497281583329
-4.11087386433725
-4.11087386433725
-5.32300998235792
-6.14846830004158
-4.20469261983873
-4.11087386433725
-4.11087386433725
-4.63472898958886
-4.14313472655026
-4.14313473004233
-22.5315546082896
-4.11087386433725
-4.4426512611962
-5.18738581070109
-5.77455155983012
-4.11087386433725
-4.11087386433725
-6.30444880642564
-4.83628190838005
-4.12713438520638
-4.11087386433725
-4.11087386433725
-4.14313472670899
-4.15888308382842
-4.51085950937399
-4.11087386433725
-4.11087386433725
-6.52795792860208
-7.61233685722706
-4.99721228214249
-4.11087386433725
-4.11087386433725
-4.27666612026606
-4.14313472670899
-4.20469262043574
-4.11087386433725
-4.11087386433725
-5.39362756012509
-5.76519110723625
-4.4659081192293
-4.11087386433725
-4.11087386433725
-5.95583737350628
-4.39444915491935
-4.12713438520638
-4.11087386433725
-4.11087386433725
-4.29045945169633
-4.20469261954022
-4.55387689444265
-4.11087386433725
-4.11087386433725
-7.55851676373422
-6.52062113739669
-4.41884061068816
-4.11087386433725
-4.11087386433725
-4.34380542276277
-4.11087386433725
-4.62497281583329
-4.11087386433725
-4.11087386433725
-5.32300998235792
-6.14846830004158
-4.20469261983873
-4.11087386433725
-4.11087386433725
-4.63472898958886
-4.14313472655026
-4.14313473004233
-4.11087386433725
-22.5315546082896
-4.4426512611962
-5.18738581070109
-5.77455155983012
-4.11087386433725
-4.11087386433725
-6.30444880642564
-4.83628190838005
-4.12713438520638
-4.11087386433725
-4.11087386433725
-3.44998754614905
-4.15888308382842
-4.51085950937399
-4.11087386433725
-4.11087386433725
-5.83481074804214
-6.22604249610717
-4.99721228214249
-4.11087386433725
-4.11087386433725
-4.27666612026606
-4.14313472670899
-3.10608033176763
-4.11087386433725
-4.11087386433725
-4.29501527145698
-5.76519110723625
-4.4659081192293
-4.11087386433725
-4.11087386433725
-5.26269019294634
-4.39444915491935
-4.12713438520638
-4.11087386433725
-4.11087386433725
-4.29045945169633
-3.51154543898027
-4.55387689444265
-4.11087386433725
-4.11087386433725
-7.55851676373422
-6.52062113739669
-4.41884061068816
-4.11087386433725
-4.11087386433725
-4.34380542276277
-4.11087386433725
-4.62497281583329
-4.11087386433725
-4.11087386433725
-3.37709983330261
-5.45532111948163
-4.20469261983873
-4.11087386433725
-4.11087386433725
-4.63472898958886
-4.14313472655026
-4.14313473004233
-4.11087386433725
-4.11087386433725
-19.1744525510346
-4.49423863014115
-4.67593927116201
-4.11087386433725
-4.11087386433725
-5.20583651775753
-4.83628190838005
-4.12713438520638
-4.11087386433725
-4.11087386433725
-4.14313472670899
-4.15888308382842
-4.51085950937399
-4.11087386433725
-4.11087386433725
-3.12676054693993
-4.90428665612485
-4.99721228214249
-4.11087386433725
-4.11087386433725
-4.27666612026606
-4.14313472670899
-4.20469262043574
-4.11087386433725
-4.11087386433725
-2.82867820266355
-3.56796652990004
-4.4659081192293
-4.11087386433725
-4.11087386433725
-5.95583737350628
-4.39444915491935
-4.12713438520638
-4.11087386433725
-4.11087386433725
-4.29045945169633
-4.20469261954022
-3.45526460577454
-4.11087386433725
-4.11087386433725
-4.30042022571274
-6.52062113739669
-4.41884061068816
-4.11087386433725
-4.11087386433725
-4.34380542276277
-4.11087386433725
-4.62497281583329
-4.11087386433725
-4.11087386433725
-4.62986280179797
-4.76217393892169
-4.20469261983873
-4.11087386433725
-4.11087386433725
-4.63472898958886
-4.14313472655026
-4.14313473004233
-4.11087386433725
-4.11087386433725
-3.05635690007631
-19.1421584359989
-3.00196283759034
-4.11087386433725
-4.11087386433725
-3.30871653287165
-3.04452243915199
-4.12713438520638
-4.11087386433725
-4.11087386433725
-4.14313472670899
-3.46573590326848
-3.41224722070588
-4.11087386433725
-4.11087386433725
-4.04305127881408
-4.14660095442734
-4.99721228214249
-4.11087386433725
-4.11087386433725
-4.27666612026606
-4.14313472670899
-4.20469262043574
-4.11087386433725
-4.11087386433725
-2.25813334419594
-2.76945883368226
-4.4659081192293
-4.11087386433725
-4.11087386433725
-3.65325228051223
-4.39444915491935
-4.12713438520638
-4.11087386433725
-4.11087386433725
-3.19184716302823
-4.20469261954022
-4.55387689444265
-4.11087386433725
-4.11087386433725
-2.98380578523084
-3.95567177993516
-4.41884061068816
-4.11087386433725
-4.11087386433725
-3.24519313409466
-4.11087386433725
-4.62497281583329
-4.11087386433725
-4.11087386433725
-3.93671562123803
-4.20255815098627
-4.20469261983873
-4.11087386433725
-4.11087386433725
-4.63472898958886
-4.14313472655026
-3.44998754948238
-4.11087386433725
-4.11087386433725
-4.4426512611962
-2.1916535371471
-18.0640058142994
-4.11087386433725
-4.11087386433725
-6.30444880642564
-4.83628190838005
-4.12713438520638
-4.11087386433725
-4.11087386433725
-4.14313472670899
-4.15888308382842
-4.51085950937399
-4.11087386433725
-4.11087386433725
-6.52795792860208
-7.61233685722706
-4.99721228214249
-4.11087386433725
-4.11087386433725
-4.27666612026606
-4.14313472670899
-4.20469262043574
-4.11087386433725
-4.11087386433725
-5.39362756012509
-5.76519110723625
-4.4659081192293
-4.11087386433725
-4.11087386433725
-5.95583737350628
-4.39444915491935
-4.12713438520638
-4.11087386433725
-4.11087386433725
-4.29045945169633
-4.20469261954022
-4.55387689444265
-4.11087386433725
-4.11087386433725
-7.55851676373422
-6.52062113739669
-4.41884061068816
-4.11087386433725
-4.11087386433725
-4.34380542276277
-4.11087386433725
-4.62497281583329
-4.11087386433725
-4.11087386433725
-5.32300998235792
-6.14846830004158
-4.20469261983873
-4.11087386433725
-4.11087386433725
-4.63472898958886
-4.14313472655026
-4.14313473004233
-4.11087386433725
-4.11087386433725
-4.4426512611962
-5.18738581070109
-5.77455155983012
-22.5315546082896
-4.11087386433725
-6.30444880642564
-4.83628190838005
-4.12713438520638
-4.11087386433725
-4.11087386433725
-4.14313472670899
-4.15888308382842
-4.51085950937399
-4.11087386433725
-4.11087386433725
-6.52795792860208
-7.61233685722706
-4.99721228214249
-4.11087386433725
-4.11087386433725
-4.27666612026606
-4.14313472670899
-4.20469262043574
-4.11087386433725
-4.11087386433725
-5.39362756012509
-5.76519110723625
-4.4659081192293
-4.11087386433725
-4.11087386433725
-5.95583737350628
-4.39444915491935
-4.12713438520638
-4.11087386433725
-4.11087386433725
-4.29045945169633
-4.20469261954022
-4.55387689444265
-4.11087386433725
-4.11087386433725
-7.55851676373422
-6.52062113739669
-4.41884061068816
-4.11087386433725
-4.11087386433725
-4.34380542276277
-4.11087386433725
-4.62497281583329
-4.11087386433725
-4.11087386433725
-5.32300998235792
-6.14846830004158
-4.20469261983873
-4.11087386433725
-4.11087386433725
-4.63472898958886
-4.14313472655026
-4.14313473004233
-4.11087386433725
-4.11087386433725
-4.4426512611962
-5.18738581070109
-5.77455155983012
-4.11087386433725
-22.5315546082896
60
-4.69501089399154
-4.1431347278201
-4.12713438520638
-4.11087386433725
-4.11087386433725
-4.14313472670899
-4.15888308382842
-4.51085950937399
-4.11087386433725
-4.11087386433725
-3.96300857114055
-4.24504102724059
-4.30406510158255
-4.11087386433725
-4.11087386433725
-4.27666612026606
-4.14313472670899
-4.20469262043574
-4.11087386433725
-4.11087386433725
-3.78418964769099
-5.76519110723625
-4.4659081192293
-4.11087386433725
-4.11087386433725
-4.56954301238639
-4.39444915491935
-4.12713438520638
-4.11087386433725
-4.11087386433725
-4.29045945169633
-4.20469261954022
-4.55387689444265
-4.11087386433725
-4.11087386433725
-4.12452955924907
-3.95567177993516
-4.41884061068816
-4.11087386433725
-4.11087386433725
-4.34380542276277
-4.11087386433725
-4.62497281583329
-4.11087386433725
-4.11087386433725
-4.62986280179797
-4.76217393892169
-4.20469261983873
-4.11087386433725
-4.11087386433725
-3.94158180902891
-4.14313472655026
-4.14313473004233
-4.11087386433725
-4.11087386433725
-3.74950408063625
-3.8010914495812
-4.67593927116201
-4.11087386433725
-4.11087386433725
