60
-3.90801498407077
-5.51745289650487
-5.51745289650487
-5.51745289650487
-5.51745289650487
-5.51745289650487
-5.51745289650487
-5.51745289650487
-5.51745289650487
-5.51745289650487
-4.41884060783676
-2.74486417426509
-5.51745289650487
-5.51745289650487
-5.51745289650487
-5.51745289650487
-5.51745289650487
-5.51745289650487
-5.51745289650487
-5.51745289650487
-2.33939906615692
-2.15015706651839
-5.51745289650487
-5.51745289650487
-5.51745289650487
-4.13115853538498
-5.51745289650487
-5.51745289650487
-5.51745289650487
-5.51745289650487
-4.82430571594492
-5.51745289650487
-5.51745289650487
-5.51745289650487
-5.51745289650487
-4.41884060783676
-5.51745289650487
-5.51745289650487
-5.51745289650487
-5.51745289650487
-5.51745289650487
-5.51745289650487
-4.13115853538498
-5.51745289650487
-5.51745289650487
-3.57154274744956
-1.00659338998802
-5.51745289650487
-5.51745289650487
-5.51745289650487
-5.51745289650487
-5.51745289650487
-5.51745289650487
-5.51745289650487
-5.51745289650487
-4.41884060783676
-3.32022831916865
-4.82430571594492
-5.51745289650487
-5.51745289650487
60 60
-19.2416613004222
-3.70130197497669
-4.23410650575668
-4.11087386433725
-4.11087386433725
-4.30406509387984
-4.18965474217794
-4.21950770532316
-4.11087386433725
-4.11087386433725
-3.75244094038374
-4.54754108135061
-4.15888308398467
-4.11087386433725
-4.11087386433725
-4.24849524276364
-4.12713438520638
-4.41884061924238
-4.11087386433725
-4.11087386433725
-5.30440990855382
-4.54474442602858
-4.40671925092279
-4.11087386433725
-4.11087386433725
-2.99573227688733
-4.38202663629888
-4.15888308351592
-4.11087386433725
-4.11087386433725
-4.53259949465863
-4.44265125860796
-4.27666611943272
-4.11087386433725
-4.11087386433725
-3.0163515621853
-4.66343909590452
-4.12713438536767
-4.11087386433725
-4.11087386433725
-3.87120101111622
-4.12713438536767
-4.73327020134268
-4.11087386433725
-4.11087386433725
-5.54517745463581
-3.82175275984875
-4.29045944731277
-4.11087386433725
-4.11087386433725
-4.30406509415012
-4.11087386433725
-4.31748811433631
-4.11087386433725
-4.11087386433725
-6.24416691744044
-5.94629284003057
-5.32300998433353
-4.11087386433725
-4.11087386433725
-4.31748811793631
-20.8692197504337
-4.23410650575668
-4.11087386433725
-4.11087386433725
-4.30406509387984
-4.18965474217794
-4.21950770532316
-4.11087386433725
-4.11087386433725
-5.13873530150363
-5.34604877756838
-4.15888308398467
-4.11087386433725
-4.11087386433725
-4.24849524276364
-4.12713438520638
-4.41884061924238
-4.11087386433725
-4.11087386433725
-6.80848730533009
-7.63578687938689
-4.40671925092279
-4.11087386433725
-4.11087386433725
-4.38202663800722
-3.28341434763077
-4.15888308351592
-4.11087386433725
-4.11087386433725
-3.83945231409869
-4.44265125860796
-4.27666611943272
-4.11087386433725
-4.11087386433725
-4.80811103141335
-4.66343909590452
-4.12713438536767
-4.11087386433725
-4.11087386433725
-4.56434819167617
-4.12713438536767
-5.83188249001079
-4.11087386433725
-4.11087386433725
-5.54517745463581
-7.45933891957513
-4.29045944731277
-4.11087386433725
-4.11087386433725
-4.30406509415012
-4.11087386433725
-4.31748811433631
-4.11087386433725
-4.11087386433725
-6.24416691744044
-7.04490512869868
-5.32300998433353
-4.11087386433725
-4.11087386433725
-5.41610040660442
-4.39444915553664
-20.5753457080292
-4.11087386433725
-4.11087386433725
-4.30406509387984
-4.18965474217794
-4.21950770532316
-4.11087386433725
-4.11087386433725
-3.75244094038374
-7.5432733549046
-4.15888308398467
-4.11087386433725
-4.11087386433725
-4.24849524276364
-4.12713438520638
-4.41884061924238
-4.11087386433725
-4.11087386433725
-7.50163448589004
-7.63578687938689
-4.40671925092279
-4.11087386433725
-4.11087386433725
-5.48063892667533
-3.68887945573894
-4.15888308351592
-4.11087386433725
-4.11087386433725
-4.53259949465863
-4.44265125860796
-4.27666611943272
-4.11087386433725
-4.11087386433725
-5.5012582119733
-4.66343909590452
-4.12713438536767
-4.11087386433725
-4.11087386433725
-4.56434819167617
-4.12713438536767
-5.83188249001079
-4.11087386433725
-4.11087386433725
-6.23832463519576
-8.15248610013508
-4.29045944731277
-4.11087386433725
-4.11087386433725
-4.30406509415012
-4.11087386433725
-4.31748811433631
-4.11087386433725
-4.11087386433725
-6.24416691744044
-7.04490512869868
-6.01615716489347
-4.11087386433725
-4.11087386433725
-5.41610040660442
-4.39444915553664
-4.23410650575668
-22.5315546082896
-4.11087386433725
-4.30406509387984
-4.18965474217794
-4.21950770532316
-4.11087386433725
-4.11087386433725
-5.83188248206358
-7.5432733549046
-4.15888308398467
-4.11087386433725
-4.11087386433725
-4.24849524276364
-4.12713438520638
-4.41884061924238
-4.11087386433725
-4.11087386433725
-7.50163448589004
-7.63578687938689
-4.40671925092279
-4.11087386433725
-4.11087386433725
-5.48063892667533
-4.38202663629888
-4.15888308351592
-4.11087386433725
-4.11087386433725
-4.53259949465863
-4.44265125860796
-4.27666611943272
-4.11087386433725
-4.11087386433725
-5.5012582119733
-4.66343909590452
-4.12713438536767
-4.11087386433725
-4.11087386433725
-4.56434819167617
-4.12713438536767
-5.83188249001079
-4.11087386433725
-4.11087386433725
-6.23832463519576
-8.15248610013508
-4.29045944731277
-4.11087386433725
-4.11087386433725
-4.30406509415012
-4.11087386433725
-4.31748811433631
-4.11087386433725
-4.11087386433725
-6.24416691744044
-7.04490512869868
-6.01615716489347
-4.11087386433725
-4.11087386433725
-5.41610040660442
-4.39444915553664
-4.23410650575668
-4.11087386433725
-22.5315546082896
-4.30406509387984
-4.18965474217794
-4.21950770532316
-4.11087386433725
-4.11087386433725
-5.83188248206358
-7.5432733549046
-4.15888308398467
-4.11087386433725
-4.11087386433725
-4.24849524276364
-4.12713438520638
-4.41884061924238
-4.11087386433725
-4.11087386433725
-7.50163448589004
-7.63578687938689
-4.40671925092279
-4.11087386433725
-4.11087386433725
-5.48063892667533
-4.38202663629888
-4.15888308351592
-4.11087386433725
-4.11087386433725
-4.53259949465863
-4.44265125860796
-4.27666611943272
-4.11087386433725
-4.11087386433725
-5.5012582119733
-4.66343909590452
-4.12713438536767
-4.11087386433725
-4.11087386433725
-4.56434819167617
-4.12713438536767
-5.83188249001079
-4.11087386433725
-4.11087386433725
-6.23832463519576
-8.15248610013508
-4.29045944731277
-4.11087386433725
-4.11087386433725
-4.30406509415012
-4.11087386433725
-4.31748811433631
-4.11087386433725
-4.11087386433725
-6.24416691744044
-7.04490512869868
-6.01615716489347
-4.11087386433725
-4.11087386433725
-5.41610040660442
-4.39444915553664
-4.23410650575668
-4.11087386433725
-4.11087386433725
-21.1153079253981
-4.18965474217794
-4.21950770532316
-4.11087386433725
-4.11087386433725
-5.83188248206358
-6.15697899378471
-4.15888308398467
-4.11087386433725
-4.11087386433725
-4.24849524276364
-4.12713438520638
-4.41884061924238
-4.11087386433725
-4.11087386433725
-7.50163448589004
-6.249492518267
-4.40671925092279
-4.11087386433725
-4.11087386433725
-5.48063892667533
-4.38202663629888
-3.46573590295598
-4.11087386433725
-4.11087386433725
-4.53259949465863
-3.74950407804802
-4.27666611943272
-4.11087386433725
-4.11087386433725
-5.5012582119733
-4.66343909590452
-4.12713438536767
-4.11087386433725
-4.11087386433725
-4.56434819167617
-4.12713438536767
-5.83188249001079
-4.11087386433725
-4.11087386433725
-6.23832463519576
-6.54304818770098
-4.29045944731277
-4.11087386433725
-4.11087386433725
-4.30406509415012
-4.11087386433725
-4.31748811433631
-4.11087386433725
-4.11087386433725
-5.55101973688049
-5.94629284003057
-6.01615716489347
-4.11087386433725
-4.11087386433725
-5.41610040660442
-4.39444915553664
-4.23410650575668
-4.11087386433725
-4.11087386433725
-4.30406509387984
-22.6103354861303
-4.21950770532316
-4.11087386433725
-4.11087386433725
-5.83188248206358
-7.5432733549046
-4.15888308398467
-4.11087386433725
-4.11087386433725
-4.24849524276364
-4.12713438520638
-4.41884061924238
-4.11087386433725
-4.11087386433725
-7.50163448589004
-6.53717459071878
-4.40671925092279
-4.11087386433725
-4.11087386433725
-5.48063892667533
-4.38202663629888
-4.15888308351592
-4.11087386433725
-4.11087386433725
-4.53259949465863
-4.44265125860796
-4.27666611943272
-4.11087386433725
-4.11087386433725
-5.5012582119733
-4.66343909590452
-4.12713438536767
-4.11087386433725
-4.11087386433725
-4.56434819167617
-4.12713438536767
-5.83188249001079
-4.11087386433725
-4.11087386433725
-5.54517745463581
-8.15248610013508
-4.29045944731277
-4.11087386433725
-4.11087386433725
-4.30406509415012
-4.11087386433725
-4.31748811433631
-4.11087386433725
-4.11087386433725
-5.55101973688049
-6.35175794813874
-6.01615716489347
-4.11087386433725
-4.11087386433725
-5.41610040660442
-4.39444915553664
-4.23410650575668
-4.11087386433725
-4.11087386433725
-4.30406509387984
-4.18965474217794
-22.6401884492755
-4.11087386433725
-4.11087386433725
-5.13873530150363
-6.85012617434465
-4.15888308398467
-4.11087386433725
-4.11087386433725
-4.24849524276364
-4.12713438520638
-4.41884061924238
-4.11087386433725
-4.11087386433725
-7.50163448589004
-6.53717459071878
-4.40671925092279
-4.11087386433725
-4.11087386433725
-5.48063892667533
-4.38202663629888
-4.15888308351592
-4.11087386433725
-4.11087386433725
-4.53259949465863
-4.44265125860796
-4.27666611943272
-4.11087386433725
-4.11087386433725
-5.5012582119733
-4.66343909590452
-4.12713438536767
-4.11087386433725
-4.11087386433725
-4.56434819167617
-4.12713438536767
-5.83188249001079
-4.11087386433725
-4.11087386433725
-5.13971234652765
-8.15248610013508
-4.29045944731277
-4.11087386433725
-4.11087386433725
-4.30406509415012
-4.11087386433725
-4.31748811433631
-4.11087386433725
-4.11087386433725
-6.24416691744044
-6.35175794813874
-6.01615716489347
-4.11087386433725
-4.11087386433725
-5.41610040660442
-4.39444915553664
-4.23410650575668
-4.11087386433725
-4.11087386433725
-4.30406509387984
-4.18965474217794
-4.21950770532316
-22.5315546082896
-4.11087386433725
-5.83188248206358
-7.5432733549046
-4.15888308398467
-4.11087386433725
-4.11087386433725
-4.24849524276364
-4.12713438520638
-4.41884061924238
-4.11087386433725
-4.11087386433725
-7.50163448589004
-7.63578687938689
-4.40671925092279
-4.11087386433725
-4.11087386433725
-5.48063892667533
-4.38202663629888
-4.15888308351592
-4.11087386433725
-4.11087386433725
-4.53259949465863
-4.44265125860796
-4.27666611943272
-4.11087386433725
-4.11087386433725
-5.5012582119733
-4.66343909590452
-4.12713438536767
-4.11087386433725
-4.11087386433725
-4.56434819167617
-4.12713438536767
-5.83188249001079
-4.11087386433725
-4.11087386433725
-6.23832463519576
-8.15248610013508
-4.29045944731277
-4.11087386433725
-4.11087386433725
-4.30406509415012
-4.11087386433725
-4.31748811433631
-4.11087386433725
-4.11087386433725
-6.24416691744044
-7.04490512869868
-6.01615716489347
-4.11087386433725
-4.11087386433725
-5.41610040660442
-4.39444915553664
-4.23410650575668
-4.11087386433725
-4.11087386433725
-4.30406509387984
-4.18965474217794
-4.21950770532316
-4.11087386433725
-22.5315546082896
-5.83188248206358
-7.5432733549046
-4.15888308398467
-4.11087386433725
-4.11087386433725
-4.24849524276364
-4.12713438520638
-4.41884061924238
-4.11087386433725
-4.11087386433725
-7.50163448589004
-7.63578687938689
-4.40671925092279
-4.11087386433725
-4.11087386433725
-5.48063892667533
-4.38202663629888
-4.15888308351592
-4.11087386433725
-4.11087386433725
-4.53259949465863
-4.44265125860796
-4.27666611943272
-4.11087386433725
-4.11087386433725
-5.5012582119733
-4.66343909590452
-4.12713438536767
-4.11087386433725
-4.11087386433725
-4.56434819167617
-4.12713438536767
-5.83188249001079
-4.11087386433725
-4.11087386433725
-6.23832463519576
-8.15248610013508
-4.29045944731277
-4.11087386433725
-4.11087386433725
-4.30406509415012
-4.11087386433725
-4.31748811433631
-4.11087386433725
-4.11087386433725
-6.24416691744044
-7.04490512869868
-6.01615716489347
-4.11087386433725
-4.11087386433725
-2.85115104914288
-3.29583686686853
-4.23410650575668
-4.11087386433725
-4.11087386433725
-4.30406509387984
-4.18965474217794
-4.21950770532316
-4.11087386433725
-4.11087386433725
-19.1588130252092
-4.07753745210487
-4.15888308398467
-4.11087386433725
-4.11087386433725
-4.24849524276364
-4.12713438520638
-4.41884061924238
-4.11087386433725
-4.11087386433725
-4.9366851284285
-3.74396658127627
-3.71357207036284
-4.11087386433725
-4.11087386433725
-4.78749174611538
-4.38202663629888
-4.15888308351592
-4.11087386433725
-4.11087386433725
-4.53259949465863
-3.74950407804802
-4.27666611943272
-4.11087386433725
-4.11087386433725
-3.19867311897925
-3.56482680723641
-4.12713438536767
-4.11087386433725
-4.11087386433725
-4.56434819167617
-4.12713438536767
-4.22244457757669
-4.11087386433725
-4.11087386433725
-3.01944881032756
-3.39031216533732
-3.19184715864466
-4.11087386433725
-4.11087386433725
-4.30406509415012
-4.11087386433725
-4.31748811433631
-4.11087386433725
-4.11087386433725
-5.55101973688049
-4.55999847891068
-3.53125051510547
-4.11087386433725
-4.11087386433725
-2.01490302494227
-4.39444915553664
-4.23410650575668
-4.11087386433725
-4.11087386433725
-3.20545280521173
-4.18965474217794
-4.21950770532316
-4.11087386433725
-4.11087386433725
-2.65382865171563
-18.6192350447073
-4.15888308398467
-4.11087386433725
-4.11087386433725
-4.24849524276364
-4.12713438520638
-4.41884061924238
-4.11087386433725
-4.11087386433725
-2.69761344115678
-1.88958368884674
-3.71357207036284
-4.11087386433725
-4.11087386433725
-1.76706685997102
-3.28341434763077
-4.15888308351592
-4.11087386433725
-4.11087386433725
-2.74084002543058
-4.44265125860796
-3.58351893887278
-4.11087386433725
-4.11087386433725
-1.94591015048388
-3.05400118347042
-4.12713438536767
-4.11087386433725
-4.11087386433725
-2.07944154188817
-4.12713438536767
-2.49967797983559
-4.11087386433725
-4.11087386433725
-2.7119641105796
-1.17334082506627
-4.29045944731277
-4.11087386433725
-4.11087386433725
-4.30406509415012
-4.11087386433725
-4.31748811433631
-4.11087386433725
-4.11087386433725
-6.24416691744044
-3.05592108213441
-2.25495704919991
-4.11087386433725
-4.11087386433725
-5.41610040660442
-4.39444915553664
-4.23410650575668
-4.11087386433725
-4.11087386433725
-4.30406509387984
-4.18965474217794
-4.21950770532316
-4.11087386433725
-4.11087386433725
-5.83188248206358
-6.44466106623649
-21.1932694668171
-4.11087386433725
-4.11087386433725
-4.24849524276364
-4.12713438520638
-4.41884061924238
-4.11087386433725
-4.11087386433725
-6.80848730533009
-7.63578687938689
-4.40671925092279
-4.11087386433725
-4.11087386433725
-5.48063892667533
-4.38202663629888
-4.15888308351592
-4.11087386433725
-4.11087386433725
-4.53259949465863
-4.44265125860796
-4.27666611943272
-4.11087386433725
-4.11087386433725
-5.5012582119733
-4.66343909590452
-4.12713438536767
-4.11087386433725
-4.11087386433725
-4.56434819167617
-4.12713438536767
-5.83188249001079
-4.11087386433725
-4.11087386433725
-6.23832463519576
-8.15248610013508
-4.29045944731277
-4.11087386433725
-4.11087386433725
-4.30406509415012
-4.11087386433725
-4.31748811433631
-4.11087386433725
-4.11087386433725
-6.24416691744044
-7.04490512869868
-6.01615716489347
-4.11087386433725
-4.11087386433725
-5.41610040660442
-4.39444915553664
-4.23410650575668
-4.11087386433725
-4.11087386433725
-4.30406509387984
-4.18965474217794
-4.21950770532316
-4.11087386433725
-4.11087386433725
-5.83188248206358
-7.5432733549046
-4.15888308398467
-22.5315546082896
-4.11087386433725
-4.24849524276364
-4.12713438520638
-4.41884061924238
-4.11087386433725
-4.11087386433725
-7.50163448589004
-7.63578687938689
-4.40671925092279
-4.11087386433725
-4.11087386433725
-5.48063892667533
-4.38202663629888
-4.15888308351592
-4.11087386433725
-4.11087386433725
-4.53259949465863
-4.44265125860796
-4.27666611943272
-4.11087386433725
-4.11087386433725
-5.5012582119733
-4.66343909590452
-4.12713438536767
-4.11087386433725
-4.11087386433725
-4.56434819167617
-4.12713438536767
-5.83188249001079
-4.11087386433725
-4.11087386433725
-6.23832463519576
-8.15248610013508
-4.29045944731277
-4.11087386433725
-4.11087386433725
-4.30406509415012
-4.11087386433725
-4.31748811433631
-4.11087386433725
-4.11087386433725
-6.24416691744044
-7.04490512869868
-6.01615716489347
-4.11087386433725
-4.11087386433725
-5.41610040660442
-4.39444915553664
-4.23410650575668
-4.11087386433725
-4.11087386433725
-4.30406509387984
-4.18965474217794
-4.21950770532316
-4.11087386433725
-4.11087386433725
-5.83188248206358
-7.5432733549046
-4.15888308398467
-4.11087386433725
-22.5315546082896
-4.24849524276364
-4.12713438520638
-4.41884061924238
-4.11087386433725
-4.11087386433725
-7.50163448589004
-7.63578687938689
-4.40671925092279
-4.11087386433725
-4.11087386433725
-5.48063892667533
-4.38202663629888
-4.15888308351592
-4.11087386433725
-4.11087386433725
-4.53259949465863
-4.44265125860796
-4.27666611943272
-4.11087386433725
-4.11087386433725
-5.5012582119733
-4.66343909590452
-4.12713438536767
-4.11087386433725
-4.11087386433725
-4.56434819167617
-4.12713438536767
-5.83188249001079
-4.11087386433725
-4.11087386433725
-6.23832463519576
-8.15248610013508
-4.29045944731277
-4.11087386433725
-4.11087386433725
-4.30406509415012
-4.11087386433725
-4.31748811433631
-4.11087386433725
-4.11087386433725
-6.24416691744044
-7.04490512869868
-6.01615716489347
-4.11087386433725
-4.11087386433725
-5.41610040660442
-4.39444915553664
-4.23410650575668
-4.11087386433725
-4.11087386433725
-4.30406509387984
-4.18965474217794
-4.21950770532316
-4.11087386433725
-4.11087386433725
-5.83188248206358
-7.5432733549046
-4.15888308398467
-4.11087386433725
-4.11087386433725
-21.0597380742819
-4.12713438520638
-4.41884061924238
-4.11087386433725
-4.11087386433725
-7.50163448589004
-6.02634896695279
-4.40671925092279
-4.11087386433725
-4.11087386433725
-5.48063892667533
-4.38202663629888
-4.15888308351592
-4.11087386433725
-4.11087386433725
-4.53259949465863
-4.44265125860796
-4.27666611943272
-4.11087386433725
-4.11087386433725
-5.5012582119733
-4.66343909590452
-4.12713438536767
-4.11087386433725
-4.11087386433725
-4.56434819167617
-4.12713438536767
-5.83188249001079
-4.11087386433725
-4.11087386433725
-6.23832463519576
-6.54304818770098
-4.29045944731277
-4.11087386433725
-4.11087386433725
-4.30406509415012
-4.11087386433725
-4.31748811433631
-4.11087386433725
-4.11087386433725
-5.55101973688049
-7.04490512869868
-6.01615716489347
-4.11087386433725
-4.11087386433725
-5.41610040660442
-3.70130197497669
-4.23410650575668
-4.11087386433725
-4.11087386433725
-4.30406509387984
-4.18965474217794
-4.21950770532316
-4.11087386433725
-4.11087386433725
-5.83188248206358
-7.5432733549046
-4.15888308398467
-4.11087386433725
-4.11087386433725
-4.24849524276364
-22.5478151291587
-4.41884061924238
-4.11087386433725
-4.11087386433725
-7.50163448589004
-7.63578687938689
-4.40671925092279
-4.11087386433725
-4.11087386433725
-5.48063892667533
-4.38202663629888
-4.15888308351592
-4.11087386433725
-4.11087386433725
-4.53259949465863
-4.44265125860796
-4.27666611943272
-4.11087386433725
-4.11087386433725
-5.5012582119733
-4.66343909590452
-4.12713438536767
-4.11087386433725
-4.11087386433725
-4.56434819167617
-4.12713438536767
-5.83188249001079
-4.11087386433725
-4.11087386433725
-6.23832463519576
-8.15248610013508
-4.29045944731277
-4.11087386433725
-4.11087386433725
-4.30406509415012
-4.11087386433725
-4.31748811433631
-4.11087386433725
-4.11087386433725
-6.24416691744044
-7.04490512869868
-6.01615716489347
-4.11087386433725
-4.11087386433725
-5.41610040660442
-4.39444915553664
-4.23410650575668
-4.11087386433725
-4.11087386433725
-4.30406509387984
-4.18965474217794
-4.21950770532316
-4.11087386433725
-4.11087386433725
-5.83188248206358
-7.5432733549046
-4.15888308398467
-4.11087386433725
-4.11087386433725
-4.24849524276364
-4.12713438520638
-18.2856444715942
-4.11087386433725
-4.11087386433725
-6.80848730533009
-5.15088022959889
-4.40671925092279
-4.11087386433725
-4.11087386433725
-5.48063892667533
-4.38202663629888
-4.15888308351592
-4.11087386433725
-4.11087386433725
-4.53259949465863
-4.44265125860796
-4.27666611943272
-4.11087386433725
-4.11087386433725
-5.5012582119733
-4.66343909590452
-4.12713438536767
-4.11087386433725
-4.11087386433725
-4.56434819167617
-4.12713438536767
-5.83188249001079
-4.11087386433725
-4.11087386433725
-6.23832463519576
-5.75459082733671
-4.29045944731277
-4.11087386433725
-4.11087386433725
-4.30406509415012
-4.11087386433725
-4.31748811433631
-4.11087386433725
-4.11087386433725
-5.55101973688049
-7.04490512869868
-6.01615716489347
-4.11087386433725
-4.11087386433725
-5.41610040660442
-4.39444915553664
-4.23410650575668
-4.11087386433725
-4.11087386433725
-4.30406509387984
-4.18965474217794
-4.21950770532316
-4.11087386433725
-4.11087386433725
-5.83188248206358
-7.5432733549046
-4.15888308398467
-4.11087386433725
-4.11087386433725
-4.24849524276364
-4.12713438520638
-4.41884061924238
-22.5315546082896
-4.11087386433725
-7.50163448589004
-7.63578687938689
-4.40671925092279
-4.11087386433725
-4.11087386433725
-5.48063892667533
-4.38202663629888
-4.15888308351592
-4.11087386433725
-4.11087386433725
-4.53259949465863
-4.44265125860796
-4.27666611943272
-4.11087386433725
-4.11087386433725
-5.5012582119733
-4.66343909590452
-4.12713438536767
-4.11087386433725
-4.11087386433725
-4.56434819167617
-4.12713438536767
-5.83188249001079
-4.11087386433725
-4.11087386433725
-6.23832463519576
-8.15248610013508
-4.29045944731277
-4.11087386433725
-4.11087386433725
-4.30406509415012
-4.11087386433725
-4.31748811433631
-4.11087386433725
-4.11087386433725
-6.24416691744044
-7.04490512869868
-6.01615716489347
-4.11087386433725
-4.11087386433725
-5.41610040660442
-4.39444915553664
-4.23410650575668
-4.11087386433725
-4.11087386433725
-4.30406509387984
-4.18965474217794
-4.21950770532316
-4.11087386433725
-4.11087386433725
-5.83188248206358
-7.5432733549046
-4.15888308398467
-4.11087386433725
-4.11087386433725
-4.24849524276364
-4.12713438520638
-4.41884061924238
-4.11087386433725
-22.5315546082896
-7.50163448589004
-7.63578687938689
-4.40671925092279
-4.11087386433725
-4.11087386433725
-5.48063892667533
-4.38202663629888
-4.15888308351592
-4.11087386433725
-4.11087386433725
-4.53259949465863
-4.44265125860796
-4.27666611943272
-4.11087386433725
-4.11087386433725
-5.5012582119733
-4.66343909590452
-4.12713438536767
-4.11087386433725
-4.11087386433725
-4.56434819167617
-4.12713438536767
-5.83188249001079
-4.11087386433725
-4.11087386433725
-6.23832463519576
-8.15248610013508
-4.29045944731277
-4.11087386433725
-4.11087386433725
-4.30406509415012
-4.11087386433725
-4.31748811433631
-4.11087386433725
-4.11087386433725
-6.24416691744044
-7.04490512869868
-6.01615716489347
-4.11087386433725
-4.11087386433725
-3.33665886492458
-3.70130197497669
-4.23410650575668
-4.11087386433725
-4.11087386433725
-2.91777073275995
-4.18965474217794
-3.52636052476322
-4.11087386433725
-4.11087386433725
-3.4339872092652
-2.05021191156405
-4.15888308398467
-4.11087386433725
-4.11087386433725
-4.24849524276364
-4.12713438520638
-3.72569343868244
-4.11087386433725
-4.11087386433725
-17.3908247337253
-2.55438251440243
-3.71357207036284
-4.11087386433725
-4.11087386433725
-2.64742558261911
-3.28341434763077
-4.15888308351592
-4.11087386433725
-4.11087386433725
-2.92316158222453
-3.74950407804802
-4.27666611943272
-4.11087386433725
-4.11087386433725
-3.0163515621853
-4.66343909590452
-4.12713438536767
-4.11087386433725
-4.11087386433725
-2.77258872244811
-4.12713438536767
-2.09421287172742
-4.11087386433725
-4.11087386433725
-1.67397644372792
-1.98287536764362
-4.29045944731277
-4.11087386433725
-4.11087386433725
-4.30406509415012
-4.11087386433725
-3.62434093377637
-4.11087386433725
-4.11087386433725
-0.507594619961244
-1.07875838957499
-2.40523925224925
-4.11087386433725
-4.11087386433725
-2.47166142743798
-4.39444915553664
-3.54095932519673
-4.11087386433725
-4.11087386433725
-3.20545280521173
-3.496507561618
-2.83321334420327
-4.11087386433725
-4.11087386433725
-2.69638826613443
-2.00200980974617
-3.46573590342473
-4.11087386433725
-4.11087386433725
-3.14988295409553
-4.12713438520638
-2.33939907756255
-4.11087386433725
-4.11087386433725
-2.22863492732629
-17.8333770721777
-2.00882397812442
-4.11087386433725
-4.11087386433725
-1.74296930839196
-4.38202663629888
-4.15888308351592
-4.11087386433725
-4.11087386433725
-2.92316158222453
-4.44265125860796
-3.17805383076461
-4.11087386433725
-4.11087386433725
-1.78768614526899
-3.56482680723641
-4.12713438536767
-4.11087386433725
-4.11087386433725
-4.56434819167617
-4.12713438536767
-2.33537492854431
-4.11087386433725
-4.11087386433725
-1.9898293931464
-1.47666287850023
-3.59731226675283
-4.11087386433725
-4.11087386433725
-4.30406509415012
-4.11087386433725
-1.83258146454831
-4.11087386433725
-4.11087386433725
-1.849717762768
-1.18127395310059
-1.34332833043157
-4.11087386433725
-4.11087386433725
-5.41610040660442
-4.39444915553664
-4.23410650575668
-4.11087386433725
-4.11087386433725
-3.6109179133199
-4.18965474217794
-4.21950770532316
-4.11087386433725
-4.11087386433725
-5.83188248206358
-7.5432733549046
-4.15888308398467
-4.11087386433725
-4.11087386433725
-4.24849524276364
-4.12713438520638
-4.41884061924238
-4.11087386433725
-4.11087386433725
-6.80848730533009
-5.15088022959889
-19.426202613213
-4.11087386433725
-4.11087386433725
-5.48063892667533
-4.38202663629888
-4.15888308351592
-4.11087386433725
-4.11087386433725
-4.53259949465863
-4.44265125860796
-4.27666611943272
-4.11087386433725
-4.11087386433725
-5.5012582119733
-3.97029191534457
-4.12713438536767
-4.11087386433725
-4.11087386433725
-4.56434819167617
-4.12713438536767
-5.83188249001079
-4.11087386433725
-4.11087386433725
-5.54517745463581
-6.36072663090702
-4.29045944731277
-4.11087386433725
-4.11087386433725
-3.20545280548201
-4.11087386433725
-4.31748811433631
-4.11087386433725
-4.11087386433725
-6.24416691744044
-7.04490512869868
-6.01615716489347
-4.11087386433725
-4.11087386433725
-5.41610040660442
-4.39444915553664
-4.23410650575668
-4.11087386433725
-4.11087386433725
-4.30406509387984
-4.18965474217794
-4.21950770532316
-4.11087386433725
-4.11087386433725
-5.83188248206358
-7.5432733549046
-4.15888308398467
-4.11087386433725
-4.11087386433725
-4.24849524276364
-4.12713438520638
-4.41884061924238
-4.11087386433725
-4.11087386433725
-7.50163448589004
-7.63578687938689
-4.40671925092279
-22.5315546082896
-4.11087386433725
-5.48063892667533
-4.38202663629888
-4.15888308351592
-4.11087386433725
-4.11087386433725
-4.53259949465863
-4.44265125860796
-4.27666611943272
-4.11087386433725
-4.11087386433725
-5.5012582119733
-4.66343909590452
-4.12713438536767
-4.11087386433725
-4.11087386433725
-4.56434819167617
-4.12713438536767
-5.83188249001079
-4.11087386433725
-4.11087386433725
-6.23832463519576
-8.15248610013508
-4.29045944731277
-4.11087386433725
-4.11087386433725
-4.30406509415012
-4.11087386433725
-4.31748811433631
-4.11087386433725
-4.11087386433725
-6.24416691744044
-7.04490512869868
-6.01615716489347
-4.11087386433725
-4.11087386433725
-5.41610040660442
-4.39444915553664
-4.23410650575668
-4.11087386433725
-4.11087386433725
-4.30406509387984
-4.18965474217794
-4.21950770532316
-4.11087386433725
-4.11087386433725
-5.83188248206358
-7.5432733549046
-4.15888308398467
-4.11087386433725
-4.11087386433725
-4.24849524276364
-4.12713438520638
-4.41884061924238
-4.11087386433725
-4.11087386433725
-7.50163448589004
-7.63578687938689
-4.40671925092279
-4.11087386433725
-22.5315546082896
-5.48063892667533
-4.38202663629888
-4.15888308351592
-4.11087386433725
-4.11087386433725
-4.53259949465863
-4.44265125860796
-4.27666611943272
-4.11087386433725
-4.11087386433725
-5.5012582119733
-4.66343909590452
-4.12713438536767
-4.11087386433725
-4.11087386433725
-4.56434819167617
-4.12713438536767
-5.83188249001079
-4.11087386433725
-4.11087386433725
-6.23832463519576
-8.15248610013508
-4.29045944731277
-4.11087386433725
-4.11087386433725
-4.30406509415012
-4.11087386433725
-4.31748811433631
-4.11087386433725
-4.11087386433725
-6.24416691744044
-7.04490512869868
-6.01615716489347
-4.11087386433725
-4.11087386433725
-4.02980604548453
-4.39444915553664
-4.23410650575668
-4.11087386433725
-4.11087386433725
-4.30406509387984
-4.18965474217794
-4.21950770532316
-4.11087386433725
-4.11087386433725
-5.13873530150363
-4.28517681688312
-4.15888308398467
-4.11087386433725
-4.11087386433725
-4.24849524276364
-4.12713438520638
-4.41884061924238
-4.11087386433725
-4.11087386433725
-5.10373921309167
-4.13927931792041
-4.40671925092279
-4.11087386433725
-4.11087386433725
-19.5192930359538
-2.99573227517899
-4.15888308351592
-4.11087386433725
-4.11087386433725
-4.53259949465863
-4.44265125860796
-4.27666611943272
-4.11087386433725
-4.11087386433725
-3.10336293917493
-3.97029191534457
-4.12713438536767
-4.11087386433725
-4.11087386433725
-3.87120101111622
-4.12713438536767
-5.13873530945084
-4.11087386433725
-4.11087386433725
-4.85203027407587
-3.75803694546264
-4.29045944731277
-4.11087386433725
-4.11087386433725
-3.61091791359017
-4.11087386433725
-4.31748811433631
-4.11087386433725
-4.11087386433725
-6.24416691744044
-5.65861076757879
-4.62986280377358
-4.11087386433725
-4.11087386433725
-5.41610040660442
-3.00815479441675
-4.23410650575668
-4.11087386433725
-4.11087386433725
-4.30406509387984
-4.18965474217794
-4.21950770532316
-4.11087386433725
-4.11087386433725
-5.83188248206358
-6.15697899378471
-4.15888308398467
-4.11087386433725
-4.11087386433725
-4.24849524276364
-3.43398720464644
-4.41884061924238
-4.11087386433725
-4.11087386433725
-7.50163448589004
-7.63578687938689
-4.40671925092279
-4.11087386433725
-4.11087386433725
-3.28341434933911
-20.2377580227897
-3.46573590295598
-4.11087386433725
-4.11087386433725
-4.53259949465863
-3.74950407804802
-4.27666611943272
-4.11087386433725
-4.11087386433725
-5.5012582119733
-4.66343909590452
-4.12713438536767
-4.11087386433725
-4.11087386433725
-4.56434819167617
-4.12713438536767
-5.83188249001079
-4.11087386433725
-4.11087386433725
-6.23832463519576
-7.05387381146697
-3.59731226675283
-4.11087386433725
-4.11087386433725
-4.30406509415012
-4.11087386433725
-4.31748811433631
-4.11087386433725
-4.11087386433725
-6.24416691744044
-7.04490512869868
-6.01615716489347
-4.11087386433725
-4.11087386433725
-5.41610040660442
-4.39444915553664
-4.23410650575668
-4.11087386433725
-4.11087386433725
-3.6109179133199
-4.18965474217794
-4.21950770532316
-4.11087386433725
-4.11087386433725
-5.83188248206358
-7.5432733549046
-4.15888308398467
-4.11087386433725
-4.11087386433725
-4.24849524276364
-4.12713438520638
-4.41884061924238
-4.11087386433725
-4.11087386433725
-7.50163448589004
-7.63578687938689
-4.40671925092279
-4.11087386433725
-4.11087386433725
-5.48063892667533
-4.38202663629888
-22.5795638274683
-4.11087386433725
-4.11087386433725
-4.53259949465863
-3.34403896993985
-4.27666611943272
-4.11087386433725
-4.11087386433725
-5.5012582119733
-4.66343909590452
-4.12713438536767
-4.11087386433725
-4.11087386433725
-4.56434819167617
-4.12713438536767
-5.83188249001079
-4.11087386433725
-4.11087386433725
-6.23832463519576
-8.15248610013508
-4.29045944731277
-4.11087386433725
-4.11087386433725
-4.30406509415012
-4.11087386433725
-4.31748811433631
-4.11087386433725
-4.11087386433725
-6.24416691744044
-7.04490512869868
-6.01615716489347
-4.11087386433725
-4.11087386433725
-5.41610040660442
-4.39444915553664
-4.23410650575668
-4.11087386433725
-4.11087386433725
-4.30406509387984
-4.18965474217794
-4.21950770532316
-4.11087386433725
-4.11087386433725
-5.83188248206358
-7.5432733549046
-4.15888308398467
-4.11087386433725
-4.11087386433725
-4.24849524276364
-4.12713438520638
-4.41884061924238
-4.11087386433725
-4.11087386433725
-7.50163448589004
-7.63578687938689
-4.40671925092279
-4.11087386433725
-4.11087386433725
-5.48063892667533
-4.38202663629888
-4.15888308351592
-22.5315546082896
-4.11087386433725
-4.53259949465863
-4.44265125860796
-4.27666611943272
-4.11087386433725
-4.11087386433725
-5.5012582119733
-4.66343909590452
-4.12713438536767
-4.11087386433725
-4.11087386433725
-4.56434819167617
-4.12713438536767
-5.83188249001079
-4.11087386433725
-4.11087386433725
-6.23832463519576
-8.15248610013508
-4.29045944731277
-4.11087386433725
-4.11087386433725
-4.30406509415012
-4.11087386433725
-4.31748811433631
-4.11087386433725
-4.11087386433725
-6.24416691744044
-7.04490512869868
-6.01615716489347
-4.11087386433725
-4.11087386433725
-5.41610040660442
-4.39444915553664
-4.23410650575668
-4.11087386433725
-4.11087386433725
-4.30406509387984
-4.18965474217794
-4.21950770532316
-4.11087386433725
-4.11087386433725
-5.83188248206358
-7.5432733549046
-4.15888308398467
-4.11087386433725
-4.11087386433725
-4.24849524276364
-4.12713438520638
-4.41884061924238
-4.11087386433725
-4.11087386433725
-7.50163448589004
-7.63578687938689
-4.40671925092279
-4.11087386433725
-4.11087386433725
-5.48063892667533
-4.38202663629888
-4.15888308351592
-4.11087386433725
-22.5315546082896
-4.53259949465863
-4.44265125860796
-4.27666611943272
-4.11087386433725
-4.11087386433725
-5.5012582119733
-4.66343909590452
-4.12713438536767
-4.11087386433725
-4.11087386433725
-4.56434819167617
-4.12713438536767
-5.83188249001079
-4.11087386433725
-4.11087386433725
-6.23832463519576
-8.15248610013508
-4.29045944731277
-4.11087386433725
-4.11087386433725
-4.30406509415012
-4.11087386433725
-4.31748811433631
-4.11087386433725
-4.11087386433725
-6.24416691744044
-7.04490512869868
-6.01615716489347
-4.11087386433725
-4.11087386433725
-5.41610040660442
-4.39444915553664
-4.23410650575668
-4.11087386433725
-4.11087386433725
-4.30406509387984
-4.18965474217794
-4.21950770532316
-4.11087386433725
-4.11087386433725
-5.83188248206358
-5.75151388567654
-4.15888308398467
-4.11087386433725
-4.11087386433725
-4.24849524276364
-4.12713438520638
-3.72569343868244
-4.11087386433725
-4.11087386433725
-6.80848730533009
-6.53717459071878
-4.40671925092279
-4.11087386433725
-4.11087386433725
-3.68887945744727
-4.38202663629888
-4.15888308351592
-4.11087386433725
-4.11087386433725
-20.3142229089957
-3.74950407804802
-4.27666611943272
-4.11087386433725
-4.11087386433725
-5.5012582119733
-4.66343909590452
-4.12713438536767
-4.11087386433725
-4.11087386433725
-4.56434819167617
-4.12713438536767
-5.13873530945084
-4.11087386433725
-4.11087386433725
-4.62888672276166
-5.66757945034708
-4.29045944731277
-4.11087386433725
-4.11087386433725
-4.30406509415012
-4.11087386433725
-4.31748811433631
-4.11087386433725
-4.11087386433725
-6.24416691744044
-7.04490512869868
-6.01615716489347
-4.11087386433725
-4.11087386433725
-5.41610040660442
-4.39444915553664
-4.23410650575668
-4.11087386433725
-4.11087386433725
-3.6109179133199
-4.18965474217794
-4.21950770532316
-4.11087386433725
-4.11087386433725
-3.88597233300826
-7.5432733549046
-4.15888308398467
-4.11087386433725
-4.11087386433725
-4.24849524276364
-4.12713438520638
-3.72569343868244
-4.11087386433725
-4.11087386433725
-6.80848730533009
-6.249492518267
-3.71357207036284
-4.11087386433725
-4.11087386433725
-5.48063892667533
-3.68887945573894
-4.15888308351592
-4.11087386433725
-4.11087386433725
-4.53259949465863
-19.9729602446642
-4.27666611943272
-4.11087386433725
-4.11087386433725
-5.5012582119733
-4.66343909590452
-4.12713438536767
-4.11087386433725
-4.11087386433725
-3.87120101111622
-3.43398720480773
-5.13873530945084
-4.11087386433725
-4.11087386433725
-5.13971234652765
-6.54304818770098
-4.29045944731277
-4.11087386433725
-4.11087386433725
-4.30406509415012
-4.11087386433725
-4.31748811433631
-4.11087386433725
-4.11087386433725
-6.24416691744044
-6.35175794813874
-6.01615716489347
-4.11087386433725
-4.11087386433725
-5.41610040660442
-4.39444915553664
-4.23410650575668
-4.11087386433725
-4.11087386433725
-4.30406509387984
-4.18965474217794
-4.21950770532316
-4.11087386433725
-4.11087386433725
-5.83188248206358
-7.5432733549046
-4.15888308398467
-4.11087386433725
-4.11087386433725
-4.24849524276364
-4.12713438520638
-4.41884061924238
-4.11087386433725
-4.11087386433725
-6.80848730533009
-5.68987673033158
-4.40671925092279
-4.11087386433725
-4.11087386433725
-5.48063892667533
-4.38202663629888
-4.15888308351592
-4.11087386433725
-4.11087386433725
-4.53259949465863
-4.44265125860796
-21.598734574717
-4.11087386433725
-4.11087386433725
-5.5012582119733
-4.66343909590452
-4.12713438536767
-4.11087386433725
-4.11087386433725
-4.56434819167617
-4.12713438536767
-5.83188249001079
-4.11087386433725
-4.11087386433725
-6.23832463519576
-7.05387381146697
-4.29045944731277
-4.11087386433725
-4.11087386433725
-4.30406509415012
-4.11087386433725
-4.31748811433631
-4.11087386433725
-4.11087386433725
-5.55101973688049
-6.35175794813874
-6.01615716489347
-4.11087386433725
-4.11087386433725
-5.41610040660442
-4.39444915553664
-4.23410650575668
-4.11087386433725
-4.11087386433725
-4.30406509387984
-4.18965474217794
-4.21950770532316
-4.11087386433725
-4.11087386433725
-5.83188248206358
-7.5432733549046
-4.15888308398467
-4.11087386433725
-4.11087386433725
-4.24849524276364
-4.12713438520638
-4.41884061924238
-4.11087386433725
-4.11087386433725
-7.50163448589004
-7.63578687938689
-4.40671925092279
-4.11087386433725
-4.11087386433725
-5.48063892667533
-4.38202663629888
-4.15888308351592
-4.11087386433725
-4.11087386433725
-4.53259949465863
-4.44265125860796
-4.27666611943272
-22.5315546082896
-4.11087386433725
-5.5012582119733
-4.66343909590452
-4.12713438536767
-4.11087386433725
-4.11087386433725
-4.56434819167617
-4.12713438536767
-5.83188249001079
-4.11087386433725
-4.11087386433725
-6.23832463519576
-8.15248610013508
-4.29045944731277
-4.11087386433725
-4.11087386433725
-4.30406509415012
-4.11087386433725
-4.31748811433631
-4.11087386433725
-4.11087386433725
-6.24416691744044
-7.04490512869868
-6.01615716489347
-4.11087386433725
-4.11087386433725
-5.41610040660442
-4.39444915553664
-4.23410650575668
-4.11087386433725
-4.11087386433725
-4.30406509387984
-4.18965474217794
-4.21950770532316
-4.11087386433725
-4.11087386433725
-5.83188248206358
-7.5432733549046
-4.15888308398467
-4.11087386433725
-4.11087386433725
-4.24849524276364
-4.12713438520638
-4.41884061924238
-4.11087386433725
-4.11087386433725
-7.50163448589004
-7.63578687938689
-4.40671925092279
-4.11087386433725
-4.11087386433725
-5.48063892667533
-4.38202663629888
-4.15888308351592
-4.11087386433725
-4.11087386433725
-4.53259949465863
-4.44265125860796
-4.27666611943272
-4.11087386433725
-22.5315546082896
-5.5012582119733
-4.66343909590452
-4.12713438536767
-4.11087386433725
-4.11087386433725
-4.56434819167617
-4.12713438536767
-5.83188249001079
-4.11087386433725
-4.11087386433725
-6.23832463519576
-8.15248610013508
-4.29045944731277
-4.11087386433725
-4.11087386433725
-4.30406509415012
-4.11087386433725
-4.31748811433631
-4.11087386433725
-4.11087386433725
-6.24416691744044
-7.04490512869868
-6.01615716489347
-4.11087386433725
-4.11087386433725
-3.2188758292682
-3.70130197497669
-4.23410650575668
-4.11087386433725
-4.11087386433725
-3.20545280521173
-4.18965474217794
-4.21950770532316
-4.11087386433725
-4.11087386433725
-3.34697583227557
-3.78207323921104
-3.46573590342473
-4.11087386433725
-4.11087386433725
-4.24849524276364
-4.12713438520638
-4.41884061924238
-4.11087386433725
-4.11087386433725
-6.40302219722193
-4.99672954977163
-4.40671925092279
-4.11087386433725
-4.11087386433725
-4.78749174611538
-4.38202663629888
-4.15888308351592
-4.11087386433725
-4.11087386433725
-4.53259949465863
-4.44265125860796
-4.27666611943272
-4.11087386433725
-4.11087386433725
-20.3665908944363
-4.66343909590452
-4.12713438536767
-4.11087386433725
-4.11087386433725
-4.56434819167617
-4.12713438536767
-4.73327020134268
-4.11087386433725
-4.11087386433725
-4.85203027407587
-3.79577727344549
-4.29045944731277
-4.11087386433725
-4.11087386433725
-3.61091791359017
-4.11087386433725
-4.31748811433631
-4.11087386433725
-4.11087386433725
-5.14555462877233
-4.47995577123715
-3.93671562321364
-4.11087386433725
-4.11087386433725
-5.41610040660442
-4.39444915553664
-4.23410650575668
-4.11087386433725
-4.11087386433725
-4.30406509387984
-4.18965474217794
-3.12089541665505
-4.11087386433725
-4.11087386433725
-4.73327019339547
-6.44466106623649
-4.15888308398467
-4.11087386433725
-4.11087386433725
-4.24849524276364
-4.12713438520638
-4.41884061924238
-4.11087386433725
-4.11087386433725
-7.50163448589004
-5.15088022959889
-4.40671925092279
-4.11087386433725
-4.11087386433725
-4.78749174611538
-4.38202663629888
-4.15888308351592
-4.11087386433725
-4.11087386433725
-4.53259949465863
-4.44265125860796
-4.27666611943272
-4.11087386433725
-4.11087386433725
-4.80811103141335
-20.1396808606904
-4.12713438536767
-4.11087386433725
-4.11087386433725
-4.56434819167617
-4.12713438536767
-5.83188249001079
-4.11087386433725
-4.11087386433725
-3.75341798540776
-5.58753674267354
-4.29045944731277
-4.11087386433725
-4.11087386433725
-3.61091791359017
-4.11087386433725
-4.31748811433631
-4.11087386433725
-4.11087386433725
-6.24416691744044
-7.04490512869868
-6.01615716489347
-4.11087386433725
-4.11087386433725
-5.41610040660442
-4.39444915553664
-4.23410650575668
-4.11087386433725
-4.11087386433725
-4.30406509387984
-4.18965474217794
-4.21950770532316
-4.11087386433725
-4.11087386433725
-5.13873530150363
-7.5432733549046
-4.15888308398467
-4.11087386433725
-4.11087386433725
-4.24849524276364
-4.12713438520638
-4.41884061924238
-4.11087386433725
-4.11087386433725
-7.50163448589004
-7.63578687938689
-4.40671925092279
-4.11087386433725
-4.11087386433725
-5.48063892667533
-4.38202663629888
-4.15888308351592
-4.11087386433725
-4.11087386433725
-4.53259949465863
-4.44265125860796
-4.27666611943272
-4.11087386433725
-4.11087386433725
-5.5012582119733
-4.66343909590452
-21.8546679487601
-4.11087386433725
-4.11087386433725
-4.56434819167617
-4.12713438536767
-5.83188249001079
-4.11087386433725
-4.11087386433725
-6.23832463519576
-8.15248610013508
-4.29045944731277
-4.11087386433725
-4.11087386433725
-4.30406509415012
-4.11087386433725
-4.31748811433631
-4.11087386433725
-4.11087386433725
-6.24416691744044
-7.04490512869868
-6.01615716489347
-4.11087386433725
-4.11087386433725
-5.41610040660442
-4.39444915553664
-4.23410650575668
-4.11087386433725
-4.11087386433725
-4.30406509387984
-4.18965474217794
-4.21950770532316
-4.11087386433725
-4.11087386433725
-5.83188248206358
-7.5432733549046
-4.15888308398467
-4.11087386433725
-4.11087386433725
-4.24849524276364
-4.12713438520638
-4.41884061924238
-4.11087386433725
-4.11087386433725
-7.50163448589004
-7.63578687938689
-4.40671925092279
-4.11087386433725
-4.11087386433725
-5.48063892667533
-4.38202663629888
-4.15888308351592
-4.11087386433725
-4.11087386433725
-4.53259949465863
-4.44265125860796
-4.27666611943272
-4.11087386433725
-4.11087386433725
-5.5012582119733
-4.66343909590452
-4.12713438536767
-22.5315546082896
-4.11087386433725
-4.56434819167617
-4.12713438536767
-5.83188249001079
-4.11087386433725
-4.11087386433725
-6.23832463519576
-8.15248610013508
-4.29045944731277
-4.11087386433725
-4.11087386433725
-4.30406509415012
-4.11087386433725
-4.31748811433631
-4.11087386433725
-4.11087386433725
-6.24416691744044
-7.04490512869868
-6.01615716489347
-4.11087386433725
-4.11087386433725
-5.41610040660442
-4.39444915553664
-4.23410650575668
-4.11087386433725
-4.11087386433725
-4.30406509387984
-4.18965474217794
-4.21950770532316
-4.11087386433725
-4.11087386433725
-5.83188248206358
-7.5432733549046
-4.15888308398467
-4.11087386433725
-4.11087386433725
-4.24849524276364
-4.12713438520638
-4.41884061924238
-4.11087386433725
-4.11087386433725
-7.50163448589004
-7.63578687938689
-4.40671925092279
-4.11087386433725
-4.11087386433725
-5.48063892667533
-4.38202663629888
-4.15888308351592
-4.11087386433725
-4.11087386433725
-4.53259949465863
-4.44265125860796
-4.27666611943272
-4.11087386433725
-4.11087386433725
-5.5012582119733
-4.66343909590452
-4.12713438536767
-4.11087386433725
-22.5315546082896
-4.56434819167617
-4.12713438536767
-5.83188249001079
-4.11087386433725
-4.11087386433725
-6.23832463519576
-8.15248610013508
-4.29045944731277
-4.11087386433725
-4.11087386433725
-4.30406509415012
-4.11087386433725
-4.31748811433631
-4.11087386433725
-4.11087386433725
-6.24416691744044
-7.04490512869868
-6.01615716489347
-4.11087386433725
-4.11087386433725
-5.41610040660442
-4.39444915553664
-4.23410650575668
-4.11087386433725
-4.11087386433725
-4.30406509387984
-3.496507561618
-4.21950770532316
-4.11087386433725
-4.11087386433725
-5.83188248206358
-6.15697899378471
-4.15888308398467
-4.11087386433725
-4.11087386433725
-4.24849524276364
-4.12713438520638
-4.41884061924238
-4.11087386433725
-4.11087386433725
-5.55572433683473
-6.53717459071878
-4.40671925092279
-4.11087386433725
-4.11087386433725
-5.48063892667533
-4.38202663629888
-4.15888308351592
-4.11087386433725
-4.11087386433725
-4.53259949465863
-4.44265125860796
-4.27666611943272
-4.11087386433725
-4.11087386433725
-3.8918202995392
-4.66343909590452
-4.12713438536767
-4.11087386433725
-4.11087386433725
-22.2918817550686
-4.12713438536767
-5.13873530945084
-4.11087386433725
-4.11087386433725
-5.54517745463581
-5.31927275607886
-4.29045944731277
-4.11087386433725
-4.11087386433725
-4.30406509415012
-4.11087386433725
-4.31748811433631
-4.11087386433725
-4.11087386433725
-6.24416691744044
-7.04490512869868
-6.01615716489347
-4.11087386433725
-4.11087386433725
-4.72295322604448
-4.39444915553664
-4.23410650575668
-4.11087386433725
-4.11087386433725
-4.30406509387984
-3.496507561618
-4.21950770532316
-4.11087386433725
-4.11087386433725
-5.83188248206358
-7.5432733549046
-4.15888308398467
-4.11087386433725
-4.11087386433725
-4.24849524276364
-4.12713438520638
-4.41884061924238
-4.11087386433725
-4.11087386433725
-7.50163448589004
-7.63578687938689
-4.40671925092279
-4.11087386433725
-4.11087386433725
-5.48063892667533
-4.38202663629888
-4.15888308351592
-4.11087386433725
-4.11087386433725
-4.53259949465863
-4.44265125860796
-4.27666611943272
-4.11087386433725
-4.11087386433725
-5.5012582119733
-4.66343909590452
-4.12713438536767
-4.11087386433725
-4.11087386433725
-4.56434819167617
-21.8546679487601
-5.83188249001079
-4.11087386433725
-4.11087386433725
-6.23832463519576
-8.15248610013508
-4.29045944731277
-4.11087386433725
-4.11087386433725
-4.30406509415012
-4.11087386433725
-4.31748811433631
-4.11087386433725
-4.11087386433725
-6.24416691744044
-7.04490512869868
-6.01615716489347
-4.11087386433725
-4.11087386433725
-5.41610040660442
-4.39444915553664
-4.23410650575668
-4.11087386433725
-4.11087386433725
-3.6109179133199
-4.18965474217794
-4.21950770532316
-4.11087386433725
-4.11087386433725
-4.73327019339547
-4.17597752491812
-4.15888308398467
-4.11087386433725
-4.11087386433725
-4.24849524276364
-4.12713438520638
-3.72569343868244
-4.11087386433725
-4.11087386433725
-3.89071657324581
-4.37769034136541
-4.40671925092279
-4.11087386433725
-4.11087386433725
-3.68887945744727
-3.68887945573894
-4.15888308351592
-4.11087386433725
-4.11087386433725
-3.83945231409869
-3.74950407804802
-4.27666611943272
-4.11087386433725
-4.11087386433725
-5.5012582119733
-3.56482680723641
-4.12713438536767
-4.11087386433725
-4.11087386433725
-3.87120101111622
-4.12713438536767
-18.1795186998628
-4.11087386433725
-4.11087386433725
-3.01944881032756
-3.49852574997756
-4.29045944731277
-4.11087386433725
-4.11087386433725
-4.30406509415012
-4.11087386433725
-4.31748811433631
-4.11087386433725
-4.11087386433725
-4.63472900500634
-4.2723164064589
-3.37709983527822
-4.11087386433725
-4.11087386433725
-5.41610040660442
-4.39444915553664
-4.23410650575668
-4.11087386433725
-4.11087386433725
-4.30406509387984
-4.18965474217794
-4.21950770532316
-4.11087386433725
-4.11087386433725
-5.83188248206358
-7.5432733549046
-4.15888308398467
-4.11087386433725
-4.11087386433725
-4.24849524276364
-4.12713438520638
-4.41884061924238
-4.11087386433725
-4.11087386433725
-7.50163448589004
-7.63578687938689
-4.40671925092279
-4.11087386433725
-4.11087386433725
-5.48063892667533
-4.38202663629888
-4.15888308351592
-4.11087386433725
-4.11087386433725
-4.53259949465863
-4.44265125860796
-4.27666611943272
-4.11087386433725
-4.11087386433725
-5.5012582119733
-4.66343909590452
-4.12713438536767
-4.11087386433725
-4.11087386433725
-4.56434819167617
-4.12713438536767
-5.83188249001079
-22.5315546082896
-4.11087386433725
-6.23832463519576
-8.15248610013508
-4.29045944731277
-4.11087386433725
-4.11087386433725
-4.30406509415012
-4.11087386433725
-4.31748811433631
-4.11087386433725
-4.11087386433725
-6.24416691744044
-7.04490512869868
-6.01615716489347
-4.11087386433725
-4.11087386433725
-5.41610040660442
-4.39444915553664
-4.23410650575668
-4.11087386433725
-4.11087386433725
-4.30406509387984
-4.18965474217794
-4.21950770532316
-4.11087386433725
-4.11087386433725
-5.83188248206358
-7.5432733549046
-4.15888308398467
-4.11087386433725
-4.11087386433725
-4.24849524276364
-4.12713438520638
-4.41884061924238
-4.11087386433725
-4.11087386433725
-7.50163448589004
-7.63578687938689
-4.40671925092279
-4.11087386433725
-4.11087386433725
-5.48063892667533
-4.38202663629888
-4.15888308351592
-4.11087386433725
-4.11087386433725
-4.53259949465863
-4.44265125860796
-4.27666611943272
-4.11087386433725
-4.11087386433725
-5.5012582119733
-4.66343909590452
-4.12713438536767
-4.11087386433725
-4.11087386433725
-4.56434819167617
-4.12713438536767
-5.83188249001079
-4.11087386433725
-22.5315546082896
-6.23832463519576
-8.15248610013508
-4.29045944731277
-4.11087386433725
-4.11087386433725
-4.30406509415012
-4.11087386433725
-4.31748811433631
-4.11087386433725
-4.11087386433725
-6.24416691744044
-7.04490512869868
-6.01615716489347
-4.11087386433725
-4.11087386433725
-3.80666249417032
-4.39444915553664
-4.23410650575668
-4.11087386433725
-4.11087386433725
-4.30406509387984
-4.18965474217794
-4.21950770532316
-4.11087386433725
-4.11087386433725
-3.63465790472736
-3.90568719517821
-4.15888308398467
-4.11087386433725
-4.11087386433725
-4.24849524276364
-4.12713438520638
-4.41884061924238
-4.11087386433725
-4.11087386433725
-3.51265043932576
-4.33995001338256
-3.71357207036284
-4.11087386433725
-4.11087386433725
-4.09434456555543
-4.38202663629888
-4.15888308351592
-4.11087386433725
-4.11087386433725
-2.58668934560332
-2.83321334617386
-3.17805383076461
-4.11087386433725
-4.11087386433725
-3.30403363463708
-1.89085037366474
-4.12713438536767
-4.11087386433725
-4.11087386433725
-3.87120101111622
-4.12713438536767
-3.19282516039553
-4.11087386433725
-4.11087386433725
-18.4051765675726
-3.24721132169665
-4.29045944731277
-4.11087386433725
-4.11087386433725
-3.61091791359017
-4.11087386433725
-4.31748811433631
-4.11087386433725
-4.11087386433725
-4.29825676838512
-3.95386267534037
-6.01615716489347
-4.11087386433725
-4.11087386433725
-1.226445664578
-1.99655388273827
-4.23410650575668
-4.11087386433725
-4.11087386433725
-4.30406509387984
-4.18965474217794
-4.21950770532316
-4.11087386433725
-4.11087386433725
-0.756708666829748
-0.57442297656265
-3.46573590342473
-4.11087386433725
-4.11087386433725
-2.16905370108381
-4.12713438520638
-1.93393396945438
-4.11087386433725
-4.11087386433725
-1.1862764843677
-1.00246844610652
-2.46080910186748
-4.11087386433725
-4.11087386433725
-1.69644929275706
-2.77258872386478
-4.15888308351592
-4.11087386433725
-4.11087386433725
-2.13470422186026
-2.04475598580959
-2.89037175831283
-4.11087386433725
-4.11087386433725
-1.65111061026324
-2.02438176628926
-4.12713438536767
-4.11087386433725
-4.11087386433725
-1.85629799057396
-4.12713438536767
-1.16844339589872
-4.11087386433725
-4.11087386433725
-1.29668221258645
-17.5305353165374
-2.21101790563294
-4.11087386433725
-4.11087386433725
-2.22462355247028
-4.11087386433725
-3.62434093377637
-4.11087386433725
-4.11087386433725
-2.87687108745396
-2.21659139139638
-1.47286238262347
-4.11087386433725
-4.11087386433725
-5.41610040660442
-4.39444915553664
-4.23410650575668
-4.11087386433725
-4.11087386433725
-4.30406509387984
-4.18965474217794
-4.21950770532316
-4.11087386433725
-4.11087386433725
-5.13873530150363
-6.15697899378471
-4.15888308398467
-4.11087386433725
-4.11087386433725
-4.24849524276364
-4.12713438520638
-4.41884061924238
-4.11087386433725
-4.11087386433725
-7.50163448589004
-7.63578687938689
-4.40671925092279
-4.11087386433725
-4.11087386433725
-5.48063892667533
-4.38202663629888
-4.15888308351592
-4.11087386433725
-4.11087386433725
-4.53259949465863
-4.44265125860796
-4.27666611943272
-4.11087386433725
-4.11087386433725
-5.5012582119733
-4.66343909590452
-4.12713438536767
-4.11087386433725
-4.11087386433725
-4.56434819167617
-4.12713438536767
-5.83188249001079
-4.11087386433725
-4.11087386433725
-6.23832463519576
-5.95526152279886
-18.9044777014948
-4.11087386433725
-4.11087386433725
-4.30406509415012
-4.11087386433725
-4.31748811433631
-4.11087386433725
-4.11087386433725
-6.24416691744044
-7.04490512869868
-5.32300998433353
-4.11087386433725
-4.11087386433725
-5.41610040660442
-4.39444915553664
-4.23410650575668
-4.11087386433725
-4.11087386433725
-4.30406509387984
-4.18965474217794
-4.21950770532316
-4.11087386433725
-4.11087386433725
-5.83188248206358
-7.5432733549046
-4.15888308398467
-4.11087386433725
-4.11087386433725
-4.24849524276364
-4.12713438520638
-4.41884061924238
-4.11087386433725
-4.11087386433725
-7.50163448589004
-7.63578687938689
-4.40671925092279
-4.11087386433725
-4.11087386433725
-5.48063892667533
-4.38202663629888
-4.15888308351592
-4.11087386433725
-4.11087386433725
-4.53259949465863
-4.44265125860796
-4.27666611943272
-4.11087386433725
-4.11087386433725
-5.5012582119733
-4.66343909590452
-4.12713438536767
-4.11087386433725
-4.11087386433725
-4.56434819167617
-4.12713438536767
-5.83188249001079
-4.11087386433725
-4.11087386433725
-6.23832463519576
-8.15248610013508
-4.29045944731277
-22.5315546082896
-4.11087386433725
-4.30406509415012
-4.11087386433725
-4.31748811433631
-4.11087386433725
-4.11087386433725
-6.24416691744044
-7.04490512869868
-6.01615716489347
-4.11087386433725
-4.11087386433725
-5.41610040660442
-4.39444915553664
-4.23410650575668
-4.11087386433725
-4.11087386433725
-4.30406509387984
-4.18965474217794
-4.21950770532316
-4.11087386433725
-4.11087386433725
-5.83188248206358
-7.5432733549046
-4.15888308398467
-4.11087386433725
-4.11087386433725
-4.24849524276364
-4.12713438520638
-4.41884061924238
-4.11087386433725
-4.11087386433725
-7.50163448589004
-7.63578687938689
-4.40671925092279
-4.11087386433725
-4.11087386433725
-5.48063892667533
-4.38202663629888
-4.15888308351592
-4.11087386433725
-4.11087386433725
-4.53259949465863
-4.44265125860796
-4.27666611943272
-4.11087386433725
-4.11087386433725
-5.5012582119733
-4.66343909590452
-4.12713438536767
-4.11087386433725
-4.11087386433725
-4.56434819167617
-4.12713438536767
-5.83188249001079
-4.11087386433725
-4.11087386433725
-6.23832463519576
-8.15248610013508
-4.29045944731277
-4.11087386433725
-22.5315546082896
-4.30406509415012
-4.11087386433725
-4.31748811433631
-4.11087386433725
-4.11087386433725
-6.24416691744044
-7.04490512869868
-6.01615716489347
-4.11087386433725
-4.11087386433725
-5.41610040660442
-4.39444915553664
-4.23410650575668
-4.11087386433725
-4.11087386433725
-4.30406509387984
-4.18965474217794
-4.21950770532316
-4.11087386433725
-4.11087386433725
-5.83188248206358
-6.44466106623649
-4.15888308398467
-4.11087386433725
-4.11087386433725
-4.24849524276364
-4.12713438520638
-4.41884061924238
-4.11087386433725
-4.11087386433725
-7.50163448589004
-6.94263969882695
-4.40671925092279
-4.11087386433725
-4.11087386433725
-5.48063892667533
-3.68887945573894
-4.15888308351592
-4.11087386433725
-4.11087386433725
-4.53259949465863
-4.44265125860796
-4.27666611943272
-4.11087386433725
-4.11087386433725
-5.5012582119733
-3.97029191534457
-4.12713438536767
-4.11087386433725
-4.11087386433725
-4.56434819167617
-4.12713438536767
-5.83188249001079
-4.11087386433725
-4.11087386433725
-6.23832463519576
-5.84990100714103
-4.29045944731277
-4.11087386433725
-4.11087386433725
-20.7788356890472
-4.11087386433725
-4.31748811433631
-4.11087386433725
-4.11087386433725
-6.24416691744044
-7.04490512869868
-6.01615716489347
-4.11087386433725
-4.11087386433725
-5.41610040660442
-4.39444915553664
-4.23410650575668
-4.11087386433725
-4.11087386433725
-4.30406509387984
-4.18965474217794
-4.21950770532316
-4.11087386433725
-4.11087386433725
-5.83188248206358
-7.5432733549046
-4.15888308398467
-4.11087386433725
-4.11087386433725
-4.24849524276364
-4.12713438520638
-4.41884061924238
-4.11087386433725
-4.11087386433725
-7.50163448589004
-7.63578687938689
-4.40671925092279
-4.11087386433725
-4.11087386433725
-5.48063892667533
-4.38202663629888
-4.15888308351592
-4.11087386433725
-4.11087386433725
-4.53259949465863
-4.44265125860796
-4.27666611943272
-4.11087386433725
-4.11087386433725
-5.5012582119733
-4.66343909590452
-4.12713438536767
-4.11087386433725
-4.11087386433725
-4.56434819167617
-4.12713438536767
-5.83188249001079
-4.11087386433725
-4.11087386433725
-6.23832463519576
-8.15248610013508
-4.29045944731277
-4.11087386433725
-4.11087386433725
-4.30406509415012
-22.5315546082896
-4.31748811433631
-4.11087386433725
-4.11087386433725
-6.24416691744044
-7.04490512869868
-6.01615716489347
-4.11087386433725
-4.11087386433725
-5.41610040660442
-4.39444915553664
-4.23410650575668
-4.11087386433725
-4.11087386433725
-4.30406509387984
-4.18965474217794
-4.21950770532316
-4.11087386433725
-4.11087386433725
-5.83188248206358
-6.85012617434465
-4.15888308398467
-4.11087386433725
-4.11087386433725
-4.24849524276364
-4.12713438520638
-4.41884061924238
-4.11087386433725
-4.11087386433725
-7.50163448589004
-5.07083752192536
-4.40671925092279
-4.11087386433725
-4.11087386433725
-5.48063892667533
-4.38202663629888
-4.15888308351592
-4.11087386433725
-4.11087386433725
-4.53259949465863
-4.44265125860796
-4.27666611943272
-4.11087386433725
-4.11087386433725
-5.5012582119733
-4.66343909590452
-4.12713438536767
-4.11087386433725
-4.11087386433725
-4.56434819167617
-4.12713438536767
-5.13873530945084
-4.11087386433725
-4.11087386433725
-6.23832463519576
-8.15248610013508
-4.29045944731277
-4.11087386433725
-4.11087386433725
-4.30406509415012
-4.11087386433725
-20.9464093890606
-4.11087386433725
-4.11087386433725
-6.24416691744044
-7.04490512869868
-6.01615716489347
-4.11087386433725
-4.11087386433725
-5.41610040660442
-4.39444915553664
-4.23410650575668
-4.11087386433725
-4.11087386433725
-4.30406509387984
-4.18965474217794
-4.21950770532316
-4.11087386433725
-4.11087386433725
-5.83188248206358
-7.5432733549046
-4.15888308398467
-4.11087386433725
-4.11087386433725
-4.24849524276364
-4.12713438520638
-4.41884061924238
-4.11087386433725
-4.11087386433725
-7.50163448589004
-7.63578687938689
-4.40671925092279
-4.11087386433725
-4.11087386433725
-5.48063892667533
-4.38202663629888
-4.15888308351592
-4.11087386433725
-4.11087386433725
-4.53259949465863
-4.44265125860796
-4.27666611943272
-4.11087386433725
-4.11087386433725
-5.5012582119733
-4.66343909590452
-4.12713438536767
-4.11087386433725
-4.11087386433725
-4.56434819167617
-4.12713438536767
-5.83188249001079
-4.11087386433725
-4.11087386433725
-6.23832463519576
-8.15248610013508
-4.29045944731277
-4.11087386433725
-4.11087386433725
-4.30406509415012
-4.11087386433725
-4.31748811433631
-22.5315546082896
-4.11087386433725
-6.24416691744044
-7.04490512869868
-6.01615716489347
-4.11087386433725
-4.11087386433725
-5.41610040660442
-4.39444915553664
-4.23410650575668
-4.11087386433725
-4.11087386433725
-4.30406509387984
-4.18965474217794
-4.21950770532316
-4.11087386433725
-4.11087386433725
-5.83188248206358
-7.5432733549046
-4.15888308398467
-4.11087386433725
-4.11087386433725
-4.24849524276364
-4.12713438520638
-4.41884061924238
-4.11087386433725
-4.11087386433725
-7.50163448589004
-7.63578687938689
-4.40671925092279
-4.11087386433725
-4.11087386433725
-5.48063892667533
-4.38202663629888
-4.15888308351592
-4.11087386433725
-4.11087386433725
-4.53259949465863
-4.44265125860796
-4.27666611943272
-4.11087386433725
-4.11087386433725
-5.5012582119733
-4.66343909590452
-4.12713438536767
-4.11087386433725
-4.11087386433725
-4.56434819167617
-4.12713438536767
-5.83188249001079
-4.11087386433725
-4.11087386433725
-6.23832463519576
-8.15248610013508
-4.29045944731277
-4.11087386433725
-4.11087386433725
-4.30406509415012
-4.11087386433725
-4.31748811433631
-4.11087386433725
-22.5315546082896
-6.24416691744044
-7.04490512869868
-6.01615716489347
-4.11087386433725
-4.11087386433725
-4.72295322604448
-3.70130197497669
-4.23410650575668
-4.11087386433725
-4.11087386433725
-4.30406509387984
-3.496507561618
-4.21950770532316
-4.11087386433725
-4.11087386433725
-4.22244456962947
-5.9338354424705
-4.15888308398467
-4.11087386433725
-4.11087386433725
-4.24849524276364
-4.12713438520638
-4.41884061924238
-4.11087386433725
-4.11087386433725
-1.84564267507019
-3.16987876073231
-4.40671925092279
-4.11087386433725
-4.11087386433725
-5.48063892667533
-4.38202663629888
-4.15888308351592
-4.11087386433725
-4.11087386433725
-4.53259949465863
-3.74950407804802
-3.58351893887278
-4.11087386433725
-4.11087386433725
-5.5012582119733
-4.66343909590452
-4.12713438536767
-4.11087386433725
-4.11087386433725
-4.56434819167617
-4.12713438536767
-4.22244457757669
-4.11087386433725
-4.11087386433725
-4.15888309351592
-4.6559785386686
-4.29045944731277
-4.11087386433725
-4.11087386433725
-4.30406509415012
-4.11087386433725
-4.31748811433631
-4.11087386433725
-4.11087386433725
-17.9032748925887
-3.74906826269435
-6.01615716489347
-4.11087386433725
-4.11087386433725
-3.47019025754911
-4.39444915553664
-2.15466496407684
-4.11087386433725
-4.11087386433725
-4.30406509387984
-3.496507561618
-3.52636052476322
-4.11087386433725
-4.11087386433725
-3.52929738906953
-4.45223090154628
-4.15888308398467
-4.11087386433725
-4.11087386433725
-4.24849524276364
-4.12713438520638
-4.41884061924238
-4.11087386433725
-4.11087386433725
-1.50767305858347
-1.82764438940645
-4.40671925092279
-4.11087386433725
-4.11087386433725
-5.48063892667533
-4.38202663629888
-4.15888308351592
-4.11087386433725
-4.11087386433725
-3.83945231409869
-3.74950407804802
-3.17805383076461
-4.11087386433725
-4.11087386433725
-3.70949874274524
-3.56482680723641
-3.43398720480773
-4.11087386433725
-4.11087386433725
-4.56434819167617
-4.12713438536767
-2.33537492854431
-4.11087386433725
-4.11087386433725
-3.40511129113954
-2.91604413730513
-3.59731226675283
-4.11087386433725
-4.11087386433725
-4.30406509415012
-4.11087386433725
-3.62434093377637
-4.11087386433725
-4.11087386433725
-3.6792175599789
-18.2749098383188
-2.46080910340406
-4.11087386433725
-4.11087386433725
-3.62434093737637
-4.39444915553664
-4.23410650575668
-4.11087386433725
-4.11087386433725
-4.30406509387984
-4.18965474217794
-4.21950770532316
-4.11087386433725
-4.11087386433725
-4.44558812094368
-4.59883437573816
-4.15888308398467
-4.11087386433725
-4.11087386433725
-4.24849524276364
-4.12713438520638
-4.41884061924238
-4.11087386433725
-4.11087386433725
-4.00512692442356
-3.02066636254563
-4.40671925092279
-4.11087386433725
-4.11087386433725
-4.78749174611538
-4.38202663629888
-3.46573590295598
-4.11087386433725
-4.11087386433725
-4.53259949465863
-4.44265125860796
-4.27666611943272
-4.11087386433725
-4.11087386433725
-4.80811103141335
-3.97029191534457
-4.12713438536767
-4.11087386433725
-4.11087386433725
-4.56434819167617
-4.12713438536767
-3.34697584022279
-4.11087386433725
-4.11087386433725
-4.62888672276166
-3.48904700602301
-4.29045944731277
-4.11087386433725
-4.11087386433725
-4.30406509415012
-4.11087386433725
-4.31748811433631
-4.11087386433725
-4.11087386433725
-5.14555462877233
-2.85525038667226
-19.0755457431364
-4.11087386433725
-4.11087386433725
-5.41610040660442
-4.39444915553664
-4.23410650575668
-4.11087386433725
-4.11087386433725
-4.30406509387984
-4.18965474217794
-4.21950770532316
-4.11087386433725
-4.11087386433725
-5.83188248206358
-7.5432733549046
-4.15888308398467
-4.11087386433725
-4.11087386433725
-4.24849524276364
-4.12713438520638
-4.41884061924238
-4.11087386433725
-4.11087386433725
-7.50163448589004
-7.63578687938689
-4.40671925092279
-4.11087386433725
-4.11087386433725
-5.48063892667533
-4.38202663629888
-4.15888308351592
-4.11087386433725
-4.11087386433725
-4.53259949465863
-4.44265125860796
-4.27666611943272
-4.11087386433725
-4.11087386433725
-5.5012582119733
-4.66343909590452
-4.12713438536767
-4.11087386433725
-4.11087386433725
-4.56434819167617
-4.12713438536767
-5.83188249001079
-4.11087386433725
-4.11087386433725
-6.23832463519576
-8.15248610013508
-4.29045944731277
-4.11087386433725
-4.11087386433725
-4.30406509415012
-4.11087386433725
-4.31748811433631
-4.11087386433725
-4.11087386433725
-6.24416691744044
-7.04490512869868
-6.01615716489347
-22.5315546082896
-4.11087386433725
-5.41610040660442
-4.39444915553664
-4.23410650575668
-4.11087386433725
-4.11087386433725
-4.30406509387984
-4.18965474217794
-4.21950770532316
-4.11087386433725
-4.11087386433725
-5.83188248206358
-7.5432733549046
-4.15888308398467
-4.11087386433725
-4.11087386433725
-4.24849524276364
-4.12713438520638
-4.41884061924238
-4.11087386433725
-4.11087386433725
-7.50163448589004
-7.63578687938689
-4.40671925092279
-4.11087386433725
-4.11087386433725
-5.48063892667533
-4.38202663629888
-4.15888308351592
-4.11087386433725
-4.11087386433725
-4.53259949465863
-4.44265125860796
-4.27666611943272
-4.11087386433725
-4.11087386433725
-5.5012582119733
-4.66343909590452
-4.12713438536767
-4.11087386433725
-4.11087386433725
-4.56434819167617
-4.12713438536767
-5.83188249001079
-4.11087386433725
-4.11087386433725
-6.23832463519576
-8.15248610013508
-4.29045944731277
-4.11087386433725
-4.11087386433725
-4.30406509415012
-4.11087386433725
-4.31748811433631
-4.11087386433725
-4.11087386433725
-6.24416691744044
-7.04490512869868
-6.01615716489347
-4.11087386433725
-22.5315546082896
60
-4.02980604548453
-4.39444915553664
-4.23410650575668
-4.11087386433725
-4.11087386433725
-4.30406509387984
-4.18965474217794
-4.21950770532316
-4.11087386433725
-4.11087386433725
-4.73327019339547
-5.0583667051166
-4.15888308398467
-4.11087386433725
-4.11087386433725
-4.24849524276364
-4.12713438520638
-4.41884061924238
-4.11087386433725
-4.11087386433725
-4.00512692442356
-4.33995001338256
-4.40671925092279
-4.11087386433725
-4.11087386433725
-4.78749174611538
-3.28341434763077
-4.15888308351592
-4.11087386433725
-4.11087386433725
-4.53259949465863
-4.44265125860796
-4.27666611943272
-4.11087386433725
-4.11087386433725
-4.11496385085341
-3.97029191534457
-4.12713438536767
-4.11087386433725
-4.11087386433725
-4.56434819167617
-4.12713438536767
-4.73327020134268
-4.11087386433725
-4.11087386433725
-3.84042936239739
-3.87581998111902
-4.29045944731277
-4.11087386433725
-4.11087386433725
-4.30406509415012
-4.11087386433725
-4.31748811433631
-4.11087386433725
-4.11087386433725
-4.45240744821238
-4.84768055136246
-5.32300998433353
-4.11087386433725
-4.11087386433725
