60
-0.853906475613547
-4.20170308054859
-7.42057890541679
-7.42057890541679
-7.42057890541679
-7.42057890541679
-7.42057890541679
-7.42057890541679
-7.42057890541679
-7.42057890541679
-4.01938152375463
-2.97792764892647
-7.42057890541679
-7.42057890541679
-7.42057890541679
-6.0342845442969
-7.42057890541679
-6.72743172485684
-7.42057890541679
-7.42057890541679
-5.81114099298269
-3.02612975074435
-7.42057890541679
-7.42057890541679
-7.42057890541679
-2.66698871431042
-6.32196661674868
-7.42057890541679
-7.42057890541679
-7.42057890541679
-7.42057890541679
-7.42057890541679
-6.72743172485684
-7.42057890541679
-7.42057890541679
-2.01790152354451
-4.08837439524158
-7.42057890541679
-7.42057890541679
-7.42057890541679
-6.0342845442969
-7.42057890541679
-7.42057890541679
-7.42057890541679
-7.42057890541679
-4.47613992625035
-1.87931536025836
-7.42057890541679
-7.42057890541679
-7.42057890541679
-5.34113736373695
-6.72743172485684
-7.42057890541679
-7.42057890541679
-7.42057890541679
-6.0342845442969
-4.78152157580153
-5.11799381242274
-7.42057890541679
-7.42057890541679
60 60
-18.1437606316962
-1.14984965874948
-4.17438727066487
-4.11087386433725
-4.11087386433725
-3.95124372002373
-4.57471097932812
-3.34990408876583
-4.11087386433725
-4.11087386433725
-1.99234275464453
-1.7023995340186
-1.55496900636274
-4.11087386433725
-4.11087386433725
-2.00917235031604
-3.5263605252044
-4.56434819480117
-4.11087386433725
-4.11087386433725
-3.01190513764986
-2.1092006075546
-2.0755276448685
-4.11087386433725
-4.11087386433725
-0.748660256599785
-0.717108867058258
-4.15888308414092
-4.11087386433725
-4.11087386433725
-2.2308411912757
-4.84418708795465
-2.447166324209
-4.11087386433725
-4.11087386433725
-0.882529483411045
-1.19293076125684
-2.56494935779121
-4.11087386433725
-4.11087386433725
-1.92059234499044
-4.39444915590701
-4.521788580636
-4.11087386433725
-4.11087386433725
-3.44733854462951
-1.69007047852507
-2.70805020235221
-4.11087386433725
-4.11087386433725
-1.46349904213969
-2.63008866260547
-4.20469261968947
-4.11087386433725
-4.11087386433725
-2.20092144268618
-2.19643624730828
-1.6903417908601
-4.11087386433725
-4.11087386433725
-3.6120024878798
-18.9881648184654
-4.17438727066487
-4.11087386433725
-4.11087386433725
-3.95124372002373
-3.88156379876818
-4.73619844988572
-4.11087386433725
-4.11087386433725
-5.5381213651178
-5.45647936646549
-4.02789946510403
-4.11087386433725
-4.11087386433725
-2.51999797408203
-4.21950770576434
-4.56434819480117
-4.11087386433725
-4.11087386433725
-6.84054653413895
-5.60080860017992
-4.44265125900012
-4.11087386433725
-4.11087386433725
-4.39178392897158
-2.95212864055654
-4.15888308414092
-4.11087386433725
-4.11087386433725
-4.10264336817729
-4.84418708795465
-3.95124372098527
-4.11087386433725
-4.11087386433725
-4.61240482996759
-2.94125483145313
-4.51085950684652
-4.11087386433725
-4.11087386433725
-3.81771232987632
-3.70130197534706
-4.11632347252783
-4.11087386433725
-4.11087386433725
-4.67948222592214
-5.23375245237782
-3.40119738291216
-4.11087386433725
-4.11087386433725
-3.09960520165595
-4.01638302372536
-4.20469261968947
-4.11087386433725
-4.11087386433725
-5.60211882434833
-4.94797156035023
-3.57421654899596
-4.11087386433725
-4.11087386433725
-9.59970998611007
-7.54009032581483
-20.9856301021831
-4.11087386433725
-4.11087386433725
-4.64439090058368
-4.57471097932812
-4.73619844988572
-4.11087386433725
-4.11087386433725
-8.24617156622001
-9.53401681037121
-5.97380961415934
-4.11087386433725
-4.11087386433725
-5.56452041180545
-4.21950770576434
-4.56434819480117
-4.11087386433725
-4.11087386433725
-7.5336937146989
-9.03479580466507
-5.54126354766823
-4.11087386433725
-4.11087386433725
-9.08313181120073
-7.26961675409285
-4.15888308414092
-4.11087386433725
-4.11087386433725
-4.79579054873724
-4.84418708795465
-5.33753808210516
-4.11087386433725
-4.11087386433725
-10.0504841388908
-7.94520113739858
-4.51085950684652
-4.11087386433725
-4.11087386433725
-4.91632461854443
-4.39444915590701
-5.21493576119594
-4.11087386433725
-4.11087386433725
-7.3185395555374
-9.84887296921907
-4.78749174403205
-4.11087386433725
-4.11087386433725
-6.01737593374023
-4.70953020428531
-4.20469261968947
-4.11087386433725
-4.11087386433725
-5.60211882434833
-7.14519613768644
-7.61726781683051
-4.11087386433725
-4.11087386433725
-10.29285716667
-7.54009032581483
-4.17438727066487
-22.5315546082896
-4.11087386433725
-4.64439090058368
-4.57471097932812
-4.73619844988572
-4.11087386433725
-4.11087386433725
-8.24617156622001
-9.53401681037121
-5.97380961415934
-4.11087386433725
-4.11087386433725
-5.56452041180545
-4.21950770576434
-4.56434819480117
-4.11087386433725
-4.11087386433725
-7.5336937146989
-9.03479580466507
-5.54126354766823
-4.11087386433725
-4.11087386433725
-9.77627899176067
-7.26961675409285
-4.15888308414092
-4.11087386433725
-4.11087386433725
-4.79579054873724
-4.84418708795465
-5.33753808210516
-4.11087386433725
-4.11087386433725
-10.0504841388908
-7.94520113739858
-4.51085950684652
-4.11087386433725
-4.11087386433725
-5.60947179910437
-4.39444915590701
-5.21493576119594
-4.11087386433725
-4.11087386433725
-7.3185395555374
-9.84887296921907
-4.78749174403205
-4.11087386433725
-4.11087386433725
-6.71052311430017
-4.70953020428531
-4.20469261968947
-4.11087386433725
-4.11087386433725
-5.60211882434833
-7.14519613768644
-7.61726781683051
-4.11087386433725
-4.11087386433725
-10.29285716667
-7.54009032581483
-4.17438727066487
-4.11087386433725
-22.5315546082896
-4.64439090058368
-4.57471097932812
-4.73619844988572
-4.11087386433725
-4.11087386433725
-8.24617156622001
-9.53401681037121
-5.97380961415934
-4.11087386433725
-4.11087386433725
-5.56452041180545
-4.21950770576434
-4.56434819480117
-4.11087386433725
-4.11087386433725
-7.5336937146989
-9.03479580466507
-5.54126354766823
-4.11087386433725
-4.11087386433725
-9.77627899176067
-7.26961675409285
-4.15888308414092
-4.11087386433725
-4.11087386433725
-4.79579054873724
-4.84418708795465
-5.33753808210516
-4.11087386433725
-4.11087386433725
-10.0504841388908
-7.94520113739858
-4.51085950684652
-4.11087386433725
-4.11087386433725
-5.60947179910437
-4.39444915590701
-5.21493576119594
-4.11087386433725
-4.11087386433725
-7.3185395555374
-9.84887296921907
-4.78749174403205
-4.11087386433725
-4.11087386433725
-6.71052311430017
-4.70953020428531
-4.20469261968947
-4.11087386433725
-4.11087386433725
-5.60211882434833
-7.14519613768644
-7.61726781683051
-4.11087386433725
-4.11087386433725
-8.0956325893338
-6.84694314525488
-4.17438727066487
-4.11087386433725
-4.11087386433725
-20.3570214434338
-3.47609869066002
-4.73619844988572
-4.11087386433725
-4.11087386433725
-7.55302438566006
-8.4354045217031
-5.97380961415934
-4.11087386433725
-4.11087386433725
-4.46590812313734
-4.21950770576434
-4.56434819480117
-4.11087386433725
-4.11087386433725
-7.5336937146989
-7.42535789223096
-5.54126354766823
-4.11087386433725
-4.11087386433725
-8.38998463064078
-5.88332239297296
-4.15888308414092
-4.11087386433725
-4.11087386433725
-4.79579054873724
-3.74557479928655
-5.33753808210516
-4.11087386433725
-4.11087386433725
-9.35733695833084
-7.25205395683864
-3.81771232628657
-4.11087386433725
-4.11087386433725
-3.53003025742454
-4.39444915590701
-5.21493576119594
-4.11087386433725
-4.11087386433725
-6.62539237497745
-9.15572578865913
-4.0943445634721
-4.11087386433725
-4.11087386433725
-5.32422875318028
-4.70953020428531
-4.20469261968947
-4.11087386433725
-4.11087386433725
-5.60211882434833
-6.4520489571265
-6.92412063627057
-4.11087386433725
-4.11087386433725
-10.29285716667
-7.54009032581483
-4.17438727066487
-4.11087386433725
-4.11087386433725
-3.54577861191557
-20.9159501816007
-4.73619844988572
-4.11087386433725
-4.11087386433725
-7.55302438566006
-9.53401681037121
-5.97380961415934
-4.11087386433725
-4.11087386433725
-5.56452041180545
-4.21950770576434
-4.56434819480117
-4.11087386433725
-4.11087386433725
-5.33646913736268
-7.42535789223096
-5.54126354766823
-4.11087386433725
-4.11087386433725
-9.77627899176067
-7.26961675409285
-4.15888308414092
-4.11087386433725
-4.11087386433725
-4.10264336817729
-4.15103990739471
-5.33753808210516
-4.11087386433725
-4.11087386433725
-9.35733695833084
-7.94520113739858
-4.51085950684652
-4.11087386433725
-4.11087386433725
-4.91632461854443
-4.39444915590701
-4.521788580636
-4.11087386433725
-4.11087386433725
-4.92064428273903
-9.84887296921907
-4.78749174403205
-4.11087386433725
-4.11087386433725
-6.71052311430017
-4.70953020428531
-4.20469261968947
-4.11087386433725
-4.11087386433725
-4.50350653568023
-5.75890177656655
-7.61726781683051
-4.11087386433725
-4.11087386433725
-8.90656280555013
-6.84694314525488
-4.17438727066487
-4.11087386433725
-4.11087386433725
-4.64439090058368
-3.88156379876818
-20.3236658497819
-4.11087386433725
-4.11087386433725
-7.1475592775519
-7.33679223303499
-5.97380961415934
-4.11087386433725
-4.11087386433725
-5.56452041180545
-4.21950770576434
-4.56434819480117
-4.11087386433725
-4.11087386433725
-6.84054653413895
-7.93618351599696
-5.54126354766823
-4.11087386433725
-4.11087386433725
-9.77627899176067
-7.26961675409285
-4.15888308414092
-4.11087386433725
-4.11087386433725
-4.79579054873724
-4.15103990739471
-5.33753808210516
-4.11087386433725
-4.11087386433725
-7.74789904589674
-5.99929098834327
-4.51085950684652
-4.11087386433725
-4.11087386433725
-5.60947179910437
-4.39444915590701
-5.21493576119594
-4.11087386433725
-4.11087386433725
-5.01595446254335
-8.75026068055097
-4.0943445634721
-4.11087386433725
-4.11087386433725
-5.32422875318028
-4.70953020428531
-4.20469261968947
-4.11087386433725
-4.11087386433725
-4.50350653568023
-5.75890177656655
-7.61726781683051
-4.11087386433725
-4.11087386433725
-10.29285716667
-7.54009032581483
-4.17438727066487
-4.11087386433725
-4.11087386433725
-4.64439090058368
-4.57471097932812
-4.73619844988572
-22.5315546082896
-4.11087386433725
-8.24617156622001
-9.53401681037121
-5.97380961415934
-4.11087386433725
-4.11087386433725
-5.56452041180545
-4.21950770576434
-4.56434819480117
-4.11087386433725
-4.11087386433725
-7.5336937146989
-9.03479580466507
-5.54126354766823
-4.11087386433725
-4.11087386433725
-9.77627899176067
-7.26961675409285
-4.15888308414092
-4.11087386433725
-4.11087386433725
-4.79579054873724
-4.84418708795465
-5.33753808210516
-4.11087386433725
-4.11087386433725
-10.0504841388908
-7.94520113739858
-4.51085950684652
-4.11087386433725
-4.11087386433725
-5.60947179910437
-4.39444915590701
-5.21493576119594
-4.11087386433725
-4.11087386433725
-7.3185395555374
-9.84887296921907
-4.78749174403205
-4.11087386433725
-4.11087386433725
-6.71052311430017
-4.70953020428531
-4.20469261968947
-4.11087386433725
-4.11087386433725
-5.60211882434833
-7.14519613768644
-7.61726781683051
-4.11087386433725
-4.11087386433725
-10.29285716667
-7.54009032581483
-4.17438727066487
-4.11087386433725
-4.11087386433725
-4.64439090058368
-4.57471097932812
-4.73619844988572
-4.11087386433725
-22.5315546082896
-8.24617156622001
-9.53401681037121
-5.97380961415934
-4.11087386433725
-4.11087386433725
-5.56452041180545
-4.21950770576434
-4.56434819480117
-4.11087386433725
-4.11087386433725
-7.5336937146989
-9.03479580466507
-5.54126354766823
-4.11087386433725
-4.11087386433725
-9.77627899176067
-7.26961675409285
-4.15888308414092
-4.11087386433725
-4.11087386433725
-4.79579054873724
-4.84418708795465
-5.33753808210516
-4.11087386433725
-4.11087386433725
-10.0504841388908
-7.94520113739858
-4.51085950684652
-4.11087386433725
-4.11087386433725
-5.60947179910437
-4.39444915590701
-5.21493576119594
-4.11087386433725
-4.11087386433725
-7.3185395555374
-9.84887296921907
-4.78749174403205
-4.11087386433725
-4.11087386433725
-6.71052311430017
-4.70953020428531
-4.20469261968947
-4.11087386433725
-4.11087386433725
-5.60211882434833
-7.14519613768644
-7.61726781683051
-4.11087386433725
-4.11087386433725
-3.70530715184522
-3.6482700277042
-4.17438727066487
-4.11087386433725
-4.11087386433725
-3.54577861191557
-2.96527306689402
-3.34990408876583
-4.11087386433725
-4.11087386433725
-18.8728532206684
-3.88856991272797
-4.58751525303945
-4.11087386433725
-4.11087386433725
-3.36729583446923
-4.21950770576434
-3.87120101424122
-4.11087386433725
-4.11087386433725
-3.58244999611747
-3.62314975281003
-3.74950407844018
-4.11087386433725
-4.11087386433725
-4.37811629024292
-4.43640341003663
-4.15888308414092
-4.11087386433725
-4.11087386433725
-2.59856597140102
-3.23474917552055
-2.39309910293872
-4.11087386433725
-4.11087386433725
-3.64030925692462
-4.3076149776722
-4.51085950684652
-4.11087386433725
-4.11087386433725
-3.04452244164284
-4.39444915590701
-3.13549421951611
-4.11087386433725
-4.11087386433725
-2.15948425632287
-2.83765898186871
-2.38959647123368
-4.11087386433725
-4.11087386433725
-4.40793802130613
-4.70953020428531
-3.51154543912953
-4.11087386433725
-4.11087386433725
-3.81035935512028
-2.98631305432677
-3.74606680592262
-4.11087386433725
-4.11087386433725
-2.45293780665743
-2.86726149135292
-4.17438727066487
-4.11087386433725
-4.11087386433725
-3.25809653946379
-4.57471097932812
-2.5389738725495
-4.11087386433725
-4.11087386433725
-1.92360632629272
-18.9793203104669
-2.92928717643592
-4.11087386433725
-4.11087386433725
-3.95508249937135
-4.21950770576434
-3.17805383368128
-4.11087386433725
-4.11087386433725
-2.55695997227832
-1.93724695405027
-2.32238772280003
-4.11087386433725
-4.11087386433725
-2.52068771750701
-3.86841937243069
-4.15888308414092
-4.11087386433725
-4.11087386433725
-4.79579054873724
-2.89827693889934
-3.54577861287711
-4.11087386433725
-4.11087386433725
-2.26976325277287
-2.45213969405804
-3.81771232628657
-4.11087386433725
-4.11087386433725
-2.66503281993793
-4.39444915590701
-1.88273125102074
-4.11087386433725
-4.11087386433725
-1.37050456635675
-1.49514032695587
-2.84158159497673
-4.11087386433725
-4.11087386433725
-3.37831860412497
-3.6109179156172
-3.51154543912953
-4.11087386433725
-4.11087386433725
-2.55759638662491
-3.01806175264135
-2.28454902356514
-4.11087386433725
-4.11087386433725
-6.42165615576213
-6.84694314525488
-4.17438727066487
-4.11087386433725
-4.11087386433725
-4.64439090058368
-4.57471097932812
-4.04305126932578
-4.11087386433725
-4.11087386433725
-5.25043929266602
-5.10320001152789
-19.8946806877814
-4.11087386433725
-4.11087386433725
-4.17822605068556
-4.21950770576434
-4.56434819480117
-4.11087386433725
-4.11087386433725
-6.14739935357901
-6.46984644720353
-4.84811636710829
-4.11087386433725
-4.11087386433725
-6.37508161009852
-4.27388448053886
-4.15888308414092
-4.11087386433725
-4.11087386433725
-4.79579054873724
-4.84418708795465
-5.33753808210516
-4.11087386433725
-4.11087386433725
-6.55397657742431
-5.86575959571875
-4.51085950684652
-4.11087386433725
-4.11087386433725
-4.22317743798448
-4.39444915590701
-4.521788580636
-4.11087386433725
-4.11087386433725
-5.23909801385756
-5.67448569932344
-4.78749174403205
-4.11087386433725
-4.11087386433725
-5.32422875318028
-4.70953020428531
-4.20469261968947
-4.11087386433725
-4.11087386433725
-4.90897164378839
-6.4520489571265
-5.53782627515067
-4.11087386433725
-4.11087386433725
-10.29285716667
-7.54009032581483
-4.17438727066487
-4.11087386433725
-4.11087386433725
-4.64439090058368
-4.57471097932812
-4.73619844988572
-4.11087386433725
-4.11087386433725
-8.24617156622001
-9.53401681037121
-5.97380961415934
-22.5315546082896
-4.11087386433725
-5.56452041180545
-4.21950770576434
-4.56434819480117
-4.11087386433725
-4.11087386433725
-7.5336937146989
-9.03479580466507
-5.54126354766823
-4.11087386433725
-4.11087386433725
-9.77627899176067
-7.26961675409285
-4.15888308414092
-4.11087386433725
-4.11087386433725
-4.79579054873724
-4.84418708795465
-5.33753808210516
-4.11087386433725
-4.11087386433725
-10.0504841388908
-7.94520113739858
-4.51085950684652
-4.11087386433725
-4.11087386433725
-5.60947179910437
-4.39444915590701
-5.21493576119594
-4.11087386433725
-4.11087386433725
-7.3185395555374
-9.84887296921907
-4.78749174403205
-4.11087386433725
-4.11087386433725
-6.71052311430017
-4.70953020428531
-4.20469261968947
-4.11087386433725
-4.11087386433725
-5.60211882434833
-7.14519613768644
-7.61726781683051
-4.11087386433725
-4.11087386433725
-10.29285716667
-7.54009032581483
-4.17438727066487
-4.11087386433725
-4.11087386433725
-4.64439090058368
-4.57471097932812
-4.73619844988572
-4.11087386433725
-4.11087386433725
-8.24617156622001
-9.53401681037121
-5.97380961415934
-4.11087386433725
-22.5315546082896
-5.56452041180545
-4.21950770576434
-4.56434819480117
-4.11087386433725
-4.11087386433725
-7.5336937146989
-9.03479580466507
-5.54126354766823
-4.11087386433725
-4.11087386433725
-9.77627899176067
-7.26961675409285
-4.15888308414092
-4.11087386433725
-4.11087386433725
-4.79579054873724
-4.84418708795465
-5.33753808210516
-4.11087386433725
-4.11087386433725
-10.0504841388908
-7.94520113739858
-4.51085950684652
-4.11087386433725
-4.11087386433725
-5.60947179910437
-4.39444915590701
-5.21493576119594
-4.11087386433725
-4.11087386433725
-7.3185395555374
-9.84887296921907
-4.78749174403205
-4.11087386433725
-4.11087386433725
-6.71052311430017
-4.70953020428531
-4.20469261968947
-4.11087386433725
-4.11087386433725
-5.60211882434833
-7.14519613768644
-7.61726781683051
-4.11087386433725
-4.11087386433725
-6.44270956495996
-3.66888931490694
-4.17438727066487
-4.11087386433725
-4.11087386433725
-3.54577861191557
-4.57471097932812
-4.73619844988572
-4.11087386433725
-4.11087386433725
-6.45441209699195
-8.14772244925132
-4.87519732549123
-4.11087386433725
-4.11087386433725
-19.2230272209601
-3.5263605252044
-4.56434819480117
-4.11087386433725
-4.11087386433725
-6.84054653413895
-7.42535789223096
-4.44265125900012
-4.11087386433725
-4.11087386433725
-6.73175655403725
-5.07239217675663
-4.15888308414092
-4.11087386433725
-4.11087386433725
-4.79579054873724
-4.84418708795465
-5.33753808210516
-4.11087386433725
-4.11087386433725
-7.85325956155457
-5.23715093629637
-4.51085950684652
-4.11087386433725
-4.11087386433725
-3.41224722176815
-4.39444915590701
-5.21493576119594
-4.11087386433725
-4.11087386433725
-6.62539237497745
-7.54628787622503
-4.0943445634721
-4.11087386433725
-4.11087386433725
-4.14557375683864
-3.6109179156172
-4.20469261968947
-4.11087386433725
-4.11087386433725
-5.60211882434833
-6.04658384901833
-7.61726781683051
-4.11087386433725
-4.11087386433725
-10.29285716667
-7.54009032581483
-4.17438727066487
-4.11087386433725
-4.11087386433725
-3.95124372002373
-4.57471097932812
-4.73619844988572
-4.11087386433725
-4.11087386433725
-8.24617156622001
-9.53401681037121
-5.97380961415934
-4.11087386433725
-4.11087386433725
-3.95508249937135
-21.2538940885968
-4.56434819480117
-4.11087386433725
-4.11087386433725
-7.5336937146989
-9.03479580466507
-5.54126354766823
-4.11087386433725
-4.11087386433725
-9.77627899176067
-7.26961675409285
-4.15888308414092
-4.11087386433725
-4.11087386433725
-4.79579054873724
-4.84418708795465
-5.33753808210516
-4.11087386433725
-4.11087386433725
-10.0504841388908
-7.94520113739858
-4.51085950684652
-4.11087386433725
-4.11087386433725
-4.91632461854443
-4.39444915590701
-5.21493576119594
-4.11087386433725
-4.11087386433725
-7.3185395555374
-9.84887296921907
-4.78749174403205
-4.11087386433725
-4.11087386433725
-6.71052311430017
-4.01638302372536
-4.20469261968947
-4.11087386433725
-4.11087386433725
-5.60211882434833
-7.14519613768644
-7.61726781683051
-4.11087386433725
-4.11087386433725
-8.68341925423592
-7.54009032581483
-4.17438727066487
-4.11087386433725
-4.11087386433725
-4.64439090058368
-4.57471097932812
-4.73619844988572
-4.11087386433725
-4.11087386433725
-8.24617156622001
-9.53401681037121
-5.97380961415934
-4.11087386433725
-4.11087386433725
-5.56452041180545
-4.21950770576434
-19.5192930359538
-4.11087386433725
-4.11087386433725
-6.14739935357901
-7.24303633543701
-4.44265125900012
-4.11087386433725
-4.11087386433725
-9.77627899176067
-7.26961675409285
-4.15888308414092
-4.11087386433725
-4.11087386433725
-4.79579054873724
-4.84418708795465
-3.95124372098527
-4.11087386433725
-4.11087386433725
-10.0504841388908
-7.94520113739858
-4.51085950684652
-4.11087386433725
-4.11087386433725
-5.60947179910437
-4.39444915590701
-5.21493576119594
-4.11087386433725
-4.11087386433725
-6.62539237497745
-7.14082276811687
-4.78749174403205
-4.11087386433725
-4.11087386433725
-6.71052311430017
-4.70953020428531
-4.20469261968947
-4.11087386433725
-4.11087386433725
-4.90897164378839
-6.4520489571265
-6.92412063627057
-4.11087386433725
-4.11087386433725
-10.29285716667
-7.54009032581483
-4.17438727066487
-4.11087386433725
-4.11087386433725
-4.64439090058368
-4.57471097932812
-4.73619844988572
-4.11087386433725
-4.11087386433725
-8.24617156622001
-9.53401681037121
-5.97380961415934
-4.11087386433725
-4.11087386433725
-5.56452041180545
-4.21950770576434
-4.56434819480117
-22.5315546082896
-4.11087386433725
-7.5336937146989
-9.03479580466507
-5.54126354766823
-4.11087386433725
-4.11087386433725
-9.77627899176067
-7.26961675409285
-4.15888308414092
-4.11087386433725
-4.11087386433725
-4.79579054873724
-4.84418708795465
-5.33753808210516
-4.11087386433725
-4.11087386433725
-10.0504841388908
-7.94520113739858
-4.51085950684652
-4.11087386433725
-4.11087386433725
-5.60947179910437
-4.39444915590701
-5.21493576119594
-4.11087386433725
-4.11087386433725
-7.3185395555374
-9.84887296921907
-4.78749174403205
-4.11087386433725
-4.11087386433725
-6.71052311430017
-4.70953020428531
-4.20469261968947
-4.11087386433725
-4.11087386433725
-5.60211882434833
-7.14519613768644
-7.61726781683051
-4.11087386433725
-4.11087386433725
-10.29285716667
-7.54009032581483
-4.17438727066487
-4.11087386433725
-4.11087386433725
-4.64439090058368
-4.57471097932812
-4.73619844988572
-4.11087386433725
-4.11087386433725
-8.24617156622001
-9.53401681037121
-5.97380961415934
-4.11087386433725
-4.11087386433725
-5.56452041180545
-4.21950770576434
-4.56434819480117
-4.11087386433725
-22.5315546082896
-7.5336937146989
-9.03479580466507
-5.54126354766823
-4.11087386433725
-4.11087386433725
-9.77627899176067
-7.26961675409285
-4.15888308414092
-4.11087386433725
-4.11087386433725
-4.79579054873724
-4.84418708795465
-5.33753808210516
-4.11087386433725
-4.11087386433725
-10.0504841388908
-7.94520113739858
-4.51085950684652
-4.11087386433725
-4.11087386433725
-5.60947179910437
-4.39444915590701
-5.21493576119594
-4.11087386433725
-4.11087386433725
-7.3185395555374
-9.84887296921907
-4.78749174403205
-4.11087386433725
-4.11087386433725
-6.71052311430017
-4.70953020428531
-4.20469261968947
-4.11087386433725
-4.11087386433725
-5.60211882434833
-7.14519613768644
-7.61726781683051
-4.11087386433725
-4.11087386433725
-4.79568894137681
-6.15379596469494
-4.17438727066487
-4.11087386433725
-4.11087386433725
-3.25809653946379
-2.96527306689402
-4.73619844988572
-4.11087386433725
-4.11087386433725
-3.99767632417065
-3.82028400486184
-4.58751525303945
-4.11087386433725
-4.11087386433725
-5.56452041180545
-4.21950770576434
-3.87120101424122
-4.11087386433725
-4.11087386433725
-19.1442320085361
-3.84740999882431
-4.84811636710829
-4.11087386433725
-4.11087386433725
-4.86362410602462
-4.78471010430485
-3.46573590358098
-4.11087386433725
-4.11087386433725
-2.84988039968192
-2.89827693889934
-3.72810016967106
-4.11087386433725
-4.11087386433725
-4.93249032647404
-6.55890677627869
-4.51085950684652
-4.11087386433725
-4.11087386433725
-2.97041446948912
-4.39444915590701
-2.38172241713973
-4.11087386433725
-4.11087386433725
-3.46839195382734
-3.71547492622243
-4.78749174403205
-4.11087386433725
-4.11087386433725
-5.10108520186607
-4.70953020428531
-3.51154543912953
-4.11087386433725
-4.11087386433725
-2.89406862324612
-2.82770802415013
-3.74606680592262
-4.11087386433725
-4.11087386433725
-3.04222165477134
-4.59565134664839
-4.17438727066487
-4.11087386433725
-4.11087386433725
-4.64439090058368
-4.57471097932812
-3.12676053745162
-4.11087386433725
-4.11087386433725
-3.00442455116037
-2.49348042015525
-3.4088602566978
-4.11087386433725
-4.11087386433725
-4.46590812313734
-4.21950770576434
-2.36712361746495
-4.11087386433725
-4.11087386433725
-2.47744790935059
-19.0738740115075
-3.14336827486986
-4.11087386433725
-4.11087386433725
-3.38436187836807
-3.37779645598222
-4.15888308414092
-4.11087386433725
-4.11087386433725
-2.84988039968192
-3.23474917552055
-2.50432473804895
-4.11087386433725
-4.11087386433725
-2.72929558215131
-3.6013957155449
-3.81771232628657
-4.11087386433725
-4.11087386433725
-3.66356165004906
-3.2958368672389
-4.11632347252783
-4.11087386433725
-4.11087386433725
-2.47435246907881
-2.04748164892759
-3.40119738291216
-4.11087386433725
-4.11087386433725
-4.14557375683864
-4.70953020428531
-3.51154543912953
-4.11087386433725
-4.11087386433725
-1.55906755651378
-1.92484031260812
-2.26540968335444
-4.11087386433725
-4.11087386433725
-6.68193925402579
-6.44147803714672
-4.17438727066487
-4.11087386433725
-4.11087386433725
-4.64439090058368
-4.57471097932812
-4.73619844988572
-4.11087386433725
-4.11087386433725
-7.1475592775519
-6.48949437264778
-5.28066243359939
-4.11087386433725
-4.11087386433725
-5.56452041180545
-4.21950770576434
-4.56434819480117
-4.11087386433725
-4.11087386433725
-7.5336937146989
-6.20158246060885
-19.8030612082609
-4.11087386433725
-4.11087386433725
-6.03860937347731
-4.87172148129448
-4.15888308414092
-4.11087386433725
-4.11087386433725
-4.79579054873724
-4.15103990739471
-5.33753808210516
-4.11087386433725
-4.11087386433725
-8.44104622645669
-4.94946886384459
-4.51085950684652
-4.11087386433725
-4.11087386433725
-5.60947179910437
-4.39444915590701
-5.21493576119594
-4.11087386433725
-4.11087386433725
-5.7091016431033
-6.62999714435087
-4.78749174403205
-4.11087386433725
-4.11087386433725
-4.40793802130613
-3.6109179156172
-4.20469261968947
-4.11087386433725
-4.11087386433725
-5.60211882434833
-7.14519613768644
-6.5186555281624
-4.11087386433725
-4.11087386433725
-10.29285716667
-7.54009032581483
-4.17438727066487
-4.11087386433725
-4.11087386433725
-4.64439090058368
-4.57471097932812
-4.73619844988572
-4.11087386433725
-4.11087386433725
-8.24617156622001
-9.53401681037121
-5.97380961415934
-4.11087386433725
-4.11087386433725
-5.56452041180545
-4.21950770576434
-4.56434819480117
-4.11087386433725
-4.11087386433725
-7.5336937146989
-9.03479580466507
-5.54126354766823
-22.5315546082896
-4.11087386433725
-9.77627899176067
-7.26961675409285
-4.15888308414092
-4.11087386433725
-4.11087386433725
-4.79579054873724
-4.84418708795465
-5.33753808210516
-4.11087386433725
-4.11087386433725
-10.0504841388908
-7.94520113739858
-4.51085950684652
-4.11087386433725
-4.11087386433725
-5.60947179910437
-4.39444915590701
-5.21493576119594
-4.11087386433725
-4.11087386433725
-7.3185395555374
-9.84887296921907
-4.78749174403205
-4.11087386433725
-4.11087386433725
-6.71052311430017
-4.70953020428531
-4.20469261968947
-4.11087386433725
-4.11087386433725
-5.60211882434833
-7.14519613768644
-7.61726781683051
-4.11087386433725
-4.11087386433725
-10.29285716667
-7.54009032581483
-4.17438727066487
-4.11087386433725
-4.11087386433725
-4.64439090058368
-4.57471097932812
-4.73619844988572
-4.11087386433725
-4.11087386433725
-8.24617156622001
-9.53401681037121
-5.97380961415934
-4.11087386433725
-4.11087386433725
-5.56452041180545
-4.21950770576434
-4.56434819480117
-4.11087386433725
-4.11087386433725
-7.5336937146989
-9.03479580466507
-5.54126354766823
-4.11087386433725
-22.5315546082896
-9.77627899176067
-7.26961675409285
-4.15888308414092
-4.11087386433725
-4.11087386433725
-4.79579054873724
-4.84418708795465
-5.33753808210516
-4.11087386433725
-4.11087386433725
-10.0504841388908
-7.94520113739858
-4.51085950684652
-4.11087386433725
-4.11087386433725
-5.60947179910437
-4.39444915590701
-5.21493576119594
-4.11087386433725
-4.11087386433725
-7.3185395555374
-9.84887296921907
-4.78749174403205
-4.11087386433725
-4.11087386433725
-6.71052311430017
-4.70953020428531
-4.20469261968947
-4.11087386433725
-4.11087386433725
-5.60211882434833
-7.14519613768644
-7.61726781683051
-4.11087386433725
-4.11087386433725
-1.39012950263449
-1.77489922302998
-2.78809290954498
-4.11087386433725
-4.11087386433725
-3.25809653946379
-4.57471097932812
-4.73619844988572
-4.11087386433725
-4.11087386433725
-2.78658605207585
-2.27842553611754
-3.8943680724795
-4.11087386433725
-4.11087386433725
-1.90095876567581
-2.83321334464445
-3.87120101424122
-4.11087386433725
-4.11087386433725
-2.58493382432073
-2.40940343665711
-2.65089178977207
-4.11087386433725
-4.11087386433725
-18.9372579341991
-2.41758649017323
-4.15888308414092
-4.11087386433725
-4.11087386433725
-3.69717826006913
-4.15103990739471
-5.33753808210516
-4.11087386433725
-4.11087386433725
-1.88341596054955
-2.20862883991939
-3.81771232628657
-4.11087386433725
-4.11087386433725
-2.90142159800216
-4.39444915590701
-4.11632347252783
-4.11087386433725
-4.11087386433725
-3.04187343652134
-2.02043661006149
-3.68887945536394
-4.11087386433725
-4.11087386433725
-1.2382524406287
-2.22462355449731
-4.20469261968947
-4.11087386433725
-4.11087386433725
-5.60211882434833
-3.36100650376818
-2.18354581327627
-4.11087386433725
-4.11087386433725
-4.40675313521986
-3.23602523261066
-4.17438727066487
-4.11087386433725
-4.11087386433725
-3.54577861191557
-4.57471097932812
-3.63758616121761
-4.11087386433725
-4.11087386433725
-5.30173258705357
-4.70570307306891
-1.61710078746975
-4.11087386433725
-4.11087386433725
-3.48507887012562
-4.21950770576434
-4.56434819480117
-4.11087386433725
-4.11087386433725
-5.0487870649109
-5.45127686620896
-3.59535339861292
-4.11087386433725
-4.11087386433725
-3.75041301793536
-19.2225987719409
-3.46573590358098
-4.11087386433725
-4.11087386433725
-2.7163490070574
-4.84418708795465
-5.33753808210516
-4.11087386433725
-4.11087386433725
-5.71975079860446
-4.85415868404027
-2.90142159441242
-4.11087386433725
-4.11087386433725
-2.66503281993793
-4.39444915590701
-3.42317629196789
-4.11087386433725
-4.11087386433725
-5.7091016431033
-5.08669903442132
-4.78749174403205
-4.11087386433725
-4.11087386433725
-3.76608413513373
-3.10009229185121
-4.20469261968947
-4.11087386433725
-4.11087386433725
-4.90897164378839
-6.04658384901833
-4.43921398648256
-4.11087386433725
-4.11087386433725
-10.29285716667
-7.54009032581483
-4.17438727066487
-4.11087386433725
-4.11087386433725
-3.54577861191557
-4.57471097932812
-4.73619844988572
-4.11087386433725
-4.11087386433725
-8.24617156622001
-9.53401681037121
-5.97380961415934
-4.11087386433725
-4.11087386433725
-5.56452041180545
-4.21950770576434
-4.56434819480117
-4.11087386433725
-4.11087386433725
-6.84054653413895
-9.03479580466507
-5.54126354766823
-4.11087386433725
-4.11087386433725
-9.77627899176067
-7.26961675409285
-20.9701259156592
-4.11087386433725
-4.11087386433725
-4.79579054873724
-4.84418708795465
-5.33753808210516
-4.11087386433725
-4.11087386433725
-10.0504841388908
-7.25205395683864
-4.51085950684652
-4.11087386433725
-4.11087386433725
-5.60947179910437
-4.39444915590701
-5.21493576119594
-4.11087386433725
-4.11087386433725
-7.3185395555374
-9.84887296921907
-4.78749174403205
-4.11087386433725
-4.11087386433725
-6.71052311430017
-4.70953020428531
-4.20469261968947
-4.11087386433725
-4.11087386433725
-5.60211882434833
-7.14519613768644
-7.61726781683051
-4.11087386433725
-4.11087386433725
-10.29285716667
-7.54009032581483
-4.17438727066487
-4.11087386433725
-4.11087386433725
-4.64439090058368
-4.57471097932812
-4.73619844988572
-4.11087386433725
-4.11087386433725
-8.24617156622001
-9.53401681037121
-5.97380961415934
-4.11087386433725
-4.11087386433725
-5.56452041180545
-4.21950770576434
-4.56434819480117
-4.11087386433725
-4.11087386433725
-7.5336937146989
-9.03479580466507
-5.54126354766823
-4.11087386433725
-4.11087386433725
-9.77627899176067
-7.26961675409285
-4.15888308414092
-22.5315546082896
-4.11087386433725
-4.79579054873724
-4.84418708795465
-5.33753808210516
-4.11087386433725
-4.11087386433725
-10.0504841388908
-7.94520113739858
-4.51085950684652
-4.11087386433725
-4.11087386433725
-5.60947179910437
-4.39444915590701
-5.21493576119594
-4.11087386433725
-4.11087386433725
-7.3185395555374
-9.84887296921907
-4.78749174403205
-4.11087386433725
-4.11087386433725
-6.71052311430017
-4.70953020428531
-4.20469261968947
-4.11087386433725
-4.11087386433725
-5.60211882434833
-7.14519613768644
-7.61726781683051
-4.11087386433725
-4.11087386433725
-10.29285716667
-7.54009032581483
-4.17438727066487
-4.11087386433725
-4.11087386433725
-4.64439090058368
-4.57471097932812
-4.73619844988572
-4.11087386433725
-4.11087386433725
-8.24617156622001
-9.53401681037121
-5.97380961415934
-4.11087386433725
-4.11087386433725
-5.56452041180545
-4.21950770576434
-4.56434819480117
-4.11087386433725
-4.11087386433725
-7.5336937146989
-9.03479580466507
-5.54126354766823
-4.11087386433725
-4.11087386433725
-9.77627899176067
-7.26961675409285
-4.15888308414092
-4.11087386433725
-22.5315546082896
-4.79579054873724
-4.84418708795465
-5.33753808210516
-4.11087386433725
-4.11087386433725
-10.0504841388908
-7.94520113739858
-4.51085950684652
-4.11087386433725
-4.11087386433725
-5.60947179910437
-4.39444915590701
-5.21493576119594
-4.11087386433725
-4.11087386433725
-7.3185395555374
-9.84887296921907
-4.78749174403205
-4.11087386433725
-4.11087386433725
-6.71052311430017
-4.70953020428531
-4.20469261968947
-4.11087386433725
-4.11087386433725
-5.60211882434833
-7.14519613768644
-7.61726781683051
-4.11087386433725
-4.11087386433725
-7.72790780920848
-5.34286574847861
-4.17438727066487
-4.11087386433725
-4.11087386433725
-4.64439090058368
-3.88156379876818
-4.73619844988572
-4.11087386433725
-4.11087386433725
-6.63673365378591
-7.74225734114315
-5.97380961415934
-4.11087386433725
-4.11087386433725
-5.56452041180545
-4.21950770576434
-4.56434819480117
-4.11087386433725
-4.11087386433725
-6.84054653413895
-7.42535789223096
-5.54126354766823
-4.11087386433725
-4.11087386433725
-7.47369389876663
-5.47785728486479
-4.15888308414092
-4.11087386433725
-4.11087386433725
-19.5788851329632
-4.15103990739471
-5.33753808210516
-4.11087386433725
-4.11087386433725
-8.95187185022268
-7.94520113739858
-4.51085950684652
-4.11087386433725
-4.11087386433725
-5.60947179910437
-4.39444915590701
-5.21493576119594
-4.11087386433725
-4.11087386433725
-6.62539237497745
-8.05711349999102
-4.78749174403205
-4.11087386433725
-4.11087386433725
-6.71052311430017
-4.70953020428531
-4.20469261968947
-4.11087386433725
-4.11087386433725
-4.50350653568023
-7.14519613768644
-7.61726781683051
-4.11087386433725
-4.11087386433725
-8.90656280555013
-6.84694314525488
-4.17438727066487
-4.11087386433725
-4.11087386433725
-4.64439090058368
-3.88156379876818
-4.04305126932578
-4.11087386433725
-4.11087386433725
-6.45441209699195
-7.74225734114315
-5.97380961415934
-4.11087386433725
-4.11087386433725
-5.56452041180545
-4.21950770576434
-4.56434819480117
-4.11087386433725
-4.11087386433725
-5.13579844190053
-6.39573847504981
-5.54126354766823
-4.11087386433725
-4.11087386433725
-9.77627899176067
-7.26961675409285
-4.15888308414092
-4.11087386433725
-4.11087386433725
-4.79579054873724
-20.3204288527406
-4.64439090154522
-4.11087386433725
-4.11087386433725
-8.44104622645669
-7.94520113739858
-4.51085950684652
-4.11087386433725
-4.11087386433725
-5.60947179910437
-4.39444915590701
-4.521788580636
-4.11087386433725
-4.11087386433725
-5.12131497820118
-8.05711349999102
-4.78749174403205
-4.11087386433725
-4.11087386433725
-6.71052311430017
-4.70953020428531
-4.20469261968947
-4.11087386433725
-4.11087386433725
-4.50350653568023
-6.4520489571265
-6.92412063627057
-4.11087386433725
-4.11087386433725
-7.72790780920848
-5.74833085658677
-4.17438727066487
-4.11087386433725
-4.11087386433725
-4.64439090058368
-4.57471097932812
-4.73619844988572
-4.11087386433725
-4.11087386433725
-5.41295822216379
-7.74225734114315
-5.28066243359939
-4.11087386433725
-4.11087386433725
-5.56452041180545
-4.21950770576434
-3.87120101424122
-4.11087386433725
-4.11087386433725
-6.84054653413895
-5.77669926664358
-5.54126354766823
-4.11087386433725
-4.11087386433725
-9.77627899176067
-7.26961675409285
-4.15888308414092
-4.11087386433725
-4.11087386433725
-4.79579054873724
-4.15103990739471
-19.8461958206294
-4.11087386433725
-4.11087386433725
-6.95944168553247
-5.54730586460021
-4.51085950684652
-4.11087386433725
-4.11087386433725
-5.60947179910437
-4.39444915590701
-5.21493576119594
-4.11087386433725
-4.11087386433725
-6.62539237497745
-7.01565962516286
-4.78749174403205
-4.11087386433725
-4.11087386433725
-5.61191082563207
-4.70953020428531
-4.20469261968947
-4.11087386433725
-4.11087386433725
-3.81035935512028
-3.92632031281824
-6.92412063627057
-4.11087386433725
-4.11087386433725
-10.29285716667
-7.54009032581483
-4.17438727066487
-4.11087386433725
-4.11087386433725
-4.64439090058368
-4.57471097932812
-4.73619844988572
-4.11087386433725
-4.11087386433725
-8.24617156622001
-9.53401681037121
-5.97380961415934
-4.11087386433725
-4.11087386433725
-5.56452041180545
-4.21950770576434
-4.56434819480117
-4.11087386433725
-4.11087386433725
-7.5336937146989
-9.03479580466507
-5.54126354766823
-4.11087386433725
-4.11087386433725
-9.77627899176067
-7.26961675409285
-4.15888308414092
-4.11087386433725
-4.11087386433725
-4.79579054873724
-4.84418708795465
-5.33753808210516
-22.5315546082896
-4.11087386433725
-10.0504841388908
-7.94520113739858
-4.51085950684652
-4.11087386433725
-4.11087386433725
-5.60947179910437
-4.39444915590701
-5.21493576119594
-4.11087386433725
-4.11087386433725
-7.3185395555374
-9.84887296921907
-4.78749174403205
-4.11087386433725
-4.11087386433725
-6.71052311430017
-4.70953020428531
-4.20469261968947
-4.11087386433725
-4.11087386433725
-5.60211882434833
-7.14519613768644
-7.61726781683051
-4.11087386433725
-4.11087386433725
-10.29285716667
-7.54009032581483
-4.17438727066487
-4.11087386433725
-4.11087386433725
-4.64439090058368
-4.57471097932812
-4.73619844988572
-4.11087386433725
-4.11087386433725
-8.24617156622001
-9.53401681037121
-5.97380961415934
-4.11087386433725
-4.11087386433725
-5.56452041180545
-4.21950770576434
-4.56434819480117
-4.11087386433725
-4.11087386433725
-7.5336937146989
-9.03479580466507
-5.54126354766823
-4.11087386433725
-4.11087386433725
-9.77627899176067
-7.26961675409285
-4.15888308414092
-4.11087386433725
-4.11087386433725
-4.79579054873724
-4.84418708795465
-5.33753808210516
-4.11087386433725
-22.5315546082896
-10.0504841388908
-7.94520113739858
-4.51085950684652
-4.11087386433725
-4.11087386433725
-5.60947179910437
-4.39444915590701
-5.21493576119594
-4.11087386433725
-4.11087386433725
-7.3185395555374
-9.84887296921907
-4.78749174403205
-4.11087386433725
-4.11087386433725
-6.71052311430017
-4.70953020428531
-4.20469261968947
-4.11087386433725
-4.11087386433725
-5.60211882434833
-7.14519613768644
-7.61726781683051
-4.11087386433725
-4.11087386433725
-1.25129053894252
-2.12844427395979
-4.17438727066487
-4.11087386433725
-4.11087386433725
-3.54577861191557
-3.18841661820823
-2.5389738725495
-4.11087386433725
-4.11087386433725
-1.38865750367462
-1.32253389392614
-1.84667522911425
-4.11087386433725
-4.11087386433725
-3.26193531881141
-3.5263605252044
-4.56434819480117
-4.11087386433725
-4.11087386433725
-3.34403897267247
-2.01281938159291
-2.49674110994481
-4.11087386433725
-4.11087386433725
-1.46832644648965
-2.23917883270041
-3.46573590358098
-4.11087386433725
-4.11087386433725
-4.10264336817729
-3.45789272683476
-2.07944154408368
-4.11087386433725
-4.11087386433725
-18.692447217263
-1.64993513595894
-2.20827441385247
-4.11087386433725
-4.11087386433725
-4.00003388667027
-4.39444915590701
-4.11632347252783
-4.11087386433725
-4.11087386433725
-2.40588466980135
-1.91149827305578
-2.59026716669583
-4.11087386433725
-4.11087386433725
-2.65008010375376
-4.70953020428531
-4.20469261968947
-4.11087386433725
-4.11087386433725
-3.40489424701212
-2.77574828521942
-1.65626247720724
-4.11087386433725
-4.11087386433725
-3.54292597288145
-2.72790597044241
-4.17438727066487
-4.11087386433725
-4.11087386433725
-3.54577861191557
-4.57471097932812
-3.34990408876583
-4.11087386433725
-4.11087386433725
-3.86414493154613
-3.84365735604715
-4.02789946510403
-4.11087386433725
-4.11087386433725
-3.7727609425774
-3.5263605252044
-4.56434819480117
-4.11087386433725
-4.11087386433725
-5.58778356564359
-4.44982832599449
-2.36320971732029
-4.11087386433725
-4.11087386433725
-4.59449544146859
-4.27388448053886
-4.15888308414092
-4.11087386433725
-4.11087386433725
-4.79579054873724
-4.84418708795465
-4.64439090154522
-4.11087386433725
-4.11087386433725
-3.52839134072064
-19.1166668242366
-3.41224721817841
-4.11087386433725
-4.11087386433725
-3.66356165004906
-2.44853900685169
-5.21493576119594
-4.11087386433725
-4.11087386433725
-4.54595083329762
-4.31548348049156
-2.84158159497673
-4.11087386433725
-4.11087386433725
-2.49101540912407
-3.32323584316542
-4.20469261968947
-4.11087386433725
-4.11087386433725
-3.99268091191423
-5.35343666845839
-4.15153191403078
-4.11087386433725
-4.11087386433725
-8.90656280555013
-5.46064878413499
-4.17438727066487
-4.11087386433725
-4.11087386433725
-4.64439090058368
-4.57471097932812
-4.04305126932578
-4.11087386433725
-4.11087386433725
-8.24617156622001
-9.53401681037121
-5.97380961415934
-4.11087386433725
-4.11087386433725
-5.56452041180545
-4.21950770576434
-4.56434819480117
-4.11087386433725
-4.11087386433725
-7.5336937146989
-9.03479580466507
-4.44265125900012
-4.11087386433725
-4.11087386433725
-9.08313181120073
-6.5764695735329
-4.15888308414092
-4.11087386433725
-4.11087386433725
-4.79579054873724
-4.84418708795465
-5.33753808210516
-4.11087386433725
-4.11087386433725
-9.35733695833084
-6.15344166817053
-21.8329279621308
-4.11087386433725
-4.11087386433725
-5.60947179910437
-3.70130197534706
-5.21493576119594
-4.11087386433725
-4.11087386433725
-5.7091016431033
-9.84887296921907
-4.78749174403205
-4.11087386433725
-4.11087386433725
-6.71052311430017
-3.10009229185121
-4.20469261968947
-4.11087386433725
-4.11087386433725
-5.60211882434833
-7.14519613768644
-7.61726781683051
-4.11087386433725
-4.11087386433725
-10.29285716667
-7.54009032581483
-4.17438727066487
-4.11087386433725
-4.11087386433725
-4.64439090058368
-4.57471097932812
-4.73619844988572
-4.11087386433725
-4.11087386433725
-8.24617156622001
-9.53401681037121
-5.97380961415934
-4.11087386433725
-4.11087386433725
-5.56452041180545
-4.21950770576434
-4.56434819480117
-4.11087386433725
-4.11087386433725
-7.5336937146989
-9.03479580466507
-5.54126354766823
-4.11087386433725
-4.11087386433725
-9.77627899176067
-7.26961675409285
-4.15888308414092
-4.11087386433725
-4.11087386433725
-4.79579054873724
-4.84418708795465
-5.33753808210516
-4.11087386433725
-4.11087386433725
-10.0504841388908
-7.94520113739858
-4.51085950684652
-22.5315546082896
-4.11087386433725
-5.60947179910437
-4.39444915590701
-5.21493576119594
-4.11087386433725
-4.11087386433725
-7.3185395555374
-9.84887296921907
-4.78749174403205
-4.11087386433725
-4.11087386433725
-6.71052311430017
-4.70953020428531
-4.20469261968947
-4.11087386433725
-4.11087386433725
-5.60211882434833
-7.14519613768644
-7.61726781683051
-4.11087386433725
-4.11087386433725
-10.29285716667
-7.54009032581483
-4.17438727066487
-4.11087386433725
-4.11087386433725
-4.64439090058368
-4.57471097932812
-4.73619844988572
-4.11087386433725
-4.11087386433725
-8.24617156622001
-9.53401681037121
-5.97380961415934
-4.11087386433725
-4.11087386433725
-5.56452041180545
-4.21950770576434
-4.56434819480117
-4.11087386433725
-4.11087386433725
-7.5336937146989
-9.03479580466507
-5.54126354766823
-4.11087386433725
-4.11087386433725
-9.77627899176067
-7.26961675409285
-4.15888308414092
-4.11087386433725
-4.11087386433725
-4.79579054873724
-4.84418708795465
-5.33753808210516
-4.11087386433725
-4.11087386433725
-10.0504841388908
-7.94520113739858
-4.51085950684652
-4.11087386433725
-22.5315546082896
-5.60947179910437
-4.39444915590701
-5.21493576119594
-4.11087386433725
-4.11087386433725
-7.3185395555374
-9.84887296921907
-4.78749174403205
-4.11087386433725
-4.11087386433725
-6.71052311430017
-4.70953020428531
-4.20469261968947
-4.11087386433725
-4.11087386433725
-5.60211882434833
-7.14519613768644
-7.61726781683051
-4.11087386433725
-4.11087386433725
-6.79634960520354
-4.20788581563962
-4.17438727066487
-4.11087386433725
-4.11087386433725
-2.44716632324746
-4.57471097932812
-4.73619844988572
-4.11087386433725
-4.11087386433725
-7.55302438566006
-6.27592027234972
-4.87519732549123
-4.11087386433725
-4.11087386433725
-3.61861026275014
-4.21950770576434
-4.56434819480117
-4.11087386433725
-4.11087386433725
-5.33646913736268
-6.6369005318667
-4.84811636710829
-4.11087386433725
-4.11087386433725
-7.29137234197267
-4.87172148129448
-4.15888308414092
-4.11087386433725
-4.11087386433725
-4.79579054873724
-4.84418708795465
-5.33753808210516
-4.11087386433725
-4.11087386433725
-6.75464727288646
-5.99929098834327
-4.51085950684652
-4.11087386433725
-4.11087386433725
-19.3573237085948
-3.2958368672389
-4.521788580636
-4.11087386433725
-4.11087386433725
-6.62539237497745
-6.80435053149565
-4.0943445634721
-4.11087386433725
-4.11087386433725
-5.32422875318028
-4.70953020428531
-4.20469261968947
-4.11087386433725
-4.11087386433725
-5.60211882434833
-5.53575822525234
-5.82550834760246
-4.11087386433725
-4.11087386433725
-9.59970998611007
-7.54009032581483
-4.17438727066487
-4.11087386433725
-4.11087386433725
-4.64439090058368
-4.57471097932812
-4.73619844988572
-4.11087386433725
-4.11087386433725
-8.24617156622001
-9.53401681037121
-5.97380961415934
-4.11087386433725
-4.11087386433725
-5.56452041180545
-4.21950770576434
-4.56434819480117
-4.11087386433725
-4.11087386433725
-7.5336937146989
-7.64850144354518
-5.54126354766823
-4.11087386433725
-4.11087386433725
-9.77627899176067
-5.66017884165875
-4.15888308414092
-4.11087386433725
-4.11087386433725
-4.79579054873724
-4.15103990739471
-4.64439090154522
-4.11087386433725
-4.11087386433725
-10.0504841388908
-6.84658884873047
-4.51085950684652
-4.11087386433725
-4.11087386433725
-4.91632461854443
-20.5125448068653
-5.21493576119594
-4.11087386433725
-4.11087386433725
-6.62539237497745
-9.84887296921907
-4.78749174403205
-4.11087386433725
-4.11087386433725
-6.71052311430017
-4.01638302372536
-4.20469261968947
-4.11087386433725
-4.11087386433725
-4.90897164378839
-6.4520489571265
-7.61726781683051
-4.11087386433725
-4.11087386433725
-8.68341925423592
-7.54009032581483
-4.17438727066487
-4.11087386433725
-4.11087386433725
-4.64439090058368
-2.96527306689402
-4.73619844988572
-4.11087386433725
-4.11087386433725
-6.30026141716469
-5.79634719208784
-5.97380961415934
-4.11087386433725
-4.11087386433725
-5.56452041180545
-4.21950770576434
-3.87120101424122
-4.11087386433725
-4.11087386433725
-5.13579844190053
-9.03479580466507
-4.84811636710829
-4.11087386433725
-4.11087386433725
-8.38998463064078
-5.88332239297296
-4.15888308414092
-4.11087386433725
-4.11087386433725
-4.79579054873724
-3.74557479928655
-5.33753808210516
-4.11087386433725
-4.11087386433725
-8.95187185022268
-7.94520113739858
-4.51085950684652
-4.11087386433725
-4.11087386433725
-4.91632461854443
-3.2958368672389
-19.4459617631219
-4.11087386433725
-4.11087386433725
-4.92064428273903
-6.3523654077526
-4.78749174403205
-4.11087386433725
-4.11087386433725
-6.71052311430017
-4.70953020428531
-4.20469261968947
-4.11087386433725
-4.11087386433725
-5.60211882434833
-5.75890177656655
-5.82550834760246
-4.11087386433725
-4.11087386433725
-10.29285716667
-7.54009032581483
-4.17438727066487
-4.11087386433725
-4.11087386433725
-4.64439090058368
-4.57471097932812
-4.73619844988572
-4.11087386433725
-4.11087386433725
-8.24617156622001
-9.53401681037121
-5.97380961415934
-4.11087386433725
-4.11087386433725
-5.56452041180545
-4.21950770576434
-4.56434819480117
-4.11087386433725
-4.11087386433725
-7.5336937146989
-9.03479580466507
-5.54126354766823
-4.11087386433725
-4.11087386433725
-9.77627899176067
-7.26961675409285
-4.15888308414092
-4.11087386433725
-4.11087386433725
-4.79579054873724
-4.84418708795465
-5.33753808210516
-4.11087386433725
-4.11087386433725
-10.0504841388908
-7.94520113739858
-4.51085950684652
-4.11087386433725
-4.11087386433725
-5.60947179910437
-4.39444915590701
-5.21493576119594
-22.5315546082896
-4.11087386433725
-7.3185395555374
-9.84887296921907
-4.78749174403205
-4.11087386433725
-4.11087386433725
-6.71052311430017
-4.70953020428531
-4.20469261968947
-4.11087386433725
-4.11087386433725
-5.60211882434833
-7.14519613768644
-7.61726781683051
-4.11087386433725
-4.11087386433725
-10.29285716667
-7.54009032581483
-4.17438727066487
-4.11087386433725
-4.11087386433725
-4.64439090058368
-4.57471097932812
-4.73619844988572
-4.11087386433725
-4.11087386433725
-8.24617156622001
-9.53401681037121
-5.97380961415934
-4.11087386433725
-4.11087386433725
-5.56452041180545
-4.21950770576434
-4.56434819480117
-4.11087386433725
-4.11087386433725
-7.5336937146989
-9.03479580466507
-5.54126354766823
-4.11087386433725
-4.11087386433725
-9.77627899176067
-7.26961675409285
-4.15888308414092
-4.11087386433725
-4.11087386433725
-4.79579054873724
-4.84418708795465
-5.33753808210516
-4.11087386433725
-4.11087386433725
-10.0504841388908
-7.94520113739858
-4.51085950684652
-4.11087386433725
-4.11087386433725
-5.60947179910437
-4.39444915590701
-5.21493576119594
-4.11087386433725
-22.5315546082896
-7.3185395555374
-9.84887296921907
-4.78749174403205
-4.11087386433725
-4.11087386433725
-6.71052311430017
-4.70953020428531
-4.20469261968947
-4.11087386433725
-4.11087386433725
-5.60211882434833
-7.14519613768644
-7.61726781683051
-4.11087386433725
-4.11087386433725
-4.98458946926881
-5.14219505301646
-4.17438727066487
-4.11087386433725
-4.11087386433725
-2.85263143135563
-2.78295151010007
-2.17124909242419
-4.11087386433725
-4.11087386433725
-3.33351668048396
-4.30290819351662
-5.97380961415934
-4.11087386433725
-4.11087386433725
-4.46590812313734
-4.21950770576434
-2.95491028236707
-4.11087386433725
-4.11087386433725
-3.28519847264954
-3.56673566352993
-3.34403897033201
-4.11087386433725
-4.11087386433725
-6.68523653840236
-5.88332239297296
-4.15888308414092
-4.11087386433725
-4.11087386433725
-4.79579054873724
-2.76474554627482
-4.23892579343705
-4.11087386433725
-4.11087386433725
-5.13782925315474
-3.78631805403891
-4.51085950684652
-4.11087386433725
-4.11087386433725
-5.60947179910437
-3.70130197534706
-3.82864140007605
-4.11087386433725
-4.11087386433725
-18.7817229286128
-4.24675414833937
-4.0943445634721
-4.11087386433725
-4.11087386433725
-4.63108157262034
-4.70953020428531
-4.20469261968947
-4.11087386433725
-4.11087386433725
-3.99268091191423
-4.10067369996302
-4.24997198684404
-4.11087386433725
-4.11087386433725
-1.84437117326357
-3.33539770642386
-3.48124009010492
-4.11087386433725
-4.11087386433725
-3.54577861191557
-3.47609869066002
-3.12676053745162
-4.11087386433725
-4.11087386433725
-1.61153820835832
-1.47347676383257
-2.2849301600454
-4.11087386433725
-4.11087386433725
-2.99957105434392
-4.21950770576434
-1.92529086518591
-4.11087386433725
-4.11087386433725
-0.700661981912699
-1.0804235321332
-2.45022109430992
-4.11087386433725
-4.11087386433725
-2.60462216899216
-2.97915731294446
-4.15888308414092
-4.11087386433725
-4.11087386433725
-2.49320545574319
-2.2051297583394
-2.34180580855117
-4.11087386433725
-4.11087386433725
-1.9397565559163
-2.55157359104622
-3.41224721817841
-4.11087386433725
-4.11087386433725
-2.35137526108289
-4.39444915590701
-1.40827327142562
-4.11087386433725
-4.11087386433725
-1.65905733977778
-18.4250733412153
-2.70805020235221
-4.11087386433725
-4.11087386433725
-2.92633348038191
-2.91777073505725
-3.51154543912953
-4.11087386433725
-4.11087386433725
-2.01859988589222
-1.17393429789598
-2.05658618581498
-4.11087386433725
-4.11087386433725
-8.90656280555013
-5.46064878413499
-4.17438727066487
-4.11087386433725
-4.11087386433725
-4.64439090058368
-4.57471097932812
-4.73619844988572
-4.11087386433725
-4.11087386433725
-6.30026141716469
-7.33679223303499
-5.97380961415934
-4.11087386433725
-4.11087386433725
-5.56452041180545
-4.21950770576434
-4.56434819480117
-4.11087386433725
-4.11087386433725
-7.5336937146989
-8.34164862410512
-5.54126354766823
-4.11087386433725
-4.11087386433725
-8.16684107932657
-7.26961675409285
-4.15888308414092
-4.11087386433725
-4.11087386433725
-3.69717826006913
-4.84418708795465
-5.33753808210516
-4.11087386433725
-4.11087386433725
-8.10457398983548
-6.33576322496448
-4.51085950684652
-4.11087386433725
-4.11087386433725
-5.60947179910437
-4.39444915590701
-5.21493576119594
-4.11087386433725
-4.11087386433725
-7.3185395555374
-7.28392361175754
-20.5001222868822
-4.11087386433725
-4.11087386433725
-4.76461296524486
-4.70953020428531
-4.20469261968947
-4.11087386433725
-4.11087386433725
-5.60211882434833
-7.14519613768644
-7.61726781683051
-4.11087386433725
-4.11087386433725
-10.29285716667
-7.54009032581483
-4.17438727066487
-4.11087386433725
-4.11087386433725
-4.64439090058368
-4.57471097932812
-4.73619844988572
-4.11087386433725
-4.11087386433725
-8.24617156622001
-9.53401681037121
-5.97380961415934
-4.11087386433725
-4.11087386433725
-5.56452041180545
-4.21950770576434
-4.56434819480117
-4.11087386433725
-4.11087386433725
-7.5336937146989
-9.03479580466507
-5.54126354766823
-4.11087386433725
-4.11087386433725
-9.77627899176067
-7.26961675409285
-4.15888308414092
-4.11087386433725
-4.11087386433725
-4.79579054873724
-4.84418708795465
-5.33753808210516
-4.11087386433725
-4.11087386433725
-10.0504841388908
-7.94520113739858
-4.51085950684652
-4.11087386433725
-4.11087386433725
-5.60947179910437
-4.39444915590701
-5.21493576119594
-4.11087386433725
-4.11087386433725
-7.3185395555374
-9.84887296921907
-4.78749174403205
-22.5315546082896
-4.11087386433725
-6.71052311430017
-4.70953020428531
-4.20469261968947
-4.11087386433725
-4.11087386433725
-5.60211882434833
-7.14519613768644
-7.61726781683051
-4.11087386433725
-4.11087386433725
-10.29285716667
-7.54009032581483
-4.17438727066487
-4.11087386433725
-4.11087386433725
-4.64439090058368
-4.57471097932812
-4.73619844988572
-4.11087386433725
-4.11087386433725
-8.24617156622001
-9.53401681037121
-5.97380961415934
-4.11087386433725
-4.11087386433725
-5.56452041180545
-4.21950770576434
-4.56434819480117
-4.11087386433725
-4.11087386433725
-7.5336937146989
-9.03479580466507
-5.54126354766823
-4.11087386433725
-4.11087386433725
-9.77627899176067
-7.26961675409285
-4.15888308414092
-4.11087386433725
-4.11087386433725
-4.79579054873724
-4.84418708795465
-5.33753808210516
-4.11087386433725
-4.11087386433725
-10.0504841388908
-7.94520113739858
-4.51085950684652
-4.11087386433725
-4.11087386433725
-5.60947179910437
-4.39444915590701
-5.21493576119594
-4.11087386433725
-4.11087386433725
-7.3185395555374
-9.84887296921907
-4.78749174403205
-4.11087386433725
-22.5315546082896
-6.71052311430017
-4.70953020428531
-4.20469261968947
-4.11087386433725
-4.11087386433725
-5.60211882434833
-7.14519613768644
-7.61726781683051
-4.11087386433725
-4.11087386433725
-5.00459013597548
-3.68994272410477
-4.17438727066487
-4.11087386433725
-4.11087386433725
-4.64439090058368
-4.57471097932812
-4.73619844988572
-4.11087386433725
-4.11087386433725
-6.16673002454017
-5.16456895790419
-4.58751525303945
-4.11087386433725
-4.11087386433725
-1.90095876567581
-4.21950770576434
-4.56434819480117
-4.11087386433725
-4.11087386433725
-6.84054653413895
-6.20158246060885
-3.34403897033201
-4.11087386433725
-4.11087386433725
-5.10345015729877
-4.05074092922465
-4.15888308414092
-4.11087386433725
-4.11087386433725
-4.10264336817729
-4.84418708795465
-5.33753808210516
-4.11087386433725
-4.11087386433725
-6.24382164912047
-3.33008062055733
-4.51085950684652
-4.11087386433725
-4.11087386433725
-2.66503281993793
-4.39444915590701
-5.21493576119594
-4.11087386433725
-4.11087386433725
-4.67948222592214
-6.38313706641935
-4.78749174403205
-4.11087386433725
-4.11087386433725
-19.1447518529681
-2.63008866260547
-4.20469261968947
-4.11087386433725
-4.11087386433725
-5.60211882434833
-5.75890177656655
-5.82550834760246
-4.11087386433725
-4.11087386433725
-8.3469470176147
-6.15379596469494
-4.17438727066487
-4.11087386433725
-4.11087386433725
-4.64439090058368
-4.57471097932812
-4.73619844988572
-4.11087386433725
-4.11087386433725
-8.24617156622001
-7.92457889793711
-5.97380961415934
-4.11087386433725
-4.11087386433725
-4.17822605068556
-4.21950770576434
-4.56434819480117
-4.11087386433725
-4.11087386433725
-7.5336937146989
-9.03479580466507
-4.15496918654834
-4.11087386433725
-4.11087386433725
-7.98451952253262
-5.66017884165875
-4.15888308414092
-4.11087386433725
-4.11087386433725
-4.79579054873724
-4.84418708795465
-5.33753808210516
-4.11087386433725
-4.11087386433725
-7.74789904589674
-6.55890677627869
-3.41224721817841
-4.11087386433725
-4.11087386433725
-4.91632461854443
-4.39444915590701
-5.21493576119594
-4.11087386433725
-4.11087386433725
-7.3185395555374
-9.15572578865913
-4.78749174403205
-4.11087386433725
-4.11087386433725
-4.63108157262034
-19.6337033867712
-4.20469261968947
-4.11087386433725
-4.11087386433725
-5.60211882434833
-7.14519613768644
-7.61726781683051
-4.11087386433725
-4.11087386433725
-10.29285716667
-7.54009032581483
-4.17438727066487
-4.11087386433725
-4.11087386433725
-4.64439090058368
-4.57471097932812
-4.73619844988572
-4.11087386433725
-4.11087386433725
-8.24617156622001
-9.53401681037121
-5.97380961415934
-4.11087386433725
-4.11087386433725
-5.56452041180545
-4.21950770576434
-4.56434819480117
-4.11087386433725
-4.11087386433725
-6.43508142603079
-9.03479580466507
-5.54126354766823
-4.11087386433725
-4.11087386433725
-9.08313181120073
-7.26961675409285
-4.15888308414092
-4.11087386433725
-4.11087386433725
-3.69717826006913
-4.84418708795465
-5.33753808210516
-4.11087386433725
-4.11087386433725
-10.0504841388908
-7.94520113739858
-4.51085950684652
-4.11087386433725
-4.11087386433725
-5.60947179910437
-4.39444915590701
-5.21493576119594
-4.11087386433725
-4.11087386433725
-7.3185395555374
-9.84887296921907
-4.78749174403205
-4.11087386433725
-4.11087386433725
-6.71052311430017
-4.70953020428531
-21.9322261830819
-4.11087386433725
-4.11087386433725
-5.60211882434833
-7.14519613768644
-7.61726781683051
-4.11087386433725
-4.11087386433725
-10.29285716667
-7.54009032581483
-4.17438727066487
-4.11087386433725
-4.11087386433725
-4.64439090058368
-4.57471097932812
-4.73619844988572
-4.11087386433725
-4.11087386433725
-8.24617156622001
-9.53401681037121
-5.97380961415934
-4.11087386433725
-4.11087386433725
-5.56452041180545
-4.21950770576434
-4.56434819480117
-4.11087386433725
-4.11087386433725
-7.5336937146989
-9.03479580466507
-5.54126354766823
-4.11087386433725
-4.11087386433725
-9.77627899176067
-7.26961675409285
-4.15888308414092
-4.11087386433725
-4.11087386433725
-4.79579054873724
-4.84418708795465
-5.33753808210516
-4.11087386433725
-4.11087386433725
-10.0504841388908
-7.94520113739858
-4.51085950684652
-4.11087386433725
-4.11087386433725
-5.60947179910437
-4.39444915590701
-5.21493576119594
-4.11087386433725
-4.11087386433725
-7.3185395555374
-9.84887296921907
-4.78749174403205
-4.11087386433725
-4.11087386433725
-6.71052311430017
-4.70953020428531
-4.20469261968947
-22.5315546082896
-4.11087386433725
-5.60211882434833
-7.14519613768644
-7.61726781683051
-4.11087386433725
-4.11087386433725
-10.29285716667
-7.54009032581483
-4.17438727066487
-4.11087386433725
-4.11087386433725
-4.64439090058368
-4.57471097932812
-4.73619844988572
-4.11087386433725
-4.11087386433725
-8.24617156622001
-9.53401681037121
-5.97380961415934
-4.11087386433725
-4.11087386433725
-5.56452041180545
-4.21950770576434
-4.56434819480117
-4.11087386433725
-4.11087386433725
-7.5336937146989
-9.03479580466507
-5.54126354766823
-4.11087386433725
-4.11087386433725
-9.77627899176067
-7.26961675409285
-4.15888308414092
-4.11087386433725
-4.11087386433725
-4.79579054873724
-4.84418708795465
-5.33753808210516
-4.11087386433725
-4.11087386433725
-10.0504841388908
-7.94520113739858
-4.51085950684652
-4.11087386433725
-4.11087386433725
-5.60947179910437
-4.39444915590701
-5.21493576119594
-4.11087386433725
-4.11087386433725
-7.3185395555374
-9.84887296921907
-4.78749174403205
-4.11087386433725
-4.11087386433725
-6.71052311430017
-4.70953020428531
-4.20469261968947
-4.11087386433725
-22.5315546082896
-5.60211882434833
-7.14519613768644
-7.61726781683051
-4.11087386433725
-4.11087386433725
-6.36103153394569
-6.84694314525488
-4.17438727066487
-4.11087386433725
-4.11087386433725
-4.64439090058368
-4.57471097932812
-4.04305126932578
-4.11087386433725
-4.11087386433725
-5.68122220875847
-7.92457889793711
-5.28066243359939
-4.11087386433725
-4.11087386433725
-4.87137323124551
-4.21950770576434
-3.46573590613306
-4.11087386433725
-4.11087386433725
-5.45425217301906
-6.32674560356286
-4.84811636710829
-4.11087386433725
-4.11087386433725
-7.98451952253262
-6.5764695735329
-4.15888308414092
-4.11087386433725
-4.11087386433725
-3.69717826006913
-3.23474917552055
-2.62948788100295
-4.11087386433725
-4.11087386433725
-7.65258886609242
-7.94520113739858
-4.51085950684652
-4.11087386433725
-4.11087386433725
-5.60947179910437
-2.60268968667895
-4.11632347252783
-4.11087386433725
-4.11087386433725
-5.37262940648208
-5.91704733649475
-4.0943445634721
-4.11087386433725
-4.11087386433725
-6.71052311430017
-4.70953020428531
-3.51154543912953
-4.11087386433725
-4.11087386433725
-19.4795047860307
-4.43714593658423
-6.5186555281624
-4.11087386433725
-4.11087386433725
-5.0147425074395
-6.15379596469494
-4.17438727066487
-4.11087386433725
-4.11087386433725
-3.54577861191557
-2.49526943764829
-4.04305126932578
-4.11087386433725
-4.11087386433725
-3.73531205970316
-5.09136555388089
-5.97380961415934
-4.11087386433725
-4.11087386433725
-5.56452041180545
-4.21950770576434
-4.56434819480117
-4.11087386433725
-4.11087386433725
-3.74950408078064
-3.94719946943268
-4.84811636710829
-4.11087386433725
-4.11087386433725
-6.44407448158547
-7.26961675409285
-4.15888308414092
-4.11087386433725
-4.11087386433725
-4.79579054873724
-3.0524276187266
-2.56494935986538
-4.11087386433725
-4.11087386433725
-5.00705902197154
-5.99929098834327
-4.51085950684652
-4.11087386433725
-4.11087386433725
-4.22317743798448
-4.39444915590701
-3.60549784876184
-4.11087386433725
-4.11087386433725
-4.32280728198341
-4.06504778688934
-4.78749174403205
-4.11087386433725
-4.11087386433725
-5.61191082563207
-4.70953020428531
-4.20469261968947
-4.11087386433725
-4.11087386433725
-3.20422355154996
-19.7339944043553
-3.9036957501262
-4.11087386433725
-4.11087386433725
-4.25022433298764
-3.38120724245515
-4.17438727066487
-4.11087386433725
-4.11087386433725
-4.64439090058368
-4.57471097932812
-4.73619844988572
-4.11087386433725
-4.11087386433725
-5.06811773587206
-4.51673697355628
-4.36437170172524
-4.11087386433725
-4.11087386433725
-5.56452041180545
-4.21950770576434
-4.56434819480117
-4.11087386433725
-4.11087386433725
-3.97834565320949
-3.51734290820036
-4.15496918654834
-4.11087386433725
-4.11087386433725
-3.9802212409953
-4.1341225381637
-4.15888308414092
-4.11087386433725
-4.11087386433725
-4.79579054873724
-4.15103990739471
-4.23892579343705
-4.11087386433725
-4.11087386433725
-4.28216314309702
-4.4486935759321
-3.81771232628657
-4.11087386433725
-4.11087386433725
-3.66356165004906
-4.39444915590701
-4.11632347252783
-4.11087386433725
-4.11087386433725
-4.42816779764123
-4.21766118739771
-4.0943445634721
-4.11087386433725
-4.11087386433725
-6.71052311430017
-4.70953020428531
-4.20469261968947
-4.11087386433725
-4.11087386433725
-3.99268091191423
-2.89670089563709
-19.5594389185743
-4.11087386433725
-4.11087386433725
-10.29285716667
-7.54009032581483
-4.17438727066487
-4.11087386433725
-4.11087386433725
-4.64439090058368
-4.57471097932812
-4.73619844988572
-4.11087386433725
-4.11087386433725
-8.24617156622001
-9.53401681037121
-5.97380961415934
-4.11087386433725
-4.11087386433725
-5.56452041180545
-4.21950770576434
-4.56434819480117
-4.11087386433725
-4.11087386433725
-7.5336937146989
-9.03479580466507
-5.54126354766823
-4.11087386433725
-4.11087386433725
-9.77627899176067
-7.26961675409285
-4.15888308414092
-4.11087386433725
-4.11087386433725
-4.79579054873724
-4.84418708795465
-5.33753808210516
-4.11087386433725
-4.11087386433725
-10.0504841388908
-7.94520113739858
-4.51085950684652
-4.11087386433725
-4.11087386433725
-5.60947179910437
-4.39444915590701
-5.21493576119594
-4.11087386433725
-4.11087386433725
-7.3185395555374
-9.84887296921907
-4.78749174403205
-4.11087386433725
-4.11087386433725
-6.71052311430017
-4.70953020428531
-4.20469261968947
-4.11087386433725
-4.11087386433725
-5.60211882434833
-7.14519613768644
-7.61726781683051
-22.5315546082896
-4.11087386433725
-10.29285716667
-7.54009032581483
-4.17438727066487
-4.11087386433725
-4.11087386433725
-4.64439090058368
-4.57471097932812
-4.73619844988572
-4.11087386433725
-4.11087386433725
-8.24617156622001
-9.53401681037121
-5.97380961415934
-4.11087386433725
-4.11087386433725
-5.56452041180545
-4.21950770576434
-4.56434819480117
-4.11087386433725
-4.11087386433725
-7.5336937146989
-9.03479580466507
-5.54126354766823
-4.11087386433725
-4.11087386433725
-9.77627899176067
-7.26961675409285
-4.15888308414092
-4.11087386433725
-4.11087386433725
-4.79579054873724
-4.84418708795465
-5.33753808210516
-4.11087386433725
-4.11087386433725
-10.0504841388908
-7.94520113739858
-4.51085950684652
-4.11087386433725
-4.11087386433725
-5.60947179910437
-4.39444915590701
-5.21493576119594
-4.11087386433725
-4.11087386433725
-7.3185395555374
-9.84887296921907
-4.78749174403205
-4.11087386433725
-4.11087386433725
-6.71052311430017
-4.70953020428531
-4.20469261968947
-4.11087386433725
-4.11087386433725
-5.60211882434833
-7.14519613768644
-7.61726781683051
-4.11087386433725
-22.5315546082896
60
-3.62082422120895
-4.70687698175861
-4.17438727066487
-4.11087386433725
-4.11087386433725
-4.64439090058368
-3.88156379876818
-4.04305126932578
-4.11087386433725
-4.11087386433725
-4.81218436173486
-5.3145091051951
-4.87519732549123
-4.11087386433725
-4.11087386433725
-4.46590812313734
-4.21950770576434
-4.56434819480117
-4.11087386433725
-4.11087386433725
-4.82564351359669
-5.2506061707468
-4.84811636710829
-4.11087386433725
-4.11087386433725
-5.41957016507108
-4.87172148129448
-4.15888308414092
-4.11087386433725
-4.11087386433725
-4.79579054873724
-3.74557479928655
-4.64439090154522
-4.11087386433725
-4.11087386433725
-4.63883808703575
-4.47946523459886
-4.51085950684652
-4.11087386433725
-4.11087386433725
-4.91632461854443
-4.39444915590701
-5.21493576119594
-4.11087386433725
-4.11087386433725
-3.73502061708129
-4.58618278031419
-4.78749174403205
-4.11087386433725
-4.11087386433725
-5.32422875318028
-4.70953020428531
-4.20469261968947
-4.11087386433725
-4.11087386433725
-3.99268091191423
-4.94797156035023
-5.6713576677752
-4.11087386433725
-4.11087386433725
